D10
~A140
-3.5794 3.6273 11.5404
-3.1868 3.3783 8.6218
-3.3089 3.4621 8.5021
-3.4023 3.4765 8.5715
-3.4525 3.5292 8.5619
-3.4549 3.5076 8.3800
-3.4262 3.5052 8.0663
-3.3903 3.5363 7.8317
-3.2538 3.4932 7.7886
-3.1197 3.5124 7.9562
-3.0719 3.5435 8.2579
-3.0910 3.5531 8.6984
-3.0599 3.5579 8.8325
-3.0312 3.5435 8.6936
-3.0599 3.5028 8.4446
-3.0958 3.4262 8.3057
-3.1437 3.5124 8.2411
-3.0934 3.5531 8.1549
-2.9665 3.5699 8.1573
-2.9904 3.5627 8.2124
-2.9976 3.5675 8.2602
-2.9114 3.5316 8.3177
-2.7654 3.4837 8.3225
-2.5403 3.5675 8.3560
-2.4948 3.5387 8.5643
-2.5619 3.4909 8.8684
-2.7055 3.5172 9.0528
-2.8013 3.5363 8.9977
-2.7941 3.5914 8.8852
-2.7774 3.6465 8.7343
-2.7391 3.7039 8.5619
-2.7199 3.6824 8.5643
-2.7007 3.6417 8.6457
-2.6600 3.6297 8.9690
-2.6648 3.4909 9.4095
-2.6936 3.5076 9.8165
-2.5978 3.5770 9.8692
-2.6145 3.5747 9.8884
-2.7845 3.7494 9.4765
-2.7558 3.8524 9.1485
-2.3416 3.6872 9.3760
-2.1189 4.1086 8.6721
-1.8604 4.4486 8.2674
-1.7622 4.6784 7.8963
-1.6616 4.9346 7.9011
-1.4342 5.1070 7.6737
-1.2235 5.1908 7.4534
-1.2426 5.0423 7.2259
-1.5395 5.0208 6.9889
-1.9968 4.9322 6.7255
-2.3248 4.9059 6.7710
-2.2817 4.9992 6.9218
-1.9753 5.0471 7.2355
-1.4198 5.0447 7.8173
-1.0726 4.9801 8.3536
-1.0774 4.9394 8.4638
-1.6712 4.8939 8.2818
-2.2482 4.8963 8.0256
-2.4637 4.9178 7.7718
-2.5403 5.0064 7.6066
-2.5667 5.0471 7.6377
-2.5212 5.1477 7.9729
-2.2482 5.2483 8.4638
-2.0160 5.3129 8.7726
-2.0495 5.2530 8.8085
-2.4254 5.1908 8.6074
-2.6792 5.1788 8.4638
-2.8133 5.0878 8.4757
-2.8540 4.9945 8.5907
-2.7702 4.9585 8.7774
-2.6672 4.8652 8.9235
-2.5499 4.8101 9.0073
-2.3727 4.7885 9.0049
-2.1596 4.7502 8.6433
-2.2027 4.7143 8.2195
-2.4493 4.7048 7.8987
-2.6433 4.6473 7.7694
-2.7654 4.6066 7.6665
-2.8540 4.5970 7.6090
-2.9450 4.6880 7.5563
-2.8636 4.8388 7.6186
-2.5451 4.9873 7.8221
-2.2219 5.0208 8.0160
-2.0351 5.0471 8.0615
-1.8723 5.1429 8.1549
-1.8891 5.1645 8.2794
-1.9681 5.1764 8.3010
-2.1189 5.1573 8.1764
-2.3727 5.1764 8.0519
-2.4446 5.1932 8.0448
-2.5044 5.2411 8.0041
-2.1309 5.4135 8.2363
-1.8556 5.4973 8.3417
-1.6544 5.5954 8.4590
-1.6736 5.6409 8.6625
-1.7478 5.6026 8.7702
-1.8029 5.6194 8.6194
-1.9442 5.6194 8.4590
-2.0639 5.6481 8.3321
-1.9226 5.5811 8.5332
-1.6592 5.5308 8.9211
-1.3839 5.4733 9.2754
-1.1852 5.3464 9.4550
-1.1493 5.2722 9.5077
-1.5156 5.4182 9.0384
-1.8795 5.5547 8.5619
-2.0256 5.6194 8.1669
-1.6544 5.6026 8.0256
-0.7470 5.4494 8.1980
0.2610 5.2387 8.9187
0.7470 5.0567 9.6489
0.9649 4.5994 10.7694
1.0343 4.3384 11.1765
0.6465 3.7087 11.5213
0.0287 3.5148 11.0208
-0.2179 3.5507 10.3696
-0.1628 3.5363 9.7088
0.4573 3.5363 9.5077
1.0224 3.4525 9.5460
1.5539 3.4502 9.8189
1.8532 3.5555 10.0464
2.0399 3.6273 10.1398
2.0758 3.6369 10.0512
1.8340 3.5770 9.6801
1.4988 3.6608 9.2682
1.1732 3.6752 8.8923
0.6656 3.6177 8.2698
0.4501 3.6417 7.9155
0.3352 3.7518 7.6018
0.2155 3.7901 7.3408
0.0575 3.8691 7.2858
-0.0383 4.0248 7.3193
-0.1532 4.2858 7.6425
-0.1413 4.2953 7.6832
0.0096 4.5156 8.3345
0.0646 4.5635 8.4853
0.4621 4.8005 8.7894
0.6824 4.9226 8.7918
0.7710 4.9897 8.7056
0.7925 5.0998 8.3608
~M140
1944.0599 -757.2000 1767.8999
1943.8800 -756.7200 1767.7200
1943.8199 -756.3000 1766.8800
1943.5800 -756.1800 1766.5800
1943.2200 -756.4800 1766.8800
1943.1000 -756.7800 1766.6400
1943.0399 -756.4800 1765.9199
1943.1599 -756.4200 1766.2799
1942.7999 -756.3000 1766.7600
1943.5199 -755.5200 1767.1799
1943.4600 -755.3400 1767.1799
1943.0399 -755.4600 1766.1599
1943.0399 -755.8200 1766.1000
1942.6200 -755.7000 1766.4600
1942.3800 -756.1200 1766.2799
1942.8600 -756.1200 1766.4600
1943.2200 -756.6600 1766.7000
1943.1000 -756.6000 1766.7600
1942.4399 -756.9000 1765.8600
1941.9600 -757.5000 1765.3800
1941.6599 -758.5800 1765.5000
1941.1200 -759.5400 1765.7999
1940.8800 -759.9600 1765.8600
1940.4600 -760.5600 1765.1400
1939.7400 -761.5800 1764.6000
1939.1400 -761.9400 1764.7200
1939.2600 -761.5200 1764.8999
1939.5000 -760.6800 1764.4800
1939.6200 -760.2600 1764.2999
1939.5599 -759.9600 1764.0000
1939.7999 -760.1400 1764.0599
1939.6200 -760.5600 1764.6000
1939.9199 -760.5000 1764.9600
1940.4600 -760.0800 1764.8999
1940.0399 -759.8400 1765.0200
1939.7999 -759.5400 1765.4399
1939.7400 -759.4800 1766.0399
1940.2799 -759.7800 1766.1599
1940.2799 -760.1400 1766.7000
1940.0399 -759.7800 1766.2799
1939.2000 -758.6400 1765.1400
1938.6000 -758.3400 1764.7200
1939.2600 -758.5200 1764.4800
1939.5599 -758.3400 1765.0200
1939.5599 -758.3400 1765.0200
1939.6799 -758.4600 1765.7400
1938.2999 -759.3600 1765.6799
1938.2999 -759.0000 1765.5000
1938.8999 -758.5200 1766.1000
1939.7400 -758.1600 1766.8800
1939.9199 -758.6400 1767.7200
1940.0399 -759.1200 1767.7799
1940.3999 -759.3600 1767.6599
1939.7999 -759.4200 1767.8400
1939.0800 -758.7000 1767.6599
1938.4800 -758.2200 1766.8199
1938.2999 -758.5800 1767.2999
1937.7000 -759.0600 1768.0200
1937.2799 -759.4200 1768.2000
1937.0399 -758.8200 1768.3800
1936.5000 -759.1200 1768.3800
1935.8999 -759.6000 1768.0200
1934.5199 -758.8800 1766.7000
1933.4399 -758.8800 1765.5599
1932.7200 -759.2400 1765.3800
1932.9600 -758.7600 1765.9199
1933.0800 -757.9200 1766.0399
1932.2400 -757.9200 1765.3800
1931.3400 -757.8600 1765.4399
1930.6200 -757.3200 1765.3800
1930.2000 -757.6800 1764.6599
1929.1200 -757.9800 1764.8400
1928.3400 -757.8000 1764.6599
1928.2799 -757.2600 1763.4600
1927.7999 -756.7800 1763.7000
1927.4399 -757.2000 1763.5800
1926.8999 -757.6800 1763.5200
1926.6000 -757.5000 1763.7000
1925.8199 -757.2600 1763.1599
1925.8199 -757.4400 1762.8600
1924.7999 -756.9600 1762.3800
1924.5000 -756.1800 1761.6599
1924.2000 -755.8200 1761.9600
1923.5399 -755.9400 1762.2000
1923.2400 -756.3000 1761.7200
1923.5399 -755.8200 1761.2999
1923.2400 -755.5800 1761.3600
1923.2999 -755.5200 1760.7000
1923.8999 -754.9800 1762.3800
1924.0199 -755.4600 1763.1599
1923.8400 -755.2200 1761.6000
1923.7799 -754.8600 1761.0599
1923.7200 -754.2600 1760.6400
1923.7200 -754.3200 1761.2400
1923.6000 -754.6200 1761.4199
1924.6799 -755.4000 1761.1799
1925.1000 -754.9800 1759.7400
1924.6200 -754.5600 1759.3800
1924.3800 -754.6800 1759.2600
1925.3999 -754.4400 1759.0200
1925.2200 -754.5000 1759.0800
1924.5599 -754.6200 1758.3600
1924.6799 -754.5600 1758.1200
1925.3400 -754.5000 1759.0800
1925.5199 -754.8000 1758.9600
1924.2600 -754.6200 1758.4199
1923.6599 -753.4200 1758.5399
1923.5399 -753.5400 1758.3600
1924.0199 -753.6000 1758.7799
1925.1599 -753.4200 1758.6599
1925.7600 -754.3200 1758.2400
1924.7999 -754.3200 1758.6000
1924.2000 -754.0200 1758.7200
1923.7799 -753.7800 1758.8999
1923.8999 -753.8400 1758.9600
1924.6799 -753.9600 1759.3800
1924.5599 -753.1800 1758.5399
1923.8400 -752.2200 1757.9399
1922.9399 -751.6800 1758.4800
1922.0399 -750.9000 1759.0800
1921.6799 -750.9000 1759.5599
1921.1400 -751.1400 1760.3999
1920.7200 -751.3200 1760.0399
1919.1599 -751.4400 1759.2000
1918.9199 -751.0200 1758.9600
1918.5000 -751.3200 1758.8999
1918.0800 -751.8000 1758.8400
1918.7999 -751.6800 1759.5599
1918.6799 -751.2600 1759.5599
1917.7799 -751.1400 1758.4199
1916.7600 -751.0800 1759.1400
1916.6400 -751.4400 1759.2600
1917.0000 -751.4400 1758.6599
1917.6000 -751.4400 1759.2000
1916.9399 -751.8600 1759.0800
1916.6400 -752.4600 1758.2999
1916.8800 -752.4000 1758.9600
1916.2200 -752.6400 1759.0800
1916.3400 -752.7000 1759.2000
1916.4600 -752.6400 1758.7799
~G140
-0.0722 -0.1649 0.0730
-0.0350 -0.2181 0.0761
-0.0179 -0.3317 0.0462
-0.0295 -0.3543 0.0150
-0.0930 -0.2523 -0.0064
-0.0820 -0.1264 -0.0119
-0.0258 -0.0501 -0.0119
0.0224 -0.0366 0.0022
0.0512 -0.0806 0.0113
0.0469 -0.1161 0.0199
0.0060 -0.1240 0.0230
-0.0600 -0.1472 0.0315
-0.0802 -0.1851 0.0425
-0.0240 -0.2541 0.0413
0.0970 -0.3164 0.0468
0.3065 -0.4148 0.0498
0.4922 -0.4954 0.0407
0.6724 -0.5840 0.0346
1.0108 -0.8106 0.0388
1.1409 -0.8803 0.0755
1.2368 -0.7813 0.1347
1.3328 -0.5021 0.1598
1.3315 -0.4716 0.1011
1.2149 -0.5754 0.0095
1.0731 -0.6396 -0.0815
0.9174 -0.4911 -0.1591
0.7616 -0.3512 -0.2018
0.4806 -0.3164 -0.2446
0.2350 -0.2712 -0.2440
0.0231 -0.2028 -0.2025
-0.1816 -0.1869 -0.1249
-0.3227 -0.1716 -0.0461
-0.4595 0.0024 0.0511
-0.4785 0.1399 0.0761
-0.4168 0.1649 0.0138
-0.3300 0.1576 -0.0571
-0.2305 0.1026 -0.1114
-0.1663 0.0043 -0.0760
-0.1590 -0.0592 -0.0284
-0.1926 -0.0788 0.0187
-0.2561 -0.1527 0.0547
-0.2922 -0.2101 0.0749
-0.2567 -0.1833 0.0620
-0.2011 -0.1154 0.0040
-0.1718 -0.0702 -0.0552
-0.1785 -0.0476 -0.0833
-0.1969 -0.0580 -0.0864
-0.2237 -0.1136 -0.0778
-0.2341 -0.1600 -0.0503
-0.2256 -0.2028 -0.0277
-0.2054 -0.2175 -0.0106
-0.1571 -0.1283 0.0004
-0.1382 -0.0751 0.0034
-0.1205 0.0446 -0.0168
-0.1407 0.0690 -0.0284
-0.1608 0.0580 -0.0058
-0.1785 0.0043 0.0352
-0.1859 -0.0257 0.0779
-0.1950 -0.0586 0.1354
-0.2146 -0.0971 0.1916
-0.2445 -0.1240 0.2258
-0.2586 -0.1124 0.2343
-0.2750 -0.0727 0.2197
-0.3080 -0.0525 0.1879
-0.3056 -0.0220 0.1445
-0.2830 0.0055 0.1195
-0.2524 0.0049 0.1103
-0.2097 -0.0538 0.1280
-0.1492 -0.1698 0.1806
-0.0991 -0.2340 0.1952
-0.0539 -0.2541 0.1861
-0.0313 -0.2504 0.1256
-0.0270 -0.2156 0.0633
-0.0050 -0.1704 0.0144
0.0286 -0.1197 -0.0235
0.0279 -0.1289 -0.0528
-0.0105 -0.1607 -0.0503
-0.0405 -0.1930 -0.0418
-0.0313 -0.2193 -0.0558
0.0194 -0.2321 -0.0827
0.1012 -0.2248 -0.1084
0.2271 -0.2315 -0.1597
0.3468 -0.2089 -0.2281
0.3694 -0.1674 -0.2483
0.2815 -0.1246 -0.2104
0.1348 -0.0953 -0.1579
-0.0704 -0.1161 -0.1365
-0.2873 -0.1759 -0.1713
-0.4223 -0.2107 -0.2373
-0.4357 -0.1918 -0.3570
-0.3661 -0.1869 -0.4132
-0.0502 -0.2169 -0.5164
0.1697 -0.2614 -0.5311
0.3853 -0.3176 -0.4890
0.4763 -0.3830 -0.3985
0.4769 -0.4533 -0.3234
0.4128 -0.5577 -0.2782
0.3596 -0.5974 -0.2916
0.3242 -0.6164 -0.3149
0.3034 -0.6096 -0.3582
0.2998 -0.5828 -0.4047
0.3144 -0.5424 -0.4957
0.3523 -0.5345 -0.5488
0.3609 -0.5351 -0.5549
0.4403 -0.6359 -0.6007
0.4702 -0.7294 -0.6117
0.4672 -0.7984 -0.6264
0.4097 -0.8021 -0.6404
0.3303 -0.7831 -0.6496
0.2253 -0.7434 -0.6478
0.0676 -0.6689 -0.6301
0.0084 -0.6280 -0.6142
-0.0832 -0.4924 -0.5500
-0.0777 -0.4893 -0.5421
0.0011 -0.5174 -0.5513
0.1122 -0.5290 -0.6185
0.1788 -0.5461 -0.7046
0.1776 -0.5235 -0.7803
0.1312 -0.4545 -0.8469
-0.0020 -0.2834 -0.9318
-0.0900 -0.1857 -0.9703
-0.1743 -0.0739 -1.0167
-0.1865 -0.0360 -1.0265
-0.1352 -0.0373 -1.0051
0.0652 -0.0183 -0.9355
0.1825 0.0263 -0.9172
0.2375 0.0599 -0.9196
0.2601 0.0782 -0.9276
0.2607 0.1057 -0.9392
0.2460 0.1246 -0.9410
0.2094 0.1515 -0.9379
-0.0118 0.2248 -0.8946
-0.0160 0.2211 -0.8952
-0.0368 0.0984 -0.8274
-0.0270 -0.0446 -0.7645
-0.0020 -0.0898 -0.7406
0.0359 -0.1069 -0.7412
0.1012 -0.1026 -0.7473
0.1770 -0.1100 -0.7516
0.3132 -0.1344 -0.7638
