D10
~A207
1.3025 -2.4517 13.1637
-1.4629 3.0527 9.8022
-1.4749 3.0527 9.7974
-1.4581 3.0623 9.7710
-1.4390 3.0766 9.7662
-1.4581 3.0814 9.7447
-1.5060 3.1006 9.7160
-1.5084 3.1580 9.7064
-1.4916 3.1533 9.6920
-1.4437 3.1772 9.6465
-1.4030 3.1916 9.5508
-1.3887 3.1604 9.4694
-1.3767 3.1317 9.3736
-1.3887 3.1413 9.3760
-1.4174 3.1389 9.3808
-1.5180 3.1293 9.2946
-1.5802 3.1724 9.1868
-1.5682 3.1461 9.1342
-1.5539 3.1221 9.0935
-1.5443 3.1509 8.9761
-1.5419 3.1365 8.9019
-1.5778 3.1054 8.8756
-1.6568 3.1054 8.9283
-1.5802 3.1245 9.0456
-1.5635 3.1150 9.0695
-1.5850 3.1557 9.0336
-1.6161 3.1916 8.8923
-1.6209 3.1724 8.8229
-1.5730 3.2179 8.7678
-1.4270 3.1916 8.7990
-1.3863 3.1700 8.8468
-1.3815 3.1676 8.8852
-1.4174 3.1293 8.8875
-1.5108 3.0934 8.8899
-1.5491 3.0719 8.8875
-1.5323 3.0742 8.8588
-1.5682 3.0719 8.8277
-1.5635 3.0838 8.7678
-1.5539 3.0862 8.6721
-1.5204 3.1126 8.6816
-1.5228 3.1221 8.7367
-1.5659 3.1078 8.7774
-1.6760 3.0719 8.7678
-1.7670 3.0647 8.7080
-1.9011 3.0359 8.7128
-1.9011 3.0216 8.7128
-1.9250 3.0383 9.0958
-1.9657 3.0383 9.2754
-2.0351 3.0407 9.4095
-2.0806 3.0671 9.4478
-2.0878 3.0910 9.4909
-1.9896 3.0982 9.5508
-1.8627 3.1173 9.5627
-1.6736 3.1197 9.5508
-1.5826 3.1006 9.4765
-1.5204 3.0503 9.4191
-1.4270 3.0264 9.3856
-1.3815 3.0168 9.4047
-1.3504 3.0383 9.4095
-1.3647 3.0575 9.3353
-1.4007 3.0192 9.1437
-1.4318 2.9809 8.8971
-1.4533 2.9641 8.6457
-1.4318 2.9258 8.4685
-1.3959 2.9090 8.4542
-1.3192 2.8923 8.5188
-1.2690 2.8324 8.6026
-1.2953 2.8133 8.7152
-1.3935 2.7582 8.7630
-1.4677 2.7774 8.7750
-1.5252 2.7845 8.7654
-1.5275 2.7893 8.8109
-1.4318 2.7582 8.9761
-1.3145 2.8372 9.1342
-1.1516 2.9641 9.1964
-0.8595 3.1030 9.0982
-0.4741 3.3304 8.8899
-0.1580 3.5172 8.7199
0.1413 3.7135 8.4446
0.1939 3.8284 8.3488
0.1868 3.8237 8.3249
0.2346 3.7877 8.1884
0.5579 3.8620 8.0687
0.5722 4.0128 8.2459
0.5579 3.9984 8.3440
0.3065 3.7590 8.0352
0.1437 3.7949 7.4079
-0.0024 3.9194 7.1972
-0.6034 3.7830 6.9218
0.0407 3.2371 7.0368
2.4398 3.6441 6.8644
-0.5100 3.7806 8.6290
-1.2594 3.8907 8.5069
-0.7207 3.5699 8.5116
-0.5435 3.4094 8.4877
-0.4573 3.2873 8.9953
-0.2370 3.4885 9.3065
0.2370 3.6489 9.9889
0.8141 3.9386 10.5779
1.5802 4.1732 10.3983
2.2650 4.5084 9.6681
2.3799 4.7478 8.7798
2.0782 4.6736 8.2626
0.6201 4.2020 8.3608
0.3328 4.1876 8.5667
0.4046 4.6736 9.3664
1.1349 5.1142 9.5220
1.6497 5.3560 9.4478
2.0136 5.4278 8.9498
2.9857 3.5986 7.1828
2.6936 5.1357 7.2762
0.8332 6.4550 7.7838
-0.2945 7.0224 8.1788
-0.9050 6.8476 7.5899
-0.6058 6.4238 6.8764
-0.2921 6.1437 6.7471
-0.0287 5.7151 7.1972
0.2777 5.1692 7.8245
0.3208 5.1142 7.8867
0.7326 5.1764 9.4310
0.9457 5.2171 10.3648
0.8212 5.0447 10.7335
0.3256 4.6664 10.1182
-0.0096 4.3241 9.3113
-0.3113 4.1325 8.8564
-0.5914 4.0727 9.2108
-0.4836 4.0774 10.8844
-0.4262 3.9314 11.8301
-0.1341 3.2299 13.1996
-0.0814 3.0000 12.9985
0.2706 3.0000 12.3976
1.1636 3.1197 11.5332
1.8340 3.0934 10.9370
1.9489 2.9809 10.5588
1.8484 2.8899 10.3816
1.6856 2.5978 10.4630
1.6951 2.5691 10.5300
2.4110 2.8803 10.5923
2.4541 3.1868 10.5971
2.2770 3.1916 10.6114
1.9202 3.1604 10.5013
1.5371 3.1341 10.4031
1.2785 3.0934 10.1374
0.9721 3.1916 9.5771
0.6393 3.5363 8.7583
0.2586 3.8284 7.3983
-0.0599 4.1541 6.6776
0.2658 4.4917 6.4789
1.1636 5.0280 6.4238
1.3552 5.7846 6.6968
0.0934 5.9186 6.3712
-2.0160 6.0120 5.7463
-5.2171 6.7926 6.4789
-4.4486 10.8030 11.5452
-2.2626 13.1637 15.1342
1.4270 15.5939 19.1422
2.9593 18.2085 24.8502
0.8212 19.6642 29.9476
-3.9649 20.2268 32.9045
-14.5165 21.2923 39.7474
-11.3513 22.4367 57.2591
-0.9409 22.0968 72.2951
10.4342 20.2125 76.1044
16.7791 16.3553 73.3582
14.6817 10.9754 67.6694
9.2347 4.4653 62.7180
4.9418 -2.0854 58.1713
0.5243 -7.9394 48.7642
-0.5004 -10.0751 43.9613
0.0958 -14.8948 32.9309
1.3192 -16.9347 25.6858
-0.3831 -18.0768 9.0695
-2.9617 -15.4766 -2.5643
-9.7160 -16.0345 -3.6513
-13.8461 -17.0209 -3.4047
-12.8692 -18.2683 -3.1485
-7.1349 -20.7177 -7.3600
-3.3065 -22.4176 -8.6385
-2.2482 -22.9683 -7.1828
-4.0080 -23.2364 -6.0048
-8.6074 -22.1159 -2.5595
-12.6178 -21.1582 4.5491
-12.8429 -21.9411 12.0264
-12.2898 -22.0968 13.2547
-10.5923 -18.9411 11.1980
-11.9067 -16.7503 9.4191
-15.6849 -15.2443 8.7918
-17.7081 -14.1478 8.8540
-17.6889 -12.7208 10.4175
-12.8668 -9.5484 14.3393
-7.1661 -5.7558 18.4239
-2.3727 -2.3631 20.2268
-0.0694 1.4725 17.3178
-0.2418 3.2059 15.7136
0.1868 4.9250 15.6298
0.9697 6.5388 15.2970
1.0200 8.0328 11.8852
1.1516 9.3305 8.2483
1.2881 10.0129 7.3768
2.1548 10.4175 9.2204
3.3855 11.0663 12.4790
3.3544 11.4805 12.1533
2.6457 11.4997 10.1134
2.5691 11.7870 9.5699
3.3831 12.5723 9.5244
2.9809 12.2754 8.5571
1.7263 11.8541 7.9681
~M207
1913.7600 -758.3400 1758.9600
1912.2600 -758.2800 1758.5399
1911.4199 -758.2200 1758.2999
1911.2999 -757.6200 1758.0599
1911.6000 -757.5000 1757.8199
1911.8999 -757.9200 1758.0599
1912.0199 -758.5800 1758.1799
1911.7200 -758.2200 1757.2799
1911.4800 -758.2200 1757.7600
1911.4800 -758.3400 1757.6400
1911.7799 -758.7600 1758.4800
1911.6000 -758.5800 1758.8999
1912.0800 -758.1000 1758.8400
1911.6000 -757.7400 1758.3600
1911.3600 -758.1600 1758.8400
1910.7600 -759.1800 1758.6000
1911.2400 -759.1800 1758.5399
1911.6000 -758.9400 1758.7200
1911.1200 -758.5800 1758.2400
1910.9399 -758.9400 1758.1200
1911.6000 -758.8200 1758.1200
1911.6599 -758.7600 1757.7600
1912.4399 -759.0000 1758.7799
1912.0800 -758.6400 1758.5399
1911.4199 -758.5800 1757.7600
1911.4800 -759.0000 1758.4800
1911.2999 -759.5400 1758.6000
1911.4199 -759.5400 1758.6000
1911.6000 -759.3600 1758.2999
1911.6599 -759.4200 1758.2999
1911.3600 -759.7800 1757.6400
1910.8199 -759.9000 1757.7600
1910.4600 -759.6600 1757.3999
1910.9399 -759.1200 1757.9399
1911.0599 -759.1800 1758.0000
1911.0000 -759.5400 1758.1799
1911.2999 -759.7200 1759.3199
1911.6599 -759.7800 1759.9800
1911.9600 -760.0800 1759.3199
1912.1400 -759.9000 1759.2000
1912.2600 -759.5400 1758.4800
1912.0800 -759.7200 1758.1200
1911.8400 -759.6600 1758.6599
1910.6400 -759.7200 1758.2999
1910.5800 -759.3000 1758.2999
1910.7000 -758.7600 1758.1200
1911.0599 -759.7800 1758.1200
1911.1200 -759.7200 1758.4199
1910.4600 -759.7800 1757.7600
1910.1599 -759.4800 1758.3600
1909.2600 -759.1800 1758.4199
1909.6200 -759.2400 1758.3600
1911.0599 -759.6000 1758.5399
1910.7000 -759.0600 1756.8600
1909.5599 -758.2800 1757.0399
1909.6799 -758.4000 1758.0000
1909.7999 -759.2400 1757.8800
1909.6200 -759.8400 1757.6400
1908.6599 -759.4200 1757.8800
1908.6000 -759.7800 1758.0000
1907.8800 -760.8600 1758.1200
1907.6400 -760.9800 1758.4199
1907.2200 -760.9800 1758.1799
1906.9800 -760.3800 1758.4800
1907.1000 -760.5000 1759.2000
1907.0399 -760.2000 1759.1400
1905.6000 -759.8400 1758.8400
1905.6599 -759.9000 1759.2600
1905.4800 -760.1400 1759.9800
1905.1799 -760.0200 1761.2400
1905.2400 -759.5400 1761.5399
1904.9399 -759.4800 1761.6599
1904.5800 -759.6600 1761.4800
1903.9199 -758.9400 1761.0000
1903.4399 -758.3400 1761.1200
1903.0800 -757.6200 1761.0000
1903.3800 -757.5000 1761.8999
1902.6000 -757.8000 1761.7799
1902.3600 -758.1600 1762.1400
1901.1000 -758.6400 1761.8999
1900.2000 -758.5800 1761.6000
1898.8199 -758.6400 1760.7600
1897.9800 -758.8800 1759.7999
1897.7400 -759.0000 1760.1599
1897.7400 -759.7200 1760.9399
1896.7200 -759.9600 1760.9399
1896.1200 -759.7800 1761.0000
1896.1799 -760.1400 1760.6400
1895.7000 -759.8400 1760.3999
1895.7000 -759.4800 1761.1799
1894.6200 -759.1200 1762.1400
1894.0199 -758.3400 1762.9199
1892.3999 -756.3600 1762.7400
1891.9800 -755.1000 1763.6400
1891.3800 -754.5600 1763.2200
1891.0199 -754.2000 1763.8199
1891.0199 -753.6600 1764.3600
1891.0199 -752.8200 1764.8400
1890.2999 -752.1000 1764.8999
1890.2999 -751.6800 1765.3199
1890.3600 -750.3600 1765.0200
1890.2400 -749.7000 1764.5399
1890.5399 -749.0400 1764.8400
1890.9600 -748.9200 1765.0200
1891.9199 -747.7800 1764.5399
1892.1599 -746.4600 1762.9800
1893.0599 -745.9200 1762.0800
1893.8999 -745.6200 1760.8199
1895.2200 -745.4400 1760.8800
1896.0000 -745.3800 1760.3400
1896.6000 -745.1400 1759.6799
1896.9600 -745.1400 1758.5399
1898.1000 -745.6800 1757.9399
1898.2200 -746.5200 1757.7000
1898.8800 -746.5800 1757.3999
1899.4199 -746.9400 1756.9800
1900.2600 -747.4800 1755.6000
1900.6799 -748.1400 1754.3400
1902.5399 -748.4400 1753.7999
1904.6400 -748.5000 1753.1400
1905.4199 -749.0400 1753.5599
1907.2200 -750.2400 1753.2600
1907.9399 -751.6800 1752.7200
1909.5599 -753.8400 1750.7999
1910.4600 -757.4400 1749.9600
1910.9399 -760.6200 1750.5599
1911.4199 -769.2000 1753.0800
1910.7000 -778.4400 1757.3400
1908.6599 -787.7400 1763.4600
1903.6200 -795.4200 1773.1799
1900.6799 -798.1200 1779.2999
1897.9199 -799.2000 1785.6599
1894.2600 -798.6600 1797.9600
1891.3199 -796.0200 1806.2999
1889.7000 -794.4000 1809.6000
1886.7000 -789.3000 1813.6799
1885.9199 -787.2000 1815.8400
1885.0800 -783.7200 1818.1799
1884.5399 -782.8200 1818.8400
1884.6000 -783.0600 1818.5399
1884.0599 -783.7200 1817.0399
1883.7000 -783.7800 1814.5200
1883.2799 -784.8600 1811.2799
1883.2200 -786.3600 1805.5200
1883.4600 -787.9200 1799.9399
1884.8400 -789.1200 1794.5399
1885.6200 -789.3600 1787.9399
1886.3999 -788.4600 1781.3999
1888.5000 -787.3200 1775.7000
1890.4800 -786.0600 1771.5599
1892.9399 -784.6200 1767.2999
1894.4399 -782.4000 1764.1200
1895.5800 -781.1400 1762.8600
1896.1799 -779.4000 1760.5200
1897.7999 -778.4400 1759.3199
1899.9600 -776.8800 1758.8400
1900.0800 -775.9200 1757.9399
1900.7400 -774.2400 1756.4399
1902.2999 -772.8600 1756.2600
1903.0800 -771.4800 1756.2000
1903.6799 -769.7400 1754.5200
1904.6400 -769.7400 1754.0399
1906.5599 -770.1000 1753.6200
1908.6000 -770.3400 1752.6000
1910.5199 -770.7000 1752.1799
1911.8400 -771.0000 1752.8999
1913.7000 -771.5400 1752.1799
1914.1799 -772.0200 1751.7600
1913.8800 -770.8800 1751.1599
1913.2799 -770.4000 1750.9199
1912.2600 -768.9600 1749.3600
1912.0800 -768.6600 1749.1200
1911.5399 -766.9200 1749.0000
1911.9600 -765.0600 1749.3600
1911.1200 -763.3800 1749.2999
1910.3999 -763.1400 1748.8199
1909.7400 -760.7400 1748.5800
1909.4399 -759.6600 1748.3400
1909.0199 -759.1800 1748.2200
1908.6599 -758.8200 1749.2999
1907.6400 -759.3600 1750.1400
1905.8999 -759.3600 1749.8999
1905.0599 -759.3000 1749.4800
1904.3400 -758.9400 1749.7200
1903.3800 -758.5800 1750.4399
1903.2000 -758.4600 1751.2799
1902.7200 -758.2800 1751.0399
1901.9399 -756.8400 1750.7400
1901.7600 -756.2400 1751.0399
1901.5199 -755.7600 1751.1599
1900.9800 -754.8600 1751.0399
1901.4600 -754.5000 1751.8800
1901.7000 -754.7400 1751.8199
1902.6599 -754.7400 1751.7600
1902.4199 -754.9800 1751.1000
1902.1799 -755.4600 1750.5000
1903.0800 -755.9400 1750.5000
1903.3199 -756.1200 1750.6200
1904.2799 -755.7600 1751.1000
1904.3400 -755.9400 1750.3800
1904.5800 -755.8800 1749.8400
1905.5399 -755.5800 1749.7200
1906.6799 -756.0000 1749.6000
1907.3999 -756.4200 1749.7799
1908.7200 -757.5600 1749.8999
1908.8999 -757.8000 1749.8999
1908.2400 -757.8600 1748.7000
~G207
0.0188 -0.1448 -0.0076
0.0499 -0.1417 -0.0119
0.0652 -0.1246 -0.0149
0.0713 -0.1002 -0.0155
0.0744 -0.0837 -0.0198
0.0768 -0.0672 -0.0168
0.0811 -0.0556 -0.0137
0.0841 -0.0580 -0.0137
0.0921 -0.0605 -0.0180
0.0988 -0.0617 -0.0241
0.0976 -0.0580 -0.0369
0.0860 -0.0458 -0.0503
0.0585 -0.0226 -0.0589
0.0463 0.0183 -0.0650
0.0524 0.0611 -0.0748
0.0622 0.0758 -0.0705
0.0628 0.0580 -0.0638
0.0567 0.0287 -0.0607
0.0609 0.0312 -0.0656
0.0591 0.0373 -0.0638
0.0518 0.0348 -0.0589
0.0389 0.0342 -0.0595
0.0127 0.0104 -0.0174
0.0224 -0.0067 -0.0113
0.0646 -0.0085 -0.0149
0.1061 -0.0043 -0.0229
0.1232 -0.0232 -0.0235
0.1245 -0.0440 -0.0229
0.0976 -0.0599 -0.0204
0.0725 -0.0556 -0.0277
0.0603 -0.0513 -0.0412
0.0573 -0.0715 -0.0644
0.0646 -0.0977 -0.0791
0.0701 -0.1203 -0.0839
0.0652 -0.1313 -0.0821
0.0463 -0.1148 -0.0803
0.0231 -0.0751 -0.0772
-0.0026 -0.0336 -0.0711
-0.0313 -0.0110 -0.0723
-0.0466 -0.0024 -0.0846
-0.0576 0.0006 -0.0998
-0.0539 -0.0037 -0.1145
-0.0502 -0.0116 -0.1334
-0.0539 -0.0226 -0.1365
-0.1095 -0.0672 -0.1108
-0.1620 -0.0507 -0.0876
-0.1779 -0.0269 -0.0784
-0.1706 -0.0134 -0.0717
-0.1547 -0.0110 -0.0577
-0.1187 -0.0275 -0.0308
-0.0924 -0.0574 -0.0161
-0.0576 -0.0855 0.0065
-0.0368 -0.0965 0.0132
0.0188 -0.1283 0.0046
0.0334 -0.1435 -0.0027
0.0310 -0.1545 -0.0051
0.0090 -0.1533 -0.0064
-0.0050 -0.1197 -0.0113
-0.0130 -0.0892 -0.0216
-0.0044 -0.0617 -0.0363
0.0090 -0.0360 -0.0491
0.0249 -0.0220 -0.0723
0.0218 -0.0232 -0.0852
-0.0044 -0.0311 -0.0858
-0.0490 -0.0458 -0.0827
-0.0961 -0.0538 -0.0803
-0.1156 -0.0599 -0.0864
-0.1223 -0.0806 -0.0962
-0.1181 -0.0886 -0.0943
-0.0637 -0.1264 -0.0791
-0.0093 -0.1784 -0.0516
0.0420 -0.2468 -0.0204
0.1507 -0.3616 0.0303
0.2576 -0.4539 0.0792
0.3493 -0.5553 0.1250
0.4329 -0.6756 0.1451
0.4653 -0.7636 0.1146
0.4274 -0.7892 0.0773
0.3157 -0.8124 -0.0015
0.1972 -0.7862 -0.0650
0.0591 -0.6719 -0.1011
-0.0472 -0.6341 -0.1102
-0.2024 -0.6493 -0.1744
-0.2500 -0.6463 -0.2391
-0.2775 -0.6585 -0.2770
-0.2836 -0.6506 -0.2910
-0.3276 -0.7697 -0.2696
-0.3813 -0.8589 -0.2342
-0.5157 -0.9377 -0.0497
-0.7497 -0.6573 -0.3814
-0.9006 -0.3360 -0.8164
-0.8303 -0.6787 -0.4163
-0.6104 -0.6151 -0.0161
-0.4113 -0.7886 0.1897
-0.3227 -0.7862 0.2887
-0.1840 -0.7660 0.4811
-0.0490 -0.8369 0.6589
0.1074 -0.8998 0.7829
0.3554 -0.8619 0.8452
0.5539 -0.8399 0.7548
0.6907 -0.8570 0.4542
0.7304 -0.8949 0.1659
0.6620 -0.9230 -0.0968
0.4268 -0.8448 -0.2580
0.3218 -0.7404 -0.1908
0.2308 -0.7532 0.1573
0.2289 -0.8540 0.2178
0.2466 -0.8436 0.2025
0.2564 -0.7843 0.1237
0.2723 -0.3732 -0.1579
0.3370 0.1888 -0.3857
0.2882 0.2065 -0.3448
0.0322 -0.5883 -0.1554
-0.2140 -1.1533 0.0230
-0.5255 -1.3958 0.2245
-0.7619 -1.1863 0.3583
-1.0221 -0.9670 0.4903
-1.2818 -1.0311 0.5984
-1.5597 -1.4276 0.7352
-1.4803 -1.3940 0.8464
-1.1144 -1.2016 0.8977
-0.7607 -1.0379 0.8824
-0.4406 -0.8955 0.8452
-0.3239 -0.8949 0.8287
-0.3691 -0.9022 0.8415
-0.8279 -0.7459 0.9680
-1.0240 -0.3274 1.1225
-0.8810 -0.1509 1.1909
-0.4192 0.0990 1.3119
-0.0930 0.2865 1.4450
0.1348 0.4551 1.5654
0.2741 0.5406 1.6027
0.3377 0.4734 1.4823
0.3193 0.3812 1.4072
0.2417 0.4252 1.3974
0.1965 0.5541 1.4402
0.1055 0.9462 1.4444
0.1061 1.0910 1.3076
0.1623 1.1588 1.1940
0.2900 1.1875 1.0962
0.4928 1.1106 1.0498
0.7488 1.0092 1.0138
1.0004 0.8338 0.9295
1.0518 0.7679 0.8904
1.0279 0.7844 0.7273
0.8673 0.9817 0.6943
0.7042 1.1613 0.5654
0.6125 1.2059 0.2966
0.6156 1.1161 -0.0119
0.6199 1.0116 -0.3185
0.4800 0.9139 -0.5445
-0.0240 1.3671 -0.3472
-0.3080 1.7446 0.1103
-0.1504 1.5369 0.1775
0.2112 1.5119 0.0376
0.4995 1.9383 -0.3888
0.8832 2.5455 -0.8860
1.4109 3.1618 -1.4462
1.7622 3.5583 -0.6270
2.3468 2.7190 0.8751
3.9014 1.3329 1.8354
6.5294 -0.1014 2.2129
8.7890 -0.3427 1.7077
10.0144 0.4484 0.9002
10.8910 0.9908 0.5996
11.5690 0.6206 1.1030
12.7364 -0.6671 2.1573
13.5177 -2.6817 3.1976
13.8488 -4.9260 4.5898
13.9508 -5.7085 5.0828
13.9850 -6.6603 5.4206
12.6606 -6.0366 5.0669
10.0522 -4.4257 4.3986
6.6125 -2.3818 3.6729
5.3791 -2.5864 4.0473
4.9998 -3.0177 4.5470
4.4549 -3.5656 4.6991
3.1232 -2.9902 3.8537
1.3499 -1.0611 2.5299
-0.5652 0.5498 1.2538
-1.9714 0.8485 0.6778
-2.7393 0.2633 0.5593
-2.8688 -0.1319 0.6790
-3.0691 0.6720 0.4255
-3.6861 1.4826 -0.1487
-4.6653 2.5339 -0.9440
-5.3306 2.9438 -1.2574
-5.9097 2.8894 -1.2990
-6.4766 2.4374 -1.0167
-6.7771 2.1808 -0.6521
-6.6128 2.5064 -0.7192
-6.3764 3.1576 -0.9611
-6.4509 3.6035 -1.0864
-6.4313 3.7580 -1.1023
-6.0502 3.6249 -1.0943
-5.1247 2.9535 -0.9838
-4.7802 2.5101 -0.9190
-4.7973 2.1820 -0.9514
-4.8822 2.0690 -0.9214
-4.5077 2.1160 -0.9251
-3.8346 1.8833 -1.0143
-3.4705 1.6671 -1.0430
-3.3153 1.5559 -1.0033
-3.1675 1.5608 -1.0375
-2.9030 1.4032 -1.1969
-2.7509 0.9823 -1.2061
-2.7759 0.5938 -1.0974
