D10
~A255
0.9793 3.6417 7.7455
-0.5124 -10.1852 -1.2570
-0.6896 -10.1972 -1.3312
-1.0319 -10.4414 -1.4150
-1.5347 -10.9945 -1.3336
-2.3081 -11.6721 -1.0750
-3.1557 -12.4646 -0.6393
-4.1134 -12.7759 0.1652
-3.5052 -12.5891 1.0415
-1.0152 -9.7136 2.7917
4.5180 -6.9721 4.1948
7.4007 -4.6186 0.7901
6.4119 -1.2474 -5.5882
3.8691 -1.9896 -9.8500
5.2530 -0.8619 -4.4079
1.9777 5.2028 -5.3464
1.0678 8.1621 -5.4685
0.2945 3.7470 -3.6273
-5.4374 -2.5906 3.9793
-7.8580 -8.7415 8.9450
-4.7431 -10.5947 5.8564
7.5827 -18.9028 -15.7831
9.9099 -41.8184 -11.9331
15.4479 -51.8337 -7.1134
17.4160 -38.8423 -12.9889
10.0368 -25.7025 -11.9786
4.1612 -25.1543 -15.0265
-0.7303 -28.1088 -9.9650
-1.1828 -33.9508 -6.0671
-0.6034 -39.3188 -6.3257
-0.7901 -35.7609 -2.0423
-3.5076 -18.2156 -0.1844
-4.9322 -7.4366 1.8029
-6.1006 -3.9984 -1.7382
0.7446 -5.7774 2.9019
3.0072 -1.7311 3.8380
6.4621 1.3528 2.8109
6.9602 3.3280 0.8164
2.9330 6.3209 -3.7423
3.7159 7.4917 -3.1604
6.0934 7.0440 -2.0423
4.0080 4.8771 -0.5243
0.6776 2.5116 -0.2753
-0.8117 0.6752 -0.4573
-1.3145 -0.5220 -0.2801
-1.7646 -1.6305 -0.0814
-1.6233 -2.2075 0.1413
-1.6784 -1.6784 1.0678
-2.0615 -0.2394 1.8627
-2.1908 1.2761 1.5395
-1.6975 1.8149 0.4382
-0.9290 1.5204 -0.5555
-0.1101 1.0415 -1.0295
0.2706 0.7303 -1.5898
0.7326 0.5028 -2.0902
1.4054 0.2322 -2.6026
2.4015 0.1341 -2.8396
3.0120 0.4046 -2.1333
2.9138 0.8164 -1.2378
2.1525 0.9386 -0.2777
1.3336 0.9769 0.4980
0.7063 0.9409 0.8188
0.0790 0.7135 0.8955
0.0359 0.3783 0.8380
0.3831 -0.0096 0.5124
0.8212 -0.2801 -0.1580
1.4390 -0.2514 -0.4310
1.5228 0.1221 0.6010
1.3767 0.4836 1.2187
1.6880 -0.1868 -0.0838
1.0942 -2.3775 -3.1796
1.1612 -10.9825 -13.5684
2.0303 -20.9307 -12.9818
0.9745 -32.3538 12.8118
0.6010 -42.7761 -1.8077
3.0982 -55.8512 -11.1046
5.5212 -50.2870 -10.2619
26.4112 -32.1910 -1.6664
11.0328 -21.4096 13.3457
6.4023 -20.1143 -20.9595
-1.8987 -21.7161 -3.5459
-0.6632 -23.5788 2.3919
-2.1812 -19.5636 2.2363
-6.7231 -15.1534 -1.7861
-7.5587 -13.1087 -0.6081
-6.2491 -11.3273 1.3480
-3.0359 -9.5963 -0.6249
3.5699 -10.0512 -1.0439
7.0224 -10.3816 -1.3049
0.9338 -8.9163 -2.8037
1.5323 -7.0344 -1.5323
3.6034 -4.6856 -0.2155
3.3855 -3.9099 -0.1341
3.0934 -2.6792 -0.8356
0.8643 -2.1357 -0.9481
-0.5650 -2.6145 -1.2474
-1.0319 -3.9769 -2.2123
-0.5603 -6.5436 -3.3352
-0.1006 -8.2626 -4.7574
1.0247 -7.5204 -4.0056
1.9513 -6.6657 -2.7534
2.3608 -6.3951 -1.6568
2.2746 -6.3017 -1.1085
1.9442 -5.9785 -0.1006
1.8771 -8.3417 1.4437
1.6281 -9.4861 1.3887
0.1149 -12.1102 0.5004
-1.3695 -16.8126 0.1820
0.3328 -23.0736 -4.1229
5.7151 -21.5964 -3.5579
2.2243 -10.2834 -3.8021
-0.1676 -7.0727 -0.3232
-1.5754 -6.6752 1.6736
-2.9785 -8.7080 0.9577
-4.1373 -10.2020 -1.1085
-4.1134 -10.6354 -1.6736
-2.3631 -9.5675 -1.7215
-0.4046 -8.3800 -1.3240
1.6113 -7.4773 -0.6728
1.9753 -7.4917 -0.4956
1.9585 -7.7838 -0.5818
1.9489 -7.7766 -1.0008
1.8220 -8.7726 -1.2259
1.3169 -10.0009 -1.1947
0.9577 -11.3369 -0.9457
0.2825 -12.0097 -0.7303
0.5698 -11.2028 -1.0918
0.6153 -12.1126 -1.3576
0.3448 -8.4638 -0.3041
1.6688 -8.6649 -0.7518
-0.0790 -8.1884 -0.8212
-1.3073 -7.5444 -0.2849
-1.0176 -9.7040 -0.1149
-0.4238 -11.0256 -0.4262
0.1006 -11.4135 -1.3623
-0.7590 -9.6178 -2.2626
-1.5228 -8.7702 -2.8013
-2.5715 -8.5524 -0.8260
-0.5794 -13.2332 0.6034
-0.8667 -10.2786 -0.7949
-0.5890 -9.4718 -1.6401
-0.1939 -9.2084 -0.5363
-0.0527 -9.2658 -0.6465
-0.3544 -9.3305 -1.0152
0.5794 -10.6402 -0.9984
1.4030 -12.4454 -1.9202
1.1732 -11.8277 -2.1860
-0.3663 -7.6880 -1.4797
-0.6488 -9.7064 -0.7326
0.3472 -12.1438 -1.3552
1.4509 -12.3425 -2.5738
0.3759 -10.5324 -1.9346
0.9242 -10.0488 -0.5650
1.6377 -11.4710 -0.5842
0.5603 -10.9610 -0.9170
0.3424 -11.9259 -1.4054
-0.7087 -11.3656 -1.2594
-0.7183 -10.2978 -0.3639
-0.6201 -8.5093 0.2514
-0.4382 -7.5084 0.3927
-0.3544 -6.4214 1.4246
0.2418 -6.5603 0.8452
1.9633 -8.4590 -0.1484
2.3201 -8.2148 -1.0487
0.7350 -9.4933 -2.4685
0.4836 -10.0105 -1.4318
-0.6776 -9.3305 -1.3863
-0.6776 -9.1366 0.0958
-1.2522 -8.4973 0.9505
-1.3959 -8.1788 0.8979
-0.3376 -8.8277 -0.1796
0.7590 -9.3113 -1.2953
1.4773 -9.2970 -1.8627
1.6999 -9.1102 -1.8556
2.8324 -8.3728 -0.2945
2.2410 -11.3728 -0.9912
0.9050 -10.8652 -1.7167
-0.6632 -9.7686 -1.4246
-1.5060 -10.1565 -1.7742
-1.2426 -10.5204 -1.9968
-0.5507 -11.5069 -2.0950
-0.1077 -11.0137 -2.1501
-0.8284 -10.8604 -2.0471
-1.4677 -11.7056 -1.9849
-0.4836 -12.7447 -1.5946
0.1987 -11.9019 -1.4150
-0.1006 -11.1908 -1.4677
-0.3280 -10.4869 -1.7574
-0.1413 -10.0967 -1.6999
0.1844 -10.1469 -1.5180
0.1508 -9.4981 -1.6161
0.7470 -9.9027 -1.5994
1.3695 -9.7926 -1.5156
1.5084 -9.5532 -1.2833
1.2043 -9.1150 -1.1732
1.0774 -9.3281 -1.0391
0.7015 -9.8069 -0.9242
0.5770 -10.2690 -0.9481
0.6177 -10.4151 -1.0894
0.7303 -10.2619 -1.0894
0.8524 -10.2068 -0.9960
0.7159 -9.8357 -0.7973
0.3974 -9.8429 -0.6752
-0.0742 -9.6393 -0.5531
-0.3041 -9.3736 -0.7159
-0.5076 -9.0240 -0.6943
-0.4860 -8.7798 -0.7877
-0.3232 -8.7966 -0.7686
-0.0646 -9.0671 -0.9649
0.1724 -9.2227 -0.9864
1.2905 -9.3951 -1.2546
1.5970 -9.6585 -1.2426
1.8005 -10.0871 -1.0415
1.7311 -10.4558 -0.9170
1.7742 -10.8700 -0.8021
2.1572 -10.9466 -0.4382
2.2267 -10.9538 -0.1628
2.1237 -10.7455 0.0982
2.1165 -10.3744 0.0551
2.6529 -10.2427 -0.3208
2.9881 -9.8046 -0.1700
3.4956 -10.1589 -0.0958
3.2011 -10.1733 0.1915
2.1309 -10.2092 0.5579
0.0383 -10.0296 0.3280
-1.4366 -9.3760 -0.0048
-1.8077 -7.8556 0.1700
-1.6951 -7.6832 0.6201
-2.0303 -9.4334 0.4812
-2.2506 -10.8125 0.0670
-2.2913 -7.5515 0.2969
-1.9825 -8.0424 -0.4142
-0.9601 -9.1629 -1.0176
-0.6536 -8.5452 -1.0343
-0.4501 -9.0767 -1.0487
-0.4334 -8.6816 -0.7662
-0.4573 -9.7902 -0.6728
-0.1437 -12.1605 -0.4190
-0.2275 -10.8748 0.5291
-0.5555 -10.0919 0.3208
-0.5698 -9.8548 0.2251
-0.4310 -9.8237 0.1676
0.0072 -10.0943 0.1197
0.1700 -10.2259 0.0096
0.2825 -10.3959 -0.1006
-0.0215 -10.4486 -0.0838
-0.2370 -10.6138 -0.0790
-0.0814 -10.6689 -0.0766
0.2586 -10.5516 0.0383
0.1389 -10.1421 0.1676
-0.2897 -9.9434 0.2729
-0.5052 -9.7806 0.2658
-0.4669 -9.6944 0.1676
-0.3520 -9.6729 0.1197
0.1772 -9.7303 0.2251
~M255
1906.0199 -714.1800 1790.3400
1906.0199 -714.0600 1790.3400
1906.2600 -714.7200 1790.8199
1906.2000 -714.4800 1790.3999
1906.3800 -714.3600 1790.7600
1906.1400 -714.3000 1791.0599
1905.8400 -714.3600 1791.2400
1906.0800 -714.5400 1790.8800
1906.2000 -714.3000 1790.7600
1905.2400 -713.9400 1791.4199
1904.5199 -714.2400 1792.0800
1903.9199 -715.0200 1793.5200
1903.0800 -715.2600 1795.7999
1901.7600 -715.3200 1798.5599
1899.7799 -715.9200 1800.0599
1897.9800 -717.6000 1801.6200
1896.8400 -717.8400 1802.4600
1896.1200 -718.5000 1804.0200
1895.8800 -718.7400 1803.7799
1895.5199 -719.7600 1803.7799
1894.9199 -720.1800 1802.8199
1895.5800 -719.9400 1803.7200
1895.5800 -719.2800 1802.3999
1895.4600 -718.4400 1799.8199
1896.0000 -717.5400 1799.0399
1897.7999 -716.6400 1797.2999
1899.9600 -716.0400 1795.6200
1901.1599 -715.5000 1794.0000
1901.3400 -715.6800 1793.6400
1903.1400 -715.6200 1793.6400
1903.2600 -715.2600 1793.4600
1905.0000 -714.0600 1793.8199
1905.0599 -714.3000 1793.8800
1903.7400 -715.5600 1794.3600
1902.9600 -716.2200 1795.7400
1902.4199 -716.8200 1797.1799
1902.9600 -717.4200 1798.3199
1902.7200 -716.8200 1799.4600
1901.6400 -716.7600 1798.0800
1902.1200 -717.1800 1798.5000
1901.5199 -716.8200 1797.6000
1901.1000 -716.9400 1797.1799
1901.2799 -717.7800 1797.2400
1901.5800 -717.0000 1797.1799
1902.0000 -716.8200 1797.7200
1902.7799 -716.7600 1797.6000
1903.0199 -717.0600 1799.3400
1903.3199 -717.0600 1800.4199
1903.7400 -718.0800 1801.4399
1902.7200 -717.8400 1799.5800
1902.4199 -717.4200 1799.1000
1901.1000 -717.6000 1797.0599
1900.6799 -717.4200 1797.0599
1899.6599 -717.4800 1796.7600
1898.9399 -717.4800 1797.0599
1897.9199 -717.6000 1798.5000
1896.7200 -717.6600 1799.0399
1895.9399 -718.1400 1799.5800
1895.1000 -718.1400 1799.2200
1893.9600 -719.2800 1799.8800
1893.7799 -720.0600 1799.4600
1893.0599 -721.2000 1800.3600
1892.3400 -721.2600 1801.1400
1892.5800 -720.4800 1801.2600
1893.6599 -719.8200 1801.3800
1893.8400 -719.2200 1801.0800
1895.5199 -718.6200 1800.8400
1897.2000 -717.9000 1799.7600
1897.9800 -717.4200 1798.5000
1898.7600 -716.8800 1797.3600
1899.7200 -716.7000 1796.8199
1899.4800 -716.8200 1796.3400
1899.4199 -716.1600 1795.8600
1899.5399 -715.9800 1795.6200
1900.2600 -715.9200 1795.1400
1901.2200 -715.7400 1794.4800
1901.4600 -715.3800 1794.2400
1901.6400 -714.7800 1794.2999
1901.8199 -715.4400 1794.2400
1901.8199 -715.2600 1794.2400
1901.9399 -715.1400 1794.6000
1900.9199 -714.8400 1794.7799
1900.7999 -715.0200 1794.8999
1900.5599 -715.3800 1794.8400
1900.5000 -715.2000 1794.9600
1900.2000 -714.7200 1794.9600
1900.2600 -715.0200 1794.9600
1901.0399 -715.1400 1794.5399
1901.4600 -715.5600 1793.7600
1902.0599 -715.6200 1793.1599
1901.8199 -715.3200 1794.0000
1901.3400 -715.0800 1794.4800
1902.1799 -715.0200 1794.1799
1902.2400 -714.9600 1794.2999
1902.3600 -714.8400 1793.8800
1903.3800 -714.9000 1793.5800
1903.1400 -714.5400 1793.7000
1902.6599 -714.3000 1794.0000
1903.3199 -714.3600 1793.4600
1903.7400 -714.4200 1793.1599
1903.3199 -714.2400 1793.5800
1903.7999 -714.4200 1792.9199
1903.8600 -714.1800 1792.7999
1904.3999 -714.0600 1792.9199
1904.2200 -713.8200 1793.1599
1905.0599 -714.3600 1792.0800
1905.0000 -714.4800 1790.8199
1904.4600 -714.0000 1791.4800
1904.1599 -714.1800 1791.7200
1903.8600 -714.5400 1790.9399
1903.6200 -714.3600 1789.5599
1903.3199 -714.4200 1788.8400
1902.9600 -714.6600 1788.8400
1902.3600 -714.9600 1788.8400
1902.1799 -714.6600 1789.0200
1902.4800 -714.9000 1789.9199
1902.2999 -715.3800 1790.9399
1901.9399 -714.7800 1791.1799
1902.1799 -714.3600 1790.8800
1902.3600 -714.6600 1791.2400
1902.5399 -714.8400 1792.2000
1902.8999 -714.9000 1792.9199
1902.4800 -714.7200 1793.0399
1902.4800 -714.7200 1793.7000
1903.0199 -714.3600 1794.4800
1903.3800 -714.0000 1794.4199
1902.7799 -714.6600 1794.0599
1902.5399 -714.4800 1794.1799
1902.4199 -714.3600 1794.0000
1903.2000 -714.6600 1794.0000
1903.9199 -714.4200 1793.4600
1902.9600 -713.6400 1793.8199
1902.4199 -714.0600 1794.0599
1902.7200 -714.6600 1794.0000
1902.6000 -714.5400 1793.5200
1902.2400 -714.3600 1793.1000
1902.6000 -714.5400 1792.7999
1902.6000 -714.5400 1792.7999
1903.0800 -714.7200 1793.2200
1902.8400 -714.4200 1793.2799
1903.6200 -714.4800 1793.1599
1903.5000 -714.6000 1792.6799
1903.2000 -714.2400 1791.6000
1903.3800 -714.1200 1791.2999
1903.7999 -714.6000 1791.9600
1903.9800 -714.5400 1791.5399
1904.0399 -714.6000 1791.3600
1904.0399 -714.3600 1791.5399
1903.9199 -714.0600 1791.9600
1904.3999 -714.1200 1792.5000
1904.6400 -714.1200 1793.4600
1904.2200 -714.4200 1793.0399
1903.9199 -714.5400 1793.3999
1903.9199 -714.3000 1793.7000
1903.8600 -714.0600 1794.1799
1903.0199 -714.3000 1795.3199
1902.9600 -714.3600 1796.5800
1902.8999 -713.8200 1796.8199
1902.2400 -713.7600 1797.0599
1902.0599 -713.7000 1797.2999
1901.7000 -713.7000 1798.5599
1901.7600 -713.8200 1798.8600
1902.0000 -714.6000 1798.9800
1902.3600 -715.0200 1798.9800
1902.6000 -714.5400 1799.3400
1902.6599 -714.3000 1799.3400
1902.6599 -714.1800 1799.7600
1902.1799 -713.8800 1799.8800
1902.7799 -714.0600 1800.5399
1903.3800 -714.3000 1801.2000
1903.2000 -714.4800 1801.0800
1903.3800 -714.3600 1801.2600
1903.4399 -713.7600 1801.6200
1903.7400 -713.9400 1802.1599
1903.5599 -714.0600 1803.2400
1903.7400 -713.6400 1803.4199
1904.5800 -713.4000 1803.5399
1905.0000 -713.5200 1803.8999
1905.1200 -713.4000 1805.1000
1905.1200 -713.8200 1805.6400
1905.2999 -713.9400 1805.7000
1905.5399 -714.3600 1805.5200
1905.7200 -714.2400 1805.4600
1906.0199 -713.9400 1805.9399
1906.3800 -713.5800 1807.1400
1907.1000 -713.9400 1807.6200
1907.5800 -713.9400 1807.5000
1907.6400 -713.7000 1807.9800
1908.0599 -713.6400 1808.7600
1908.2999 -713.8800 1809.1799
1908.3600 -713.7000 1809.3600
1908.2999 -714.3600 1809.6000
1908.2400 -714.0000 1810.0800
1908.7200 -713.8800 1811.0399
1909.4399 -714.2400 1811.8800
1910.1599 -714.7800 1812.4800
1910.6400 -714.9600 1812.9600
1910.9399 -714.4800 1813.4399
1911.6599 -714.1200 1813.9199
1912.2600 -713.5800 1814.1599
1912.8600 -713.9400 1814.2200
1913.1599 -714.6600 1814.3400
1913.1599 -714.4800 1815.1200
1913.8800 -714.4200 1815.2999
1915.0800 -714.3600 1815.2400
1915.3800 -714.0600 1815.2400
1915.5599 -713.8800 1815.2400
1915.6799 -714.0600 1814.7000
1916.1000 -714.2400 1815.1799
1916.0399 -714.5400 1814.8199
1916.1000 -714.4200 1815.1200
1916.3400 -714.1800 1815.2999
1916.8199 -714.1800 1815.1799
1918.0800 -714.5400 1814.9399
1918.2600 -714.5400 1814.9399
1918.6200 -714.2400 1815.0000
1918.6200 -714.2400 1815.1799
1918.6200 -714.4200 1815.4199
1918.7999 -714.9000 1815.7200
1918.9800 -715.3800 1816.2000
1918.7400 -715.2600 1815.6599
1919.0399 -715.0200 1816.5000
1919.3400 -715.2600 1816.6200
1919.6400 -715.2600 1816.4399
1919.9399 -715.2600 1815.5399
1919.5800 -715.0800 1815.5399
1919.6400 -715.0800 1815.7799
1920.2999 -715.1400 1815.4800
1920.0000 -714.6000 1815.4199
1919.8199 -714.6600 1816.2600
1919.3400 -714.4800 1817.2200
1919.3400 -715.0800 1817.3999
1919.8800 -714.9000 1817.2200
1919.5199 -715.2000 1817.4600
1919.1599 -715.2000 1817.3999
1918.7999 -715.0200 1816.7999
1919.1599 -714.9600 1816.6799
1919.2200 -715.3200 1816.3800
1919.5800 -715.6800 1816.0800
1919.1000 -715.5600 1815.9600
1918.7400 -715.6800 1815.9600
1918.5000 -715.6200 1816.8600
1918.8600 -715.2600 1816.7999
1918.6799 -714.7200 1817.6400
1919.3400 -715.6800 1816.9800
1919.4600 -716.3400 1816.7999
1919.6400 -715.9800 1816.9800
1919.8800 -715.6800 1816.9800
1919.8199 -715.6200 1816.7999
1919.4600 -715.1400 1816.8600
1919.2799 -714.7200 1817.0399
1919.2799 -715.2600 1817.3999
1919.9399 -715.5000 1818.4199
1920.6599 -715.6800 1819.3199
1920.5399 -715.7400 1820.1000
~G255
-0.2384 0.0758 -0.1634
-0.3844 0.1039 -0.2690
-0.5872 0.1698 -0.4144
-0.8871 0.2358 -0.6020
-1.2995 0.2389 -0.8121
-1.7051 0.1998 -0.9923
-2.1192 0.1643 -1.1334
-2.4106 0.1374 -1.1456
-2.5499 0.1747 -1.1731
-2.4308 0.7074 -1.4162
-2.1186 1.0336 -1.9055
-1.9751 0.7385 -2.5928
-2.3709 -0.2297 -2.9452
-2.4558 -0.5968 -2.6166
-1.6232 -1.1087 -2.1474
-1.5487 -0.2547 -0.8701
-1.4565 1.6787 -0.4224
-0.7014 2.6371 -0.4004
0.7011 1.2798 -0.2849
0.2430 0.0428 -0.3674
-0.0771 -0.1771 -0.0174
0.9626 1.2010 0.0895
1.4714 1.7764 0.3846
1.4763 -0.8625 0.9234
1.7604 -1.5217 0.7230
2.4311 -1.4038 0.9826
2.6492 -1.4361 1.5483
2.9247 -1.0592 2.1848
2.9326 -1.0977 2.3974
2.3786 -1.0580 2.1665
1.5044 -1.5003 1.6069
1.2039 -0.3763 1.6045
0.9186 -0.3897 1.5953
0.1373 -0.4074 1.3925
-0.5322 0.0525 0.9460
-0.7069 0.2089 0.3467
-0.4577 0.9914 -0.3289
-0.5206 1.0788 -0.7993
-0.9134 -0.2969 -0.9532
-0.8560 -0.6933 -1.1084
-0.7436 -0.3708 -1.2263
-0.6587 -0.2126 -1.1859
-0.5915 -0.3500 -1.0387
-0.4962 -0.5070 -0.8671
-0.3819 -0.3525 -0.7272
-0.2659 -0.0721 -0.5769
-0.1449 0.1814 -0.4187
0.0756 0.4075 -0.1682
0.2674 0.3690 0.0517
0.3609 0.1894 0.2258
0.3096 0.0519 0.3583
0.2246 0.0391 0.3992
0.1599 0.0183 0.3773
0.1012 -0.0800 0.3168
0.0200 -0.2187 0.2270
-0.0637 -0.3097 0.1305
-0.1370 -0.2749 -0.0253
-0.1584 -0.1949 -0.1133
-0.1376 -0.1399 -0.1982
-0.0796 -0.1179 -0.2458
-0.0142 -0.1649 -0.2550
0.1019 -0.2584 -0.2312
0.1886 -0.3286 -0.1927
0.2924 -0.4166 -0.1664
0.3486 -0.4514 -0.1420
0.3248 -0.4154 -0.1731
0.3120 -0.2944 -0.2434
0.3871 -0.3005 -0.3130
0.4439 -0.5027 -0.4205
0.1318 -0.4233 -0.5054
-1.4974 0.1203 -0.9153
-1.6214 -0.1154 -1.3558
-0.6923 -0.9603 -1.5879
-0.2524 -1.5284 -1.6093
-1.1565 1.3476 -1.6044
-0.3563 2.5491 -0.8952
-1.1070 3.8900 -1.9617
-1.1406 0.2046 -2.1755
-1.0899 -0.5638 -1.2354
-0.9140 -1.5284 -0.0754
-0.1248 -2.0195 0.3406
0.3279 -2.0549 0.6625
0.7390 -1.1747 1.2453
1.0768 -0.7685 1.5538
1.3205 -0.8314 1.6711
1.4794 -0.7984 1.9637
1.5612 -0.4814 2.1365
1.7255 0.1240 1.5373
1.7097 0.7361 1.1818
1.4928 0.7318 1.1891
1.2625 0.3012 1.1127
1.1416 -0.2443 0.9008
1.0811 -0.5883 0.6699
0.9540 -0.8625 0.3718
0.9119 -0.8576 0.3168
0.8612 -0.8479 0.4280
0.8386 -0.6878 0.5703
0.6394 -0.5736 0.6442
0.5063 -0.4441 0.6827
0.1361 0.0336 0.6448
-0.0215 0.1875 0.5068
-0.0826 0.2670 0.4200
-0.1791 0.2376 0.3229
-0.1865 -0.1552 0.2038
-0.0026 -0.5082 0.0963
0.2081 -0.7501 -0.1035
0.3175 -0.8717 -0.7003
0.9809 -0.3555 0.0083
-0.0228 -0.7269 -0.0412
-0.3435 -0.2169 -0.2379
-0.3190 0.1839 -0.2269
-0.2641 0.2865 -0.1065
0.3071 0.2444 -0.0088
0.3627 0.0012 0.0847
0.2692 0.0733 0.3156
0.1739 0.1136 0.4225
0.0738 0.1631 0.3944
-0.0258 0.1759 0.2875
-0.0374 0.2822 0.2001
0.0579 0.3012 0.1506
0.0353 0.1179 0.0834
-0.0167 0.0214 0.0010
-0.1144 0.0758 -0.0510
-0.1865 0.3903 -0.0949
-0.2488 0.7263 0.0682
-0.4137 1.1161 0.1066
-0.6556 0.9157 0.5892
-0.4290 0.9401 0.4445
-0.1462 0.8632 0.2545
-0.0472 0.4007 0.2215
0.0359 0.1515 0.1622
0.0243 -0.1521 0.1451
0.0377 -0.0177 0.0480
0.1410 0.5443 0.1451
0.1654 1.2193 0.2985
-0.0557 0.8259 0.3834
0.0072 0.4288 0.2777
0.1507 0.3622 0.2856
0.0493 0.4795 0.2129
0.0182 0.3855 0.3204
0.0322 0.4710 0.2533
0.0701 0.6561 0.2905
0.2130 0.8925 0.1897
0.1929 1.0641 0.0022
0.0524 0.9084 -0.0161
-0.0331 0.6506 -0.0705
-0.0930 0.5376 -0.2831
0.0444 1.0580 -0.3454
0.0829 1.9151 -0.5348
0.1110 2.1704 -0.4792
0.0573 1.8357 -0.2929
0.0786 1.4807 -0.4382
0.0622 1.2657 -0.5238
0.0090 1.4142 -0.8585
0.0224 1.3060 -0.9355
-0.0118 1.0250 -0.8359
-0.0710 0.6891 -0.6985
-0.2298 0.2034 -0.6630
-0.4265 -0.5076 -0.5390
-0.5622 -1.5229 0.0773
-0.5334 -2.1301 0.4261
-0.0124 -1.6780 0.3479
0.2246 -0.9988 0.1989
0.2253 -0.7660 0.1696
0.2778 -0.5186 -0.0925
0.1684 -0.6188 -0.0516
0.0066 -1.3757 0.0596
-0.1950 -2.5442 0.1543
-0.1382 -2.9822 0.3858
-0.0014 -2.9468 0.5746
0.0799 -2.2498 0.6289
0.0011 -1.5388 0.7016
-0.2414 -0.1723 0.3925
0.0420 0.8308 -0.0131
0.1703 0.8063 -0.2165
0.1458 0.4753 -0.2049
0.1483 0.0788 -0.0241
0.1086 -0.1771 0.0963
0.0408 -0.2333 0.1567
0.0212 -0.0910 0.1537
0.0475 0.0196 0.0956
0.0286 -0.0476 0.0291
-0.0826 -0.0910 0.0285
-0.1187 0.0147 -0.0058
-0.1584 0.0556 -0.1047
-0.1504 0.0782 -0.1102
-0.1058 0.2095 -0.1603
-0.0527 0.3940 -0.1621
0.1153 0.6671 -0.1902
0.1617 0.7312 -0.0901
0.1061 0.6335 -0.0003
0.0689 0.5443 -0.0003
0.0212 0.5137 0.0193
-0.0026 0.4863 0.0028
0.0188 0.4814 -0.0387
0.0261 0.4679 -0.0100
0.0377 0.5394 0.0559
0.0414 0.5980 0.1610
0.0512 0.6176 0.1885
0.0603 0.6396 0.1757
0.0487 0.5761 0.1677
0.0389 0.4435 0.1824
0.0121 0.3366 0.1995
-0.0393 0.1649 0.1610
-0.0735 -0.0617 0.1054
-0.1058 -0.1906 0.0914
-0.1266 -0.3103 0.1128
-0.1712 -0.4502 0.1268
-0.2176 -0.5675 0.1250
-0.2586 -0.7281 0.0755
-0.3050 -0.8216 -0.0113
-0.3453 -0.8015 -0.0332
-0.3563 -0.8015 -0.0528
-0.3477 -0.8784 -0.0962
-0.3215 -1.0543 -0.1072
-0.3551 -1.5559 -0.1957
-0.2109 -1.7660 -0.2281
-0.0099 -1.8045 -0.2141
0.1373 -1.7776 -0.2703
0.0695 -1.9853 -0.3191
0.0860 -2.1796 -0.3533
0.1923 -2.2932 -0.3002
0.2436 -2.2327 -0.2214
0.2650 -2.0238 -0.2318
0.3444 -2.0097 -0.2269
0.3658 -1.9548 -0.1573
0.3596 -1.9236 -0.0229
0.4250 -2.1417 -0.0082
0.3138 -2.0330 0.1195
0.2686 -1.8998 0.1347
0.1898 -1.7397 0.1439
0.2075 -1.7562 0.1470
0.2894 -1.7703 0.1696
0.1373 -1.6835 0.2233
-0.0808 -1.8503 0.2032
0.0206 -1.9334 0.2068
0.0756 -1.9676 0.2294
0.1122 -1.9645 0.2313
0.1220 -1.9169 0.2178
0.0548 -1.7367 0.1653
-0.0002 -1.5895 0.1048
-0.0374 -1.5259 0.0712
-0.0814 -1.4331 0.0639
-0.1089 -1.2969 0.0724
-0.1736 -1.1008 0.0761
-0.2195 -0.9872 0.0590
-0.2225 -0.9212 0.0627
-0.2243 -0.9047 0.0694
-0.2176 -0.9145 0.0889
-0.1834 -0.9639 0.1201
-0.1730 -1.0574 0.1958
-0.1932 -1.0904 0.2459
-0.2195 -1.1869 0.2624
-0.2506 -1.3011 0.2453
-0.2909 -1.3225 0.1891
