D10
~A78
-0.0096 -0.0503 9.5939
-0.0192 -0.0694 9.7184
-0.0072 -0.0934 9.8333
-0.0168 -0.0934 9.8357
0.0096 -0.0670 9.8261
-0.0048 -0.0862 9.8117
-0.0048 -0.0910 9.8381
-0.0144 -0.0718 9.8213
-0.0215 -0.0646 9.8141
-0.0024 -0.0790 9.8213
-0.0383 -0.0575 9.8309
-0.0455 -0.0599 9.8309
-0.0239 -0.0479 9.8285
-0.0407 -0.0623 9.8285
-0.0455 -0.0742 9.8141
-0.0311 -0.0766 9.8333
-0.0072 -0.0814 9.8117
-0.0168 -0.0886 9.8237
-0.0024 -0.0790 9.8429
0.0120 -0.0455 9.8285
0.0120 -0.0694 9.8261
-0.0120 -0.0599 9.8333
-0.0144 -0.0766 9.8189
-0.0287 -0.0790 9.8069
-0.0215 -0.0670 9.8141
-0.0503 -0.0599 9.8237
-0.0120 -0.0551 9.8309
-0.0168 -0.0575 9.8285
-0.0287 -0.0790 9.8333
-0.0072 -0.0934 9.8213
-0.0072 -0.0718 9.8237
-0.0096 -0.0814 9.8141
-0.0048 -0.0790 9.8189
-0.0263 -0.0551 9.8309
-0.0311 -0.0670 9.8405
-0.0287 -0.0623 9.8357
-0.0287 -0.0766 9.8141
-0.0311 -0.0551 9.8189
-0.0383 -0.0503 9.8237
-0.0120 -0.0742 9.8213
-0.0072 -0.0766 9.8405
-0.0192 -0.0766 9.8141
-0.0096 -0.0694 9.8333
0.0048 -0.0790 9.8141
-0.0072 -0.0958 9.8069
-0.0120 -0.0742 9.8165
-0.0215 -0.0694 9.8285
-0.0239 -0.0575 9.8237
-0.0287 -0.0670 9.8333
-0.0192 -0.0599 9.8381
-0.0263 -0.0479 9.8309
-0.0192 -0.0551 9.8117
-0.0192 -0.0742 9.8333
-0.0287 -0.0742 9.8309
-0.0287 -0.0646 9.8165
-0.0239 -0.0766 9.8189
-0.0215 -0.0718 9.8237
-0.0192 -0.0694 9.8117
-0.0215 -0.0790 9.8141
-0.0144 -0.0694 9.8165
-0.0192 -0.0934 9.8189
-0.0120 -0.0599 9.8261
-0.0048 -0.0790 9.8117
-0.0024 -0.0551 9.8093
-0.0192 -0.0646 9.8213
-0.0144 -0.0646 9.8213
-0.0192 -0.0718 9.8309
-0.0311 -0.0742 9.8357
-0.0311 -0.0742 9.8261
-0.0311 -0.0646 9.8213
-0.0239 -0.0838 9.8213
-0.0072 -0.0790 9.8357
-0.0311 -0.0790 9.8309
-0.0024 -0.0718 9.8333
-0.0215 -0.0790 9.8117
-0.0192 -0.0623 9.8237
-0.0120 -0.0718 9.8189
-0.0144 -0.0575 9.8237
~M78
1884.0599 -746.7600 1755.6000
1883.8800 -747.0000 1755.8999
1883.7000 -747.1200 1755.8999
1883.9399 -746.8200 1755.5399
1884.2400 -746.5800 1754.7600
1884.3600 -746.8800 1755.0000
1884.1799 -746.6400 1754.8199
1884.0599 -746.7600 1754.7000
1884.2400 -747.4800 1756.0200
1884.1799 -747.4800 1756.0200
1884.2999 -747.1200 1754.7600
1883.8800 -746.9400 1755.1200
1883.5199 -746.7600 1754.8800
1884.5399 -747.3000 1754.9399
1884.3600 -747.6600 1755.6599
1884.1200 -747.6600 1756.0200
1883.5800 -747.6600 1755.4800
1884.3600 -747.4800 1755.2999
1884.7200 -746.8200 1755.6000
1884.1799 -747.1800 1755.7799
1883.8199 -747.1200 1755.3600
1884.6599 -747.5400 1756.5000
1884.8400 -747.9600 1756.8600
1885.0800 -747.9000 1757.1599
1885.3199 -747.7200 1756.6799
1885.5000 -747.6000 1756.7999
1884.8999 -747.6000 1756.0200
1884.3600 -747.1800 1755.4800
1884.1200 -746.2200 1755.4800
1883.9399 -747.1800 1754.7600
1884.2999 -747.9000 1756.2000
1884.4199 -747.7800 1756.4399
1883.8800 -747.3000 1755.7200
1883.7600 -747.7800 1755.1799
1883.7600 -747.9600 1755.1799
1884.1799 -747.9000 1755.2999
1884.0000 -747.2400 1755.5399
1883.8800 -747.1800 1755.4199
1884.6599 -747.1200 1755.4800
1884.1200 -747.1200 1755.4199
1884.2400 -747.2400 1755.4199
1883.9399 -747.4800 1754.8800
1883.8199 -747.6600 1754.5800
1884.7799 -747.4200 1755.0599
1884.6599 -747.2400 1755.7799
1883.7600 -747.1200 1755.6599
1883.7600 -747.3600 1755.7200
1884.1799 -747.3600 1755.7200
1884.2999 -747.2400 1755.8999
1884.2400 -746.9400 1755.7200
1883.5800 -746.8800 1755.6000
1883.5199 -746.8800 1755.1200
1883.4600 -746.3400 1754.7600
1883.6400 -746.2800 1754.8800
1884.6599 -746.8200 1756.3800
1884.7200 -746.8200 1756.6799
1883.3400 -747.1200 1755.8999
1883.0399 -747.1200 1755.7200
1883.5800 -747.5400 1755.2999
1883.8800 -747.4800 1755.4800
1884.5399 -747.4800 1755.7200
1884.7799 -747.3000 1755.7200
1884.1200 -746.7600 1755.2999
1883.8800 -746.6400 1755.6599
1884.4199 -746.7600 1756.2600
1883.7600 -746.6400 1756.2000
1883.7000 -746.6400 1755.6000
1884.5399 -747.2400 1755.5399
1884.8999 -747.9000 1755.2400
1884.2999 -747.7800 1754.8199
1883.6400 -747.6600 1755.1200
1883.1599 -747.9600 1755.7799
1884.3600 -747.6000 1756.6200
1884.9600 -747.8400 1757.4600
1885.0800 -746.9400 1757.2799
1884.3600 -746.6400 1755.4800
1884.7200 -747.6600 1755.6000
1884.8400 -747.3000 1755.8999
~G78
0.0041 -0.0006 -0.0058
0.0011 -0.0030 -0.0009
-0.0008 0.0049 0.0010
-0.0008 0.0012 -0.0003
-0.0002 0.0000 -0.0009
0.0005 0.0018 0.0004
0.0011 -0.0006 0.0010
-0.0008 0.0000 -0.0009
-0.0008 -0.0043 0.0004
0.0023 0.0031 0.0004
0.0005 0.0024 0.0010
0.0011 -0.0006 0.0004
-0.0014 0.0000 -0.0009
-0.0008 0.0006 0.0004
-0.0002 -0.0024 0.0004
0.0005 0.0000 -0.0009
-0.0014 -0.0006 -0.0009
0.0011 0.0006 -0.0003
-0.0002 -0.0006 -0.0009
0.0005 -0.0006 -0.0003
0.0005 0.0000 0.0004
0.0005 -0.0024 -0.0003
-0.0014 0.0037 -0.0009
-0.0014 -0.0006 0.0004
0.0005 -0.0018 -0.0045
0.0005 -0.0018 -0.0021
0.0011 0.0000 -0.0027
0.0023 -0.0018 0.0010
0.0017 -0.0018 -0.0003
0.0005 -0.0018 0.0022
0.0023 0.0006 -0.0021
0.0035 0.0006 0.0004
0.0005 0.0018 -0.0015
0.0005 0.0000 0.0022
-0.0002 0.0000 -0.0009
-0.0002 0.0006 -0.0009
-0.0020 -0.0018 -0.0027
-0.0002 -0.0012 -0.0009
-0.0002 -0.0030 0.0004
0.0005 -0.0018 -0.0003
-0.0014 0.0006 -0.0003
0.0005 -0.0018 -0.0021
-0.0002 0.0024 0.0016
0.0005 -0.0006 0.0004
0.0023 -0.0012 0.0022
0.0023 -0.0018 -0.0009
-0.0002 -0.0030 0.0004
0.0017 -0.0006 -0.0003
0.0017 -0.0006 0.0034
-0.0002 -0.0012 -0.0003
0.0011 -0.0018 0.0010
0.0017 -0.0024 -0.0015
-0.0002 -0.0037 -0.0003
0.0005 -0.0018 -0.0003
-0.0014 -0.0006 -0.0003
-0.0008 0.0000 -0.0021
-0.0014 0.0000 0.0028
0.0011 0.0006 -0.0003
-0.0002 -0.0012 -0.0003
-0.0008 -0.0012 0.0004
-0.0002 0.0006 -0.0003
-0.0002 -0.0006 0.0004
0.0005 -0.0006 0.0004
-0.0014 -0.0024 0.0022
0.0011 0.0006 -0.0003
-0.0002 -0.0018 -0.0003
-0.0008 -0.0006 -0.0009
0.0017 0.0000 -0.0009
-0.0002 -0.0006 -0.0015
0.0011 0.0024 0.0004
0.0011 -0.0006 -0.0021
-0.0014 0.0006 0.0010
0.0005 -0.0012 -0.0021
0.0011 0.0006 -0.0003
0.0011 0.0024 -0.0015
0.0011 0.0012 0.0004
0.0011 -0.0012 -0.0015
0.0005 -0.0018 -0.0015
