D10
~A71
0.0192 0.0168 9.6561
0.0096 0.0048 9.7088
-0.0215 -0.0120 9.8500
-0.0144 -0.0144 9.8477
-0.0311 -0.0192 9.8692
0.0000 -0.0168 9.8572
-0.0335 -0.0048 9.8620
-0.0239 0.0072 9.8692
-0.0168 0.0239 9.8453
-0.0239 0.0335 9.8453
-0.0287 0.0120 9.8572
-0.0120 -0.0024 9.8453
-0.0263 -0.0335 9.8477
-0.0024 -0.0431 9.8405
-0.0383 -0.0431 9.8309
-0.0192 -0.0407 9.8333
-0.0144 -0.0263 9.8357
-0.0144 -0.0287 9.8405
-0.0072 -0.0144 9.8524
-0.0168 0.0024 9.8477
-0.0120 -0.0048 9.8477
0.0024 -0.0024 9.8357
-0.0120 -0.0048 9.8333
-0.0263 -0.0096 9.8477
-0.0215 -0.0024 9.8453
-0.0359 -0.0120 9.8333
-0.0431 -0.0192 9.8500
-0.0407 -0.0263 9.8692
-0.0431 0.0000 9.8548
-0.0168 0.0000 9.8213
-0.0311 0.0335 9.8069
-0.0215 -0.0144 9.8333
-0.0120 -0.0311 9.8620
0.0024 -0.0431 9.8405
-0.0048 -0.0120 9.8333
-0.0168 -0.0048 9.8309
-0.0120 0.0024 9.8524
-0.0239 -0.0024 9.8548
-0.0263 0.0072 9.8429
-0.0287 -0.0168 9.8261
-0.0407 -0.0335 9.8500
-0.0096 -0.0359 9.8405
-0.0144 -0.0144 9.8117
-0.0120 -0.0144 9.8357
-0.0144 0.0000 9.8381
-0.0168 -0.0024 9.8572
-0.0144 -0.0096 9.8309
-0.0311 -0.0215 9.8309
-0.0383 -0.0215 9.8524
-0.0120 -0.0048 9.8596
-0.0168 0.0024 9.8596
-0.0192 0.0144 9.8500
-0.0048 0.0120 9.8357
-0.0048 -0.0144 9.8333
-0.0215 -0.0311 9.8405
-0.0287 -0.0311 9.8429
-0.0287 -0.0215 9.8357
-0.0407 -0.0144 9.8381
-0.0144 -0.0263 9.8357
-0.0311 -0.0048 9.8548
-0.0168 -0.0048 9.8405
-0.0215 -0.0096 9.8453
-0.0168 -0.0239 9.8213
-0.0335 -0.0263 9.8285
-0.0311 -0.0335 9.8405
-0.0263 -0.0215 9.8381
-0.0287 -0.0048 9.8357
-0.0072 -0.0144 9.8381
-0.0024 -0.0215 9.8524
-0.0120 -0.0263 9.8477
-0.0287 0.0096 9.8309
~M71
1883.5800 -746.8200 1754.7000
1883.6400 -746.9400 1754.8199
1884.4800 -747.3000 1755.5399
1884.6000 -747.7200 1756.9800
1885.0199 -747.7800 1757.2200
1883.5199 -747.1200 1755.7799
1882.9800 -747.0000 1755.2400
1883.1000 -747.5400 1755.4800
1883.1000 -747.6000 1755.7200
1883.8199 -747.5400 1755.6000
1883.5800 -747.6000 1755.6000
1883.6400 -747.6000 1755.5399
1883.2200 -747.4200 1755.2400
1883.6400 -746.6400 1755.3600
1883.8199 -746.7000 1755.6599
1884.0599 -747.0600 1755.7799
1884.3600 -747.2400 1755.4199
1883.8199 -747.2400 1755.1200
1883.3400 -747.7200 1754.9399
1882.9800 -748.0200 1755.1200
1883.1599 -748.0200 1755.4199
1884.1200 -747.6000 1755.7799
1884.0599 -747.0600 1755.6000
1884.2999 -747.1200 1755.0599
1884.0599 -747.6000 1755.2999
1883.2200 -747.3600 1754.5200
1883.8800 -747.5400 1755.0599
1884.2400 -747.1200 1756.5599
1884.5399 -747.2400 1756.3199
1884.8400 -747.5400 1756.5599
1884.8400 -747.8400 1757.5800
1885.5000 -747.9600 1757.4600
1885.5000 -747.8400 1757.4600
1884.4800 -747.6600 1756.9199
1883.2200 -747.5400 1755.2400
1883.6400 -747.1800 1755.3600
1884.0000 -746.9400 1755.8400
1883.9399 -747.6600 1756.1400
1883.3999 -747.4800 1755.9600
1883.1000 -747.7800 1755.6599
1883.7600 -747.1200 1755.5399
1883.3400 -747.0000 1755.6000
1884.0000 -747.0600 1755.7200
1884.3600 -747.3600 1756.0200
1884.4199 -747.8400 1756.0200
1884.2400 -747.6000 1755.5399
1883.7000 -747.0600 1755.4199
1883.5199 -746.8200 1755.0000
1883.5800 -746.4600 1754.9399
1884.3600 -746.7600 1755.6599
1883.9399 -747.3000 1756.2000
1883.1000 -747.0000 1755.4800
1883.2799 -747.0000 1755.7200
1883.4600 -746.8200 1755.8999
1884.1799 -747.1200 1756.1400
1885.0199 -747.5400 1756.3800
1884.6000 -747.7800 1755.7200
1884.2400 -747.4800 1755.2400
1883.7000 -747.3600 1756.0800
1883.3999 -747.4200 1756.2600
1883.5199 -747.3600 1756.5000
1884.0000 -747.4800 1756.2000
1883.7600 -747.3000 1755.8400
1883.7600 -747.3000 1756.1400
1884.1799 -747.0000 1755.4199
1883.7600 -746.8200 1754.5200
1884.2999 -746.5800 1754.2799
1883.7000 -747.4800 1754.7000
1883.8199 -747.1200 1755.6000
1883.5800 -747.3000 1756.2000
1883.5800 -747.3600 1756.3800
~G71
0.0011 -0.0012 -0.0009
0.0011 -0.0012 -0.0009
0.0011 0.0006 0.0010
0.0005 -0.0006 -0.0009
0.0017 0.0018 -0.0003
0.0005 0.0031 0.0010
-0.0008 -0.0030 -0.0009
-0.0014 0.0000 0.0010
-0.0008 0.0000 -0.0015
-0.0014 0.0006 -0.0015
-0.0020 -0.0006 -0.0003
-0.0044 0.0024 0.0028
-0.0026 0.0000 -0.0003
0.0005 -0.0024 -0.0021
0.0011 0.0006 -0.0021
0.0005 0.0012 -0.0003
0.0005 -0.0006 -0.0009
0.0023 0.0006 -0.0003
-0.0020 -0.0012 0.0016
0.0005 -0.0018 -0.0021
-0.0002 -0.0006 -0.0009
0.0023 -0.0030 0.0004
0.0023 0.0000 -0.0003
0.0023 -0.0012 -0.0009
0.0017 0.0018 0.0004
0.0029 -0.0024 -0.0009
0.0005 0.0031 -0.0009
-0.0014 -0.0030 -0.0021
-0.0014 -0.0030 -0.0009
-0.0008 -0.0012 0.0004
0.0005 0.0018 0.0004
-0.0008 0.0012 -0.0003
-0.0002 0.0006 0.0016
-0.0020 -0.0012 0.0010
0.0011 0.0031 0.0010
-0.0008 0.0000 -0.0009
0.0011 -0.0018 -0.0015
-0.0020 0.0018 0.0010
0.0005 0.0006 0.0022
-0.0008 -0.0012 -0.0027
0.0011 -0.0018 0.0004
0.0005 0.0006 -0.0003
0.0005 -0.0012 -0.0021
0.0011 0.0000 -0.0009
0.0017 -0.0012 0.0010
0.0023 0.0000 0.0010
0.0005 -0.0012 -0.0003
-0.0002 0.0000 -0.0021
-0.0008 0.0018 -0.0003
-0.0008 -0.0030 -0.0003
-0.0002 -0.0037 0.0004
-0.0014 -0.0006 0.0004
-0.0032 -0.0018 -0.0015
-0.0002 -0.0012 -0.0021
-0.0014 0.0006 0.0004
0.0017 -0.0018 0.0004
0.0011 -0.0024 0.0010
-0.0002 -0.0006 -0.0003
-0.0008 0.0024 -0.0009
0.0005 0.0018 -0.0003
0.0005 -0.0030 -0.0003
-0.0008 0.0018 -0.0009
0.0005 -0.0006 0.0004
0.0005 0.0000 0.0016
0.0023 -0.0006 0.0004
0.0011 0.0012 -0.0003
-0.0020 0.0018 -0.0003
0.0005 0.0006 0.0004
0.0011 0.0000 0.0004
0.0035 -0.0012 0.0016
0.0005 -0.0006 0.0004
