D10
~A113
0.0000 0.0048 9.5172
-0.0239 0.0048 9.7279
-0.0072 -0.0263 9.7639
-0.0239 -0.0096 9.8357
-0.0048 -0.0024 9.8189
-0.0072 -0.0287 9.8189
-0.0072 -0.0431 9.8333
-0.0383 -0.0215 9.8453
-0.0239 -0.0479 9.8357
-0.0048 -0.0407 9.8500
-0.0359 -0.0407 9.8548
-0.0239 -0.0455 9.8548
-0.0168 -0.0215 9.8548
-0.0072 -0.0048 9.8812
-0.0192 0.0120 9.6777
0.0144 -0.0383 9.8620
-0.0072 -0.0527 9.8716
-0.0120 -0.0934 9.8548
-0.0455 -0.0838 9.7854
-0.0024 -0.0239 9.8022
-0.0383 -0.0072 9.8381
-0.0335 -0.0335 9.9147
-0.0527 -0.0215 9.8429
-0.0503 -0.0263 9.8357
-0.0024 -0.0623 9.8979
0.0000 -0.0527 9.8907
0.0024 -0.0239 9.8836
-0.0120 -0.0551 9.8405
-0.0096 -0.0862 9.7543
-0.0383 -0.0838 9.7160
-0.0144 -0.1197 9.7950
-0.0431 -0.1341 9.8165
-0.0575 -0.1245 9.8931
-0.0599 -0.1053 9.8357
-0.0144 -0.0838 9.8189
-0.0862 0.0192 9.7471
-0.0551 -0.0599 9.8453
-0.0311 -0.1628 9.7591
-0.0527 -0.1413 9.7974
-0.0120 -0.0359 9.9171
-0.0024 -0.0048 9.8931
0.0096 0.0215 9.8381
0.0072 0.0144 9.7998
-0.0048 -0.0503 9.8022
-0.0192 -0.1221 9.8788
-0.0263 -0.1484 9.8381
-0.0407 -0.1556 9.8261
-0.0048 -0.1317 9.8165
0.0192 -0.0958 9.7567
0.0144 -0.0383 9.7830
0.0000 -0.0287 9.8213
-0.0168 -0.0694 9.8261
-0.0024 -0.1197 9.8285
0.0239 -0.1437 9.8261
0.0215 -0.0934 9.7088
0.0479 -0.0790 9.6250
-0.0982 0.0120 10.0009
-0.1748 0.0239 9.9195
-0.1293 -0.0287 10.1062
-0.1389 0.0287 9.8046
-0.1197 -0.0144 9.8093
-0.0718 0.0144 9.7399
0.0024 -0.0407 9.7184
0.0455 -0.1580 9.7710
0.0575 -0.1676 9.8309
0.0239 -0.0934 9.8596
0.0407 0.0168 9.8860
0.0144 0.0575 9.8692
-0.0168 -0.0144 9.8812
-0.0120 -0.0742 9.8117
-0.0144 -0.0958 9.7567
-0.0168 -0.0862 9.8357
-0.0407 -0.0383 9.8381
-0.0359 -0.0215 9.8165
-0.0359 -0.0215 9.8405
-0.0120 -0.0215 9.8884
-0.0263 -0.0168 9.9219
-0.0455 -0.0024 9.8261
-0.0383 -0.0024 9.8524
-0.0431 -0.0168 9.8788
-0.0263 -0.0527 9.8141
0.0144 -0.0359 9.8165
0.0000 -0.0311 9.8189
-0.0048 -0.0335 9.8117
0.0096 -0.0551 9.8046
-0.0215 -0.1006 9.8213
0.0024 -0.1149 9.8046
-0.0024 -0.0790 9.8261
-0.0263 -0.0455 9.8381
-0.0479 -0.0144 9.8644
-0.0383 0.0072 9.8429
-0.0646 0.0048 9.8740
-0.0623 -0.0072 9.8716
-0.0383 -0.0144 9.8620
-0.0144 -0.0168 9.8979
-0.0072 -0.0287 9.8836
0.0168 0.0048 9.8572
-0.0072 0.0000 9.8716
-0.0120 0.0048 9.8213
-0.0335 -0.0048 9.8093
-0.0551 -0.0383 9.8309
-0.0646 -0.0527 9.8333
-0.0742 -0.0958 9.8069
-0.0910 -0.1197 9.7902
-0.0192 -0.2179 9.7519
0.0096 -0.1293 9.7112
0.0168 -0.0311 9.9195
0.0383 -0.0120 9.9147
0.0407 -0.0311 9.7447
0.0192 -0.0718 9.8141
-0.0742 -0.0599 9.7591
-0.0311 -0.1365 9.7327
0.0359 -0.1676 9.7902
~M113
1886.1599 -747.4200 1757.3999
1884.8999 -747.3600 1757.0399
1883.4600 -746.6400 1755.8999
1883.1599 -746.6400 1756.1400
1883.8199 -746.8800 1755.7799
1884.1200 -746.7000 1755.8400
1884.7200 -746.7600 1756.2600
1884.2400 -746.2800 1756.2000
1884.1799 -746.4000 1756.1400
1883.7600 -746.8200 1756.5000
1883.6400 -746.3400 1755.8999
1883.7600 -746.8200 1756.3199
1883.7600 -746.6400 1757.2200
1883.7000 -746.5800 1755.8999
1883.7000 -746.7600 1754.7600
1883.7600 -746.4000 1754.8199
1883.8800 -746.7600 1755.3600
1884.6000 -746.4600 1755.8999
1884.7200 -746.1000 1755.7200
1884.4199 -746.8200 1755.6000
1884.4800 -746.7000 1756.3800
1884.5399 -746.8800 1756.1400
1884.3600 -747.1200 1755.8400
1884.1799 -746.5800 1755.9600
1883.8800 -746.8200 1756.0200
1884.1200 -746.8800 1755.2400
1883.8800 -746.4000 1755.4800
1883.5800 -746.4000 1755.8999
1884.4199 -746.5200 1756.5000
1884.5399 -746.3400 1756.6200
1883.8199 -746.8800 1755.5399
1884.1200 -747.0000 1755.7799
1883.1599 -746.6400 1755.1200
1883.1000 -746.8200 1756.1400
1884.2999 -747.3600 1756.7400
1883.8800 -747.1200 1755.6599
1883.8800 -746.8800 1755.7799
1884.2400 -747.0600 1756.3199
1883.8800 -747.4800 1755.7799
1883.8199 -747.3600 1755.6000
1883.3400 -747.2400 1755.8999
1883.3400 -747.3600 1756.0800
1883.2200 -747.2400 1755.4199
1883.3999 -747.0600 1754.3400
1884.0000 -747.0600 1755.2400
1884.0000 -747.1800 1755.8400
1883.9399 -746.8800 1755.5399
1883.8199 -747.0600 1755.8999
1883.8199 -747.1800 1755.7200
1883.7600 -746.8800 1755.4800
1884.1799 -746.4600 1756.2000
1884.0000 -746.1600 1756.3800
1884.0599 -747.0000 1756.7999
1884.2400 -747.7200 1757.4600
1884.4800 -747.5400 1757.1599
1884.7799 -747.0000 1757.0399
1884.8400 -747.1800 1756.5000
1884.0000 -746.5800 1756.6200
1883.5800 -745.7400 1756.3199
1883.8800 -746.2800 1756.2600
1884.0000 -746.4600 1755.8999
1884.0000 -746.7600 1756.0800
1884.0000 -746.4600 1755.6599
1883.3999 -746.8200 1755.2999
1883.2799 -746.4600 1755.0000
1883.3400 -746.5200 1755.1200
1883.8800 -746.5200 1755.4199
1884.4199 -746.1600 1755.9600
1884.3600 -746.1000 1756.3800
1884.6000 -746.1000 1756.5599
1884.2400 -746.4000 1756.3199
1884.1799 -746.5800 1756.0800
1884.4199 -746.6400 1756.1400
1884.1200 -746.2800 1755.8999
1884.0599 -746.4600 1755.0000
1884.1200 -746.7000 1755.3600
1884.6599 -746.5200 1755.5399
1884.1200 -746.7000 1755.9600
1883.7000 -746.5800 1756.1400
1884.0000 -746.5200 1755.7200
1884.1799 -745.9800 1755.8999
1884.8400 -746.6400 1756.5000
1884.7799 -747.0000 1755.4800
1883.7000 -746.7600 1754.8800
1883.3400 -746.5800 1756.2600
1882.9800 -746.5800 1755.7799
1883.6400 -746.8200 1756.0200
1883.8199 -746.6400 1755.9600
1884.1799 -746.7600 1755.9600
1883.7000 -746.7600 1755.6599
1883.6400 -746.5800 1755.4199
1884.1799 -746.8200 1755.1799
1884.3600 -747.3600 1755.6000
1884.4199 -746.7000 1755.7200
1884.0000 -746.6400 1756.2000
1882.7999 -746.8200 1755.8400
1883.7600 -747.2400 1755.6599
1884.2999 -747.5400 1756.0200
1884.8999 -747.0600 1756.1400
1884.1799 -746.7000 1755.2400
1883.8800 -746.7600 1754.8800
1883.4600 -747.2400 1754.9399
1883.7600 -746.7600 1755.7200
1885.0800 -746.4600 1756.8600
1884.3600 -746.5800 1756.6799
1883.4600 -746.2200 1756.0800
1883.8199 -746.5800 1756.0800
1884.0000 -747.1200 1755.2400
1884.2400 -747.3600 1755.6000
1884.4199 -747.1800 1756.8600
1884.7799 -747.2400 1757.3400
1884.2999 -747.1200 1756.9199
1884.5399 -746.9400 1756.9199
~G113
-0.0087 0.0000 -0.0021
-0.0063 -0.0006 -0.0015
-0.0032 0.0012 -0.0015
-0.0069 0.0018 -0.0021
-0.0105 0.0031 0.0004
-0.0093 0.0006 -0.0009
-0.0075 -0.0018 -0.0015
-0.0075 -0.0006 -0.0003
-0.0069 0.0000 -0.0009
-0.0075 0.0000 -0.0021
-0.0069 -0.0024 0.0004
-0.0087 0.0012 0.0016
-0.0112 0.0006 -0.0003
-0.0142 0.0006 -0.0009
-0.0142 -0.0018 -0.0021
-0.0112 0.0006 -0.0021
-0.0112 -0.0006 -0.0009
-0.0124 -0.0037 -0.0003
-0.0112 -0.0037 0.0010
-0.0093 0.0018 0.0010
-0.0105 -0.0030 -0.0003
-0.0124 0.0006 -0.0003
-0.0142 -0.0006 0.0004
-0.0142 -0.0012 -0.0009
-0.0173 0.0000 -0.0009
-0.0167 0.0031 0.0016
-0.0160 0.0000 -0.0021
-0.0173 -0.0012 -0.0021
-0.0148 -0.0037 -0.0009
-0.0093 -0.0024 -0.0021
-0.0069 0.0000 -0.0015
-0.0032 0.0037 0.0010
-0.0044 -0.0012 0.0004
-0.0026 -0.0018 -0.0003
-0.0020 0.0024 -0.0009
-0.0002 -0.0030 -0.0015
-0.0008 0.0031 -0.0009
0.0029 0.0000 0.0004
0.0011 0.0006 0.0022
-0.0020 0.0031 0.0028
-0.0002 -0.0012 -0.0015
-0.0008 0.0012 -0.0009
-0.0026 0.0012 0.0016
-0.0020 0.0006 -0.0021
-0.0032 0.0000 0.0010
-0.0014 -0.0018 -0.0003
0.0011 -0.0018 -0.0015
0.0011 0.0018 0.0010
0.0047 0.0006 0.0010
0.0041 0.0000 0.0022
0.0066 -0.0024 0.0004
0.0066 -0.0012 0.0004
0.0084 -0.0012 0.0004
0.0108 -0.0024 -0.0009
0.0121 0.0037 0.0046
0.0224 0.0000 0.0010
0.0169 0.0055 0.0034
0.0151 -0.0012 -0.0009
0.0078 -0.0012 -0.0003
0.0029 -0.0037 0.0010
0.0029 -0.0018 -0.0009
0.0017 0.0012 -0.0003
0.0041 0.0012 -0.0015
0.0121 0.0024 -0.0015
0.0157 0.0018 -0.0021
0.0133 0.0012 0.0016
0.0114 -0.0006 0.0004
0.0072 0.0000 -0.0003
0.0047 0.0018 -0.0009
0.0029 0.0018 0.0004
0.0078 -0.0018 -0.0009
0.0108 -0.0006 0.0004
0.0133 0.0012 0.0010
0.0114 0.0018 0.0004
0.0108 -0.0006 -0.0003
0.0102 -0.0012 -0.0015
0.0053 -0.0012 0.0016
0.0041 -0.0006 0.0010
0.0005 0.0006 -0.0003
-0.0020 -0.0006 -0.0009
-0.0002 -0.0018 -0.0015
0.0011 -0.0018 0.0004
0.0005 -0.0012 -0.0003
-0.0002 0.0006 -0.0015
0.0005 0.0006 -0.0003
0.0017 0.0000 0.0010
0.0023 0.0012 0.0004
0.0035 0.0012 0.0022
0.0023 0.0006 -0.0009
0.0017 0.0006 -0.0003
-0.0014 0.0000 -0.0003
-0.0014 0.0018 0.0022
-0.0044 -0.0024 -0.0003
-0.0093 -0.0018 0.0004
-0.0087 -0.0006 -0.0009
-0.0136 -0.0024 -0.0027
-0.0160 -0.0024 -0.0003
-0.0191 -0.0024 -0.0021
-0.0191 -0.0024 0.0010
-0.0191 -0.0037 -0.0021
-0.0215 0.0000 -0.0003
-0.0221 -0.0018 -0.0009
-0.0197 -0.0024 -0.0033
-0.0179 -0.0037 -0.0015
-0.0118 -0.0024 -0.0021
-0.0075 -0.0024 -0.0003
-0.0057 -0.0012 -0.0015
-0.0118 0.0000 -0.0003
-0.0093 -0.0006 -0.0003
-0.0063 0.0012 0.0010
-0.0057 0.0012 0.0016
-0.0032 -0.0006 -0.0033
-0.0002 0.0000 -0.0003
