D10
~A40
0.0120 -0.0359 9.6370
-0.0263 -0.0862 9.8788
-0.0359 -0.0718 9.8189
-0.0263 -0.0670 9.8429
-0.0144 -0.0623 9.8453
-0.0287 -0.0766 9.8477
-0.0287 -0.0790 9.8548
-0.0048 -0.0646 9.8453
-0.0144 -0.0599 9.8333
-0.0215 -0.0742 9.8333
-0.0144 -0.0646 9.8477
-0.0239 -0.0742 9.8620
-0.0287 -0.0838 9.8572
-0.0024 -0.0623 9.8261
-0.0192 -0.0790 9.8405
-0.0287 -0.0646 9.8429
-0.0120 -0.0527 9.8381
-0.0192 -0.0646 9.8333
-0.0215 -0.0742 9.8668
-0.0168 -0.0646 9.8405
-0.0120 -0.0694 9.8429
-0.0168 -0.0646 9.8596
-0.0192 -0.0623 9.8237
-0.0287 -0.0790 9.8429
-0.0335 -0.0718 9.8429
-0.0407 -0.0623 9.8429
-0.0311 -0.0670 9.8477
-0.0431 -0.0742 9.8381
-0.0287 -0.0623 9.8500
-0.0144 -0.0718 9.8429
-0.0215 -0.0599 9.8500
-0.0024 -0.0670 9.8572
-0.0024 -0.0479 9.8285
-0.0144 -0.0670 9.8548
-0.0215 -0.0694 9.8500
-0.0144 -0.0742 9.8477
-0.0096 -0.0623 9.8333
-0.0407 -0.0742 9.8405
-0.0311 -0.0599 9.8453
-0.0096 -0.0814 9.8500
~M40
1885.1400 -747.5400 1756.7400
1884.7200 -747.6000 1756.7999
1884.5399 -747.7800 1756.7400
1884.4800 -747.4200 1756.2000
1883.8199 -747.4200 1755.4800
1884.1799 -747.7200 1755.4800
1883.3400 -747.8400 1755.6000
1882.8600 -748.5000 1756.2000
1883.5800 -747.9000 1756.0200
1883.8800 -747.1800 1755.0599
1884.1799 -747.1800 1755.6000
1883.6400 -747.1800 1755.7799
1884.0000 -747.4200 1756.3199
1884.1799 -747.6000 1756.6799
1884.4199 -747.5400 1756.3800
1883.9399 -747.4200 1756.1400
1884.0000 -747.4200 1755.2999
1884.4199 -746.6400 1755.1200
1884.2999 -746.8200 1755.6599
1884.2400 -746.8800 1755.6599
1884.1200 -747.6600 1756.6799
1884.0000 -747.6000 1756.3199
1884.4199 -747.1200 1755.3600
1884.5399 -747.1800 1755.3600
1884.1200 -747.3600 1755.8999
1884.0000 -747.4800 1755.9600
1884.1200 -747.6000 1755.3600
1883.8199 -747.4800 1755.4199
1883.7000 -747.5400 1755.2999
1883.3999 -747.7200 1755.1799
1883.1599 -747.6000 1755.3600
1883.2799 -746.6400 1755.6000
1883.8199 -746.5200 1755.8400
1884.1799 -747.3000 1755.9600
1884.0599 -747.7800 1755.4199
1884.1799 -747.4800 1754.8800
1884.0000 -747.3600 1755.5399
1883.8800 -747.2400 1756.0200
1883.7600 -746.9400 1755.7200
1883.7000 -747.3000 1755.2999
~G40
-0.0002 -0.0098 -0.0021
-0.0014 0.0061 -0.0021
0.0017 0.0012 -0.0015
-0.0008 -0.0043 -0.0003
-0.0014 0.0024 -0.0003
-0.0002 -0.0006 0.0016
0.0011 -0.0049 -0.0033
-0.0008 -0.0018 -0.0009
-0.0008 0.0031 -0.0003
0.0023 0.0018 -0.0003
-0.0002 -0.0024 0.0010
0.0011 -0.0012 -0.0009
0.0005 -0.0006 -0.0009
0.0011 -0.0018 -0.0003
0.0005 -0.0024 0.0004
-0.0014 0.0000 -0.0003
-0.0002 0.0000 -0.0003
0.0005 0.0006 -0.0009
0.0011 0.0000 0.0004
-0.0002 0.0006 0.0022
0.0011 -0.0018 0.0004
-0.0002 -0.0012 0.0010
0.0005 -0.0006 -0.0003
-0.0002 -0.0012 -0.0003
-0.0002 0.0000 -0.0003
0.0029 -0.0049 -0.0033
0.0017 -0.0018 -0.0009
0.0005 0.0012 0.0016
-0.0008 -0.0037 -0.0027
0.0023 -0.0018 -0.0021
0.0011 0.0006 0.0028
0.0005 -0.0006 -0.0015
0.0005 -0.0012 -0.0009
-0.0002 0.0006 0.0004
-0.0002 -0.0024 0.0022
-0.0020 0.0000 -0.0009
-0.0002 0.0031 0.0022
-0.0014 -0.0012 -0.0009
-0.0014 0.0000 -0.0003
-0.0008 0.0000 0.0004
