D10
~A97
0.5579 -0.8859 11.8421
0.8787 0.5220 10.5444
1.1756 0.3328 9.8620
1.2953 0.2921 9.5699
1.2378 0.2370 9.6968
1.3097 0.5243 10.1350
1.3552 0.8428 10.5899
1.3384 1.1062 10.7359
1.3719 1.1708 10.4678
1.2211 1.0942 9.9674
0.9338 0.8045 9.5986
0.9960 0.5004 9.4430
1.2235 0.4789 9.5723
1.4557 0.5914 9.6801
1.5419 0.7039 9.8453
1.4940 0.9817 9.9147
1.2881 1.0655 9.8596
1.1780 0.9649 9.7806
1.2785 1.0319 9.8596
1.2498 0.9553 9.5867
1.1660 0.8452 9.1749
1.1277 0.9673 8.8923
0.9242 1.0846 8.9067
0.9840 1.1564 9.1773
1.4390 1.1684 9.4263
1.6353 1.1085 9.4334
1.5539 1.1684 9.0743
1.4557 1.0942 8.8109
1.9058 1.2019 8.2674
1.8915 1.5611 8.0735
1.6520 2.3440 7.4821
2.0064 1.7358 6.8476
1.9944 0.7111 5.7319
1.0511 -0.2514 4.0798
0.4142 -0.1173 0.6728
0.0383 0.0000 0.0838
0.0215 -0.0168 0.1101
0.0287 0.0000 0.1077
0.0144 -0.0096 0.1197
0.0359 -0.0048 0.1317
0.0287 -0.0072 0.1652
0.0335 -0.0024 0.1915
0.0192 0.0072 0.2035
0.0168 0.0024 0.2251
0.0215 0.0024 0.2394
0.0096 -0.0120 0.2466
0.0120 -0.0096 0.2969
0.0144 -0.0048 0.3065
0.0359 -0.0120 0.3807
0.0144 -0.0048 0.3951
0.0168 -0.0120 0.4405
0.0311 -0.0215 0.4382
0.0431 0.0048 0.4501
0.0383 0.0096 0.4956
0.0215 -0.0024 0.5076
0.0407 0.0048 0.5339
0.0215 0.0096 0.5842
0.0096 0.0096 0.6058
0.0239 0.0048 0.6297
0.0144 -0.0048 0.6776
0.0120 0.0048 0.7015
-0.0024 0.0215 0.7326
-0.0024 0.0072 0.7781
0.0239 0.0096 0.8069
0.0000 0.0096 0.8619
0.0287 0.0024 0.9026
0.0263 0.0144 0.9457
0.0239 0.0096 0.9817
0.0192 0.0000 1.0104
0.0192 0.0024 1.0535
0.0120 0.0024 1.1038
0.0263 0.0000 1.1828
0.0144 0.0168 1.5180
-5.6050 -4.1229 60.2040
-17.4040 -49.6956 78.1348
40.4297 38.7657 53.2822
2.7678 1.3528 1.8963
1.4653 0.1532 1.1253
1.8915 0.3328 4.0822
4.2211 2.8013 10.2283
5.6960 3.9434 11.9019
3.8883 1.5084 8.6218
0.5243 0.1125 6.4047
1.4366 2.4302 7.3241
2.3440 3.4693 9.1916
2.4877 1.8604 10.0607
1.9011 0.6632 10.0009
1.7981 1.3025 9.5125
2.1118 1.8867 9.3808
2.1501 1.9034 9.4454
2.0399 1.6497 9.4933
2.0232 1.5491 9.5244
2.0710 1.6616 9.5532
2.0854 1.7095 9.5101
2.0447 1.6544 9.5077
2.0567 1.6353 9.5196
2.0830 1.6568 9.5125
~M97
-8.0400 15.9600 -40.9800
-8.3400 15.4800 -40.9200
-8.2200 16.0800 -40.8600
-8.7600 16.2000 -40.6800
-8.7600 14.2200 -38.7000
-7.9200 13.4400 -37.6800
-7.5000 13.9800 -37.2600
-7.5600 13.9800 -36.1800
-8.1000 14.1600 -36.0000
-9.2400 14.7000 -36.0000
-10.2000 14.7600 -35.7000
-9.7800 15.0000 -34.9200
-9.5400 15.6000 -34.8000
-9.7200 15.8400 -35.5200
-9.7200 16.8000 -36.6600
-10.2600 18.6600 -38.0400
-11.1000 19.6800 -38.2800
-10.8600 19.7400 -38.6400
-10.0200 20.6400 -38.9400
-10.0800 20.7600 -38.2800
-9.2400 21.4800 -38.2800
-9.0600 22.0200 -38.2800
-9.4200 21.9000 -38.7000
-9.1800 22.2600 -39.1800
-8.1000 22.3800 -39.0600
-7.1400 22.5600 -38.8200
-6.6000 22.8000 -38.3400
-6.3000 23.1000 -38.1000
-5.7600 24.4200 -38.2800
-5.1600 24.4800 -38.2800
-4.0200 24.7800 -38.5200
-3.7800 25.3800 -39.1800
-3.6000 25.4400 -39.1800
-2.5800 25.9200 -39.4800
-2.5200 25.8600 -39.4800
-1.8000 25.6800 -39.8400
-0.3600 26.2200 -39.9000
0.6600 25.5600 -39.4200
-6.2400 17.0400 -40.8600
-13.6800 9.7200 -42.5400
-13.4400 9.9000 -42.3600
-12.3000 11.7600 -42.9000
-11.3400 11.7000 -43.0800
-10.7400 11.6400 -43.5600
-10.4400 11.9400 -44.1000
-10.2600 12.4800 -43.0800
-10.0800 12.4800 -43.3800
-10.3200 11.7000 -42.7200
-10.1400 11.4000 -43.0800
-10.4400 11.4000 -43.0200
-10.4400 11.8200 -43.1400
-9.9600 11.2800 -42.3600
-10.1400 11.1000 -42.6000
-10.3800 11.5200 -43.1400
-10.1400 11.4000 -43.6200
-10.4400 11.1000 -43.6800
-10.6800 11.0400 -43.6800
-10.2000 11.6400 -43.6200
-10.2600 11.8800 -43.3200
-10.9200 11.5200 -43.6200
-10.4400 11.1600 -43.2000
-10.3800 11.4000 -43.2000
-10.5000 11.5200 -43.2600
-10.8600 11.5200 -43.5600
-10.9800 11.9400 -42.8400
-10.5600 11.6400 -42.6600
-10.7400 11.1600 -42.8400
-10.6200 11.4000 -42.4200
-10.4400 11.7000 -42.2400
-10.0200 11.5800 -42.0000
-9.8400 11.5800 -41.8800
-9.6000 11.1000 -41.9400
-9.5400 10.9800 -42.1800
-9.5400 10.6800 -41.7600
-9.4200 10.4400 -41.5200
-9.7800 10.8000 -41.7600
-10.4400 11.3400 -42.7800
-10.4400 11.2800 -43.2000
-10.7400 11.2800 -43.0800
-11.2800 11.2800 -42.9600
-10.9800 11.2800 -43.2600
-10.5000 11.5800 -43.6200
-10.3200 11.4600 -43.3800
-10.7400 11.3400 -42.6600
-11.4000 11.6400 -42.6600
-10.9200 11.5200 -42.6000
-10.0800 11.2200 -42.4800
-10.2000 11.4000 -42.7800
-11.4000 11.2200 -43.0800
-11.3400 11.5200 -43.2000
-10.9200 11.7000 -43.1400
-10.8600 11.4600 -43.2600
-10.6800 11.6400 -43.4400
-10.3800 11.8200 -43.1400
-10.2600 11.5800 -43.1400
-9.7800 11.0400 -43.6200
-10.0200 10.9200 -43.9200
~G97
0.0668 -0.3362 0.0116
0.0723 -0.2537 0.0415
0.0992 -0.1707 0.0733
0.1047 -0.2244 0.0928
0.0540 -0.3686 0.0996
-0.0303 -0.4559 0.1112
-0.1170 -0.4608 0.1191
-0.2056 -0.5091 0.1222
-0.2820 -0.6258 0.1527
-0.3095 -0.8634 0.1448
-0.2777 -0.9355 -0.0690
-0.2716 -0.5702 -0.3219
-0.4897 0.1262 -0.4117
-0.6576 0.3333 -0.3647
-0.6564 0.3400 -0.3696
-0.6528 0.3522 -0.3684
-0.6528 0.3583 -0.3690
-0.6442 0.3742 -0.3726
-0.6424 0.3956 -0.3714
-0.6405 0.4200 -0.3732
-0.6350 0.4426 -0.3757
-0.6295 0.4677 -0.3794
-0.6253 0.5049 -0.3787
-0.6185 0.5275 -0.3830
-0.6100 0.5776 -0.3855
-0.5996 0.6051 -0.3873
-0.5917 0.6271 -0.3897
-0.5819 0.6424 -0.3903
-0.5617 0.6644 -0.3946
-0.5495 0.6729 -0.3977
-0.5336 0.6839 -0.4026
-0.5239 0.6845 -0.4038
-0.5208 0.6894 -0.4075
-0.5055 0.6992 -0.4093
-0.4787 0.7145 -0.4142
-0.4634 0.7316 -0.4154
-0.4371 0.7407 -0.4209
-0.4255 0.7475 -0.4191
-0.3907 0.7603 -0.4239
-0.3687 0.7633 -0.4239
-0.3443 0.7633 -0.4276
-0.3223 0.7536 -0.4301
-0.2960 0.7414 -0.4319
-0.2746 0.7291 -0.4337
-0.2471 0.7163 -0.4356
-0.2264 0.7096 -0.4356
-0.2056 0.7023 -0.4331
-0.1812 0.6925 -0.4349
-0.1665 0.6839 -0.4362
-0.1335 0.6723 -0.4368
-0.0785 0.6241 -0.4374
20.0165 -19.9670 -1.4154
-1.0602 -3.8004 -0.7214
-0.6589 2.7768 -0.0006
-0.1812 2.3522 -0.1069
0.2849 1.6039 -0.1643
-0.1592 1.0547 0.1411
-0.4671 0.9295 0.1680
-0.0596 0.8287 -0.0122
0.2000 0.0407 0.0562
0.0925 -0.4169 0.0287
-0.0260 -0.2849 -0.0171
-0.0260 -0.0296 0.0006
0.0119 0.0083 0.0055
-0.0126 -0.0479 -0.0025
-0.0028 -0.0406 -0.0037
0.0021 -0.0247 0.0006
-0.0046 -0.0271 0.0024
-0.0040 -0.0265 -0.0012
-0.0022 -0.0216 0.0012
-0.0004 -0.0204 0.0006
0.0009 -0.0192 -0.0000
-0.0034 -0.0167 -0.0000
-0.0016 -0.0167 0.0018
-0.0004 -0.0143 -0.0006
0.0009 -0.0167 -0.0006
-0.0004 -0.0137 -0.0000
-0.0010 -0.0137 -0.0006
-0.0010 -0.0137 -0.0006
-0.0010 -0.0137 -0.0006
-0.0022 -0.0100 0.0006
0.0003 -0.0100 -0.0000
-0.0004 -0.0106 0.0006
-0.0004 -0.0088 0.0018
-0.0016 -0.0082 0.0006
-0.0004 -0.0100 -0.0006
0.0015 -0.0082 -0.0000
-0.0016 -0.0070 0.0012
-0.0010 -0.0106 0.0006
-0.0004 -0.0057 0.0006
-0.0010 -0.0088 0.0006
0.0009 -0.0051 -0.0000
-0.0004 -0.0088 -0.0006
-0.0016 -0.0051 0.0006
-0.0016 -0.0063 -0.0018
0.0003 -0.0033 -0.0006
-0.0016 -0.0063 -0.0000
