D10
~A95
7.9179 2.0040 7.2379
6.6848 2.8707 6.8596
6.7878 2.9450 6.8835
6.8189 2.7055 6.6082
6.9027 2.6792 6.3113
7.0320 2.6265 6.3616
7.0679 2.6505 6.4262
7.2307 2.5571 6.5914
7.4438 2.6720 6.7112
7.3935 2.7151 6.8692
7.1421 2.8228 6.8500
6.8955 2.8995 6.8021
6.9673 2.7558 6.5555
7.4103 2.4877 6.2730
7.6329 2.4637 6.3999
7.4845 2.6529 6.6082
7.0224 2.8971 6.7112
6.8500 2.8324 6.4765
6.7734 2.7103 6.2251
6.8452 2.8085 6.4095
6.9362 2.8995 6.7495
7.2259 2.5236 6.4885
7.4055 2.3823 6.1916
7.0727 2.5355 5.9306
6.4885 2.7750 5.7582
6.4214 2.6529 5.6074
6.6992 2.5212 5.5140
6.7375 2.3895 5.5906
6.1653 2.4134 5.0759
5.2626 2.6409 4.5563
4.6425 2.2171 3.9577
3.7758 1.1373 1.8843
2.5044 -0.1939 1.0247
1.0152 -0.3184 0.8595
1.5132 -0.4669 1.9729
0.0024 -0.0527 0.0982
0.0144 -0.0670 0.0982
0.0096 -0.0575 0.1173
0.0024 -0.0575 0.1077
0.0096 -0.0407 0.1245
0.0024 -0.0718 0.1508
0.0096 -0.0670 0.1580
0.0048 -0.0670 0.1652
-0.0024 -0.0646 0.2131
-0.0144 -0.0694 0.2442
-0.0072 -0.0694 0.2729
-0.0120 -0.0766 0.3160
-0.0144 -0.0575 0.3520
-0.0048 -0.0766 0.3663
0.0048 -0.0790 0.3998
-0.0048 -0.0886 0.4429
-0.0192 -0.0814 0.4525
0.0024 -0.0670 0.4932
-0.0096 -0.0838 0.4908
-0.0072 -0.0814 0.5483
-0.0359 -0.0718 0.6010
0.0072 -0.0766 0.6153
-0.0287 -0.0670 0.6225
-0.0359 -0.0790 0.6465
-0.0215 -0.0790 0.7015
-0.0287 -0.0599 0.7350
-0.0287 -0.0623 0.7781
-0.0072 -0.0646 0.8284
-0.0335 -0.0838 0.8476
-0.0359 -0.0670 0.8595
-0.0407 -0.0646 0.9122
-0.0383 -0.0503 0.9721
-0.0455 -0.0670 1.0487
-0.0646 -0.0527 1.1349
-0.0623 -0.0479 1.2259
-0.0575 -0.0455 1.7215
62.6199 -65.1769 71.8450
20.2987 -20.0233 78.1994
13.2978 7.5515 6.7542
3.8069 1.9849 1.2259
2.7223 0.2993 4.4486
3.4238 -0.0192 9.9195
3.5938 -0.4621 10.8437
2.7606 -1.1947 6.5124
1.4557 -1.0678 5.5906
0.4789 0.2418 7.8652
2.0351 1.9226 9.3472
3.2730 0.6872 9.9434
2.1692 -1.2761 10.1326
1.9418 -0.7638 9.5364
2.1764 0.0862 9.3233
2.2099 0.2059 9.6346
2.1644 -0.0862 9.7088
2.1788 -0.2251 9.6034
2.1812 -0.1796 9.6346
2.1908 -0.0934 9.6585
2.1836 -0.0742 9.6082
2.1740 -0.1508 9.6633
2.1884 -0.1269 9.6346
2.2051 -0.1053 9.6441
~M95
-32.4000 8.4600 -29.1000
-32.4600 8.2800 -29.2800
-33.0600 7.8600 -29.4600
-32.5200 7.6800 -29.2800
-32.1000 7.6200 -29.0400
-32.4000 7.6800 -29.2200
-32.6400 7.8000 -29.6400
-32.8200 7.8600 -29.9400
-33.1200 8.5200 -29.3400
-33.1200 8.5800 -28.9800
-32.6400 8.8200 -29.2200
-32.6400 9.1800 -29.1000
-33.1800 9.7200 -28.6800
-33.5400 9.9600 -28.0200
-33.1800 11.2200 -27.9000
-33.2400 12.2400 -28.7400
-32.1000 13.1400 -29.5800
-31.0800 14.7600 -29.7000
-31.2000 15.6600 -29.6400
-31.2000 16.2000 -29.4600
-29.9400 17.3400 -29.8800
-29.4000 17.9400 -30.1800
-28.2000 18.8400 -30.9000
-27.1200 19.9200 -31.0200
-26.2200 20.5800 -31.2600
-25.5000 21.5400 -30.8400
-25.1400 21.9000 -30.6000
-24.1200 23.1600 -30.9600
-22.2600 24.2400 -31.3200
-20.5200 25.4400 -31.9800
-19.2000 26.1000 -32.1000
-17.9400 27.6000 -32.4000
-16.0200 28.6800 -33.2400
-14.2800 29.6400 -33.9000
-12.3000 31.0200 -33.7800
-10.1400 32.0400 -33.7800
-7.7400 32.4000 -33.6000
-5.1000 33.4200 -33.7800
-2.3400 34.3200 -34.3200
-0.8400 34.3200 -34.2600
0.3600 31.1400 -35.2200
-1.8600 23.5800 -39.7800
-3.7800 19.5000 -41.9400
-2.6400 18.3600 -42.5400
-2.2800 18.6600 -42.3000
-1.0200 19.4400 -42.5400
-1.5600 19.4400 -42.5400
-1.5000 19.0200 -42.4200
-1.4400 19.1400 -42.3600
-1.9800 19.3200 -42.7800
-2.0400 18.9600 -42.2400
-1.8000 19.0200 -41.4000
-1.2000 19.0200 -40.8600
-0.4800 19.0800 -41.0400
-0.4800 19.2600 -41.5800
-0.8400 18.5400 -41.9400
-1.3800 18.2400 -41.0400
-0.9600 18.4800 -40.8600
-1.2600 18.7200 -41.2800
-2.1000 19.4400 -42.2400
-2.4600 19.7400 -43.0800
-2.5200 19.8000 -43.2000
-2.1600 19.8000 -43.0800
-1.9800 19.5000 -42.7200
-2.4600 19.3200 -42.5400
-2.2800 19.6800 -42.6000
-1.9800 19.6200 -42.1800
-2.2200 19.1400 -41.7000
-2.0400 18.5400 -42.0600
-2.1000 18.1800 -41.9400
-1.4400 18.7800 -42.1200
-1.3800 18.9000 -42.4800
-1.2600 19.0200 -42.0000
-1.0200 19.0800 -41.1600
-1.3800 19.1400 -41.1600
-1.2600 19.2000 -41.6400
-1.3800 19.2000 -41.2200
-1.2600 18.8400 -41.5200
-0.9600 18.6600 -42.0600
-1.3200 18.7800 -41.9400
-1.2000 18.6000 -41.0400
-0.9000 18.4200 -41.2800
-0.9600 18.4800 -41.9400
-1.3800 18.6600 -41.7000
-0.4800 18.1800 -40.8600
-0.1200 17.8200 -39.8400
-0.3600 17.7600 -39.4800
-0.9000 17.9400 -41.0400
-1.6200 18.6600 -41.8800
-1.3800 18.8400 -42.2400
-1.3800 18.9600 -42.4200
-1.5000 19.2000 -42.3600
-1.0800 18.7200 -42.3000
-1.1400 18.4200 -42.3600
-1.0200 18.2400 -42.2400
~G95
0.0406 -0.1554 0.1900
0.0681 -0.1334 0.1466
0.0528 -0.1768 0.1099
0.0094 -0.2073 0.1191
-0.0303 -0.1725 0.1924
-0.0663 -0.1047 0.2425
-0.0889 -0.1432 0.2596
-0.1292 -0.1872 0.2517
-0.1897 -0.3503 0.3036
-0.2588 -0.4523 0.3781
-0.3088 -0.4810 0.3323
-0.5422 -0.3735 0.3066
-0.8647 0.0755 0.4893
-0.8873 0.5642 0.7819
-0.8495 0.6833 0.9847
-0.8580 0.6882 0.9780
-0.8653 0.6943 0.9725
-0.8733 0.7126 0.9664
-0.8782 0.7273 0.9676
-0.8879 0.7627 0.9609
-0.8989 0.8110 0.9548
-0.9026 0.8244 0.9481
-0.9234 0.9344 0.9352
-0.9307 1.0004 0.9261
-0.9435 1.0718 0.9187
-0.9564 1.1323 0.9090
-0.9698 1.2032 0.8974
-0.9851 1.2661 0.8876
-0.9985 1.3125 0.8772
-1.0077 1.3681 0.8662
-1.0187 1.4506 0.8485
-1.0217 1.5147 0.8363
-1.0229 1.5642 0.8283
-1.0248 1.6460 0.8124
-1.0217 1.7175 0.8008
-1.0162 1.7975 0.7886
-1.0113 1.8647 0.7740
-1.0040 1.9374 0.7593
-0.9955 2.0046 0.7428
-0.9826 2.0761 0.7257
-0.9680 2.1488 0.7086
-0.9539 2.2044 0.6982
-0.9264 2.2893 0.6793
-0.9032 2.3467 0.6634
-0.8818 2.4188 0.6475
-0.8525 2.4964 0.6304
-0.8201 2.5623 0.6127
-0.7835 2.6314 0.5931
-0.7303 2.6925 0.5773
19.6322 -4.3875 -3.9089
9.5279 -6.4339 -2.8326
-1.2783 1.3143 0.4814
-1.2429 2.6735 -0.1277
-0.4212 2.4823 -0.5553
0.1902 1.1176 -0.8961
0.2532 -0.6728 -1.0104
-0.1482 0.0236 -0.7343
-0.1714 0.5899 -0.2987
0.0681 0.0169 0.0195
0.0565 -0.2464 0.0006
-0.0346 0.0199 -0.0171
0.0027 0.0114 0.0104
-0.0046 -0.0503 0.0043
-0.0144 -0.0271 -0.0006
-0.0022 -0.0186 0.0018
-0.0010 -0.0259 0.0012
-0.0065 -0.0216 0.0006
-0.0065 -0.0192 0.0024
-0.0022 -0.0149 0.0037
-0.0004 -0.0131 0.0018
-0.0004 -0.0100 0.0006
-0.0010 -0.0094 0.0024
-0.0010 -0.0112 0.0012
-0.0004 -0.0137 -0.0000
-0.0022 -0.0100 -0.0000
-0.0004 -0.0076 0.0024
0.0009 -0.0082 0.0006
-0.0010 -0.0106 -0.0000
-0.0016 -0.0082 0.0018
-0.0010 -0.0125 0.0012
-0.0022 -0.0082 0.0018
-0.0010 -0.0076 -0.0006
-0.0010 -0.0063 -0.0000
0.0015 -0.0112 -0.0006
-0.0010 -0.0070 -0.0018
0.0003 -0.0076 -0.0000
0.0003 -0.0070 0.0006
-0.0010 -0.0057 0.0018
0.0003 -0.0076 -0.0012
-0.0016 -0.0057 -0.0006
-0.0016 -0.0045 -0.0006
-0.0028 -0.0057 -0.0000
-0.0022 -0.0057 -0.0006
0.0009 -0.0033 0.0006
0.0009 -0.0045 -0.0012
