D10
~A108
3.6297 8.2052 4.5443
2.7438 9.1366 3.5339
2.7941 9.1030 3.8452
3.3352 8.8540 3.7231
3.6872 8.7032 3.4669
3.6465 8.6098 3.4094
3.3975 8.6505 3.4693
3.4214 8.7247 3.6249
3.5196 8.7104 3.6992
3.3496 8.7295 3.6608
3.1533 8.8421 3.7518
3.0695 8.9522 3.8428
3.0671 8.8875 3.5268
3.0503 8.5835 3.1892
3.3065 8.1717 2.9593
3.5675 8.1645 3.1724
3.5076 8.1525 3.3328
3.2059 8.1693 3.4094
3.2107 8.0424 3.2107
3.4454 7.8365 3.1006
3.6034 8.1070 3.3400
3.0383 7.7575 3.5411
2.8157 7.1445 2.3991
2.3631 5.6218 0.2346
1.1157 4.1565 -1.7957
-0.5435 2.3751 -1.5826
-0.6153 -0.2442 -1.5228
-0.6704 -0.5387 -0.5196
-0.0239 -0.5052 0.0670
-0.0215 -0.4908 0.1006
-0.0263 -0.4932 0.0910
-0.0192 -0.4645 0.1030
-0.0120 -0.4789 0.1006
-0.0096 -0.4765 0.1293
-0.0192 -0.4836 0.1484
-0.0072 -0.4789 0.1580
0.0024 -0.4980 0.1580
-0.0048 -0.4789 0.1891
-0.0263 -0.5052 0.2035
-0.0287 -0.4884 0.2251
-0.0120 -0.5339 0.2610
0.0024 -0.5076 0.2825
-0.0168 -0.5291 0.3184
-0.0072 -0.5339 0.3567
-0.0072 -0.5315 0.3615
0.0024 -0.5387 0.4118
-0.0096 -0.5579 0.4310
-0.0072 -0.5603 0.4812
0.0072 -0.5603 0.4860
0.0239 -0.5698 0.5004
0.0120 -0.5698 0.5555
-0.0024 -0.5650 0.5674
-0.0120 -0.5603 0.6129
0.0192 -0.5459 0.6393
0.0144 -0.5531 0.6417
-0.0072 -0.5148 0.6800
-0.0072 -0.5315 0.7255
-0.0024 -0.5100 0.7829
0.0024 -0.5267 0.7901
-0.0168 -0.4812 0.8883
-0.0072 -0.4836 0.9338
-0.0048 -0.5004 0.9697
0.0000 -0.4884 1.0726
-0.0120 -0.4741 1.3863
36.5055 -78.2688 78.1970
9.2371 30.0984 9.7998
6.6250 10.7647 -1.5108
3.6800 3.8859 6.0982
3.7734 3.7327 12.6466
3.7853 4.0918 10.2020
3.0671 0.7734 5.9809
1.9082 -0.7686 6.8692
1.7215 0.7398 8.7152
2.0567 2.4230 9.2227
2.1453 0.6345 10.1014
2.1333 -1.0367 10.0416
2.4039 -0.3735 9.4765
2.3584 0.7039 9.4167
2.1429 0.6680 9.6609
2.2075 0.1796 9.6202
2.2602 0.1676 9.5915
2.2530 0.3591 9.5915
2.2339 0.3855 9.6034
2.2195 0.3017 9.6034
2.2434 0.2753 9.6417
2.2578 0.3184 9.6441
2.2458 0.3256 9.6274
2.2458 0.3089 9.6082
2.2698 0.2993 9.6178
2.2339 0.3089 9.6226
2.2434 0.2921 9.6154
2.2410 0.3089 9.6226
2.2434 0.3280 9.6178
2.2410 0.3232 9.6226
2.2458 0.3256 9.6178
2.2482 0.3184 9.6322
2.2482 0.3304 9.6226
2.2482 0.3232 9.6274
2.2291 0.3184 9.6178
2.2315 0.3448 9.6202
2.2722 0.3208 9.6154
2.2650 0.3160 9.6298
2.2386 0.3424 9.6010
2.2386 0.3232 9.6226
2.2458 0.3208 9.6250
2.2530 0.2969 9.6298
2.2674 0.3160 9.6130
2.2434 0.3328 9.6226
~M108
-26.1000 -27.3000 -24.3000
-26.1000 -27.3000 -24.7800
-25.7400 -27.0000 -25.1400
-26.1000 -27.4800 -24.6000
-25.7400 -27.6600 -24.6000
-25.9800 -27.3600 -24.8400
-25.6800 -27.4200 -23.4000
-25.4400 -26.5200 -24.3600
-26.9400 -24.1200 -26.5800
-27.9000 -21.3600 -27.7800
-28.2600 -18.4200 -28.8000
-28.8000 -15.3000 -29.5800
-29.7600 -12.3600 -30.7200
-30.6000 -8.9400 -31.0800
-30.7200 -5.2200 -31.3800
-31.0800 -2.0400 -32.5200
-30.5400 1.0200 -31.7400
-29.8200 4.9200 -31.2000
-30.0000 7.0800 -31.6800
-29.8200 11.1000 -31.8000
-29.5200 14.1600 -31.8000
-28.5000 17.1600 -31.5600
-27.6000 20.4600 -30.6600
-27.9000 22.2000 -30.0000
-26.4600 25.9800 -28.4400
-24.5400 28.9200 -27.0600
-23.7000 31.6800 -26.0400
-22.2000 34.8600 -24.5400
-19.9200 37.8600 -22.6200
-18.6000 39.4200 -22.0200
-16.9200 40.6800 -20.6400
-15.6000 41.8800 -20.0400
-12.1800 41.8800 -19.8000
-8.1000 28.6800 -28.8000
-6.6600 21.7200 -34.6200
-5.0400 14.7000 -40.0200
-3.9000 16.0800 -38.7000
-3.6600 16.8600 -38.2800
-4.0800 17.0400 -39.0000
-3.7800 16.8600 -38.2800
-4.0200 17.1600 -38.7600
-4.0800 17.5200 -38.8800
-3.9000 17.5200 -39.0600
-4.8000 17.5800 -41.2200
-5.7000 17.5200 -41.9400
-6.3000 18.1800 -42.1800
-6.8400 18.3600 -42.0600
-6.5400 18.4200 -41.8200
-6.1800 17.5800 -41.4600
-5.5800 17.3400 -40.9800
-5.4000 17.7600 -40.8000
-5.7600 17.8200 -40.8600
-5.4000 18.1800 -40.9800
-5.6400 17.9400 -42.0000
-5.8800 18.2400 -42.4200
-6.6600 18.4800 -43.4400
-6.9000 18.4800 -43.1400
-6.5400 18.9000 -43.2600
-6.6000 18.9000 -43.0200
-6.5400 18.7800 -42.6000
-6.6000 18.7800 -42.0600
-6.3000 18.7200 -42.6600
-5.8800 18.1800 -42.4800
-6.5400 17.9400 -42.3000
-6.5400 17.7600 -42.5400
-6.0000 17.9400 -42.0600
-6.3600 18.4800 -41.8200
-6.0600 18.4800 -41.4600
-5.9400 18.4800 -41.1600
-6.3000 18.3600 -41.7600
-6.0600 18.2400 -41.6400
-5.7000 18.4200 -42.0000
-6.3600 18.3600 -42.4800
-6.3600 18.0000 -42.3000
-6.4200 17.8800 -42.0000
-6.1200 18.0600 -42.3000
-6.4200 17.9400 -42.2400
-6.4800 18.3000 -42.2400
-6.6000 18.6000 -42.1800
-6.6600 18.4800 -42.1800
-7.3800 18.1800 -41.8800
-7.1400 18.0600 -42.3000
-6.4200 18.5400 -42.6600
-5.5800 18.0600 -42.0000
-5.5200 17.8200 -41.4000
-6.1200 18.1200 -42.2400
-6.1800 18.0600 -42.5400
-5.6400 18.2400 -42.6000
-5.7000 18.1200 -41.8800
-6.0000 18.0600 -41.4000
-6.1800 18.3000 -41.1600
-6.1800 18.1200 -41.6400
-5.8800 18.1200 -41.9400
-6.1200 17.8800 -42.0600
-5.7600 17.7000 -41.7000
-6.0000 17.7000 -42.3000
-6.6000 17.5200 -42.4800
-6.7800 17.2800 -42.2400
-6.4200 17.5800 -42.3600
-6.4800 17.8200 -42.3600
-6.6600 17.7000 -42.3000
-6.3000 17.1600 -42.3000
-6.0000 17.1000 -42.3600
-6.3000 17.2800 -42.5400
-6.7200 18.2400 -42.6600
-6.7800 18.4200 -42.4800
-7.0800 18.3000 -42.9600
-6.7800 18.3000 -43.2600
~G108
-0.2551 -0.1462 0.0611
-0.3376 -0.2611 0.0825
-0.7548 -0.4028 0.1289
-1.3675 -0.5286 0.2926
-1.9869 -0.3692 0.6438
-2.5220 -0.0332 1.1790
-2.8818 0.1720 1.8845
-2.9313 0.1598 1.9743
-2.9380 0.1024 1.9731
-2.9435 0.0468 1.9719
-2.9441 -0.0021 1.9706
-2.9478 -0.0454 1.9713
-2.9521 -0.0821 1.9731
-2.9527 -0.1120 1.9743
-2.9582 -0.1322 1.9804
-2.9631 -0.1444 1.9810
-2.9692 -0.1493 1.9823
-2.9802 -0.1475 1.9810
-2.9875 -0.1371 1.9859
-3.0052 -0.1163 1.9871
-3.0205 -0.0931 1.9841
-3.0406 -0.0656 1.9847
-3.0565 -0.0393 1.9871
-3.0687 -0.0155 1.9871
-3.0864 0.0034 1.9841
-3.1103 0.0370 1.9823
-3.1347 0.0596 1.9829
-3.1579 0.0792 1.9768
-3.1738 0.0969 1.9725
-3.1799 0.1140 1.9700
-3.1732 0.1555 1.9676
-3.1659 0.1690 1.9639
-3.1402 0.2111 1.9603
-3.1200 0.2478 1.9529
-3.0852 0.3156 1.9401
-3.0516 0.3803 1.9328
-3.0107 0.4500 1.9230
-2.9649 0.5159 1.9083
-2.9075 0.5868 1.8961
-2.8561 0.6650 1.8821
-2.7999 0.7450 1.8637
-2.7431 0.8250 1.8485
20.0165 16.5133 -11.1007
3.9263 -2.2751 0.7868
-2.4701 0.9490 0.9878
-2.0425 2.1189 0.1362
-0.7670 1.8067 -0.4667
0.1878 0.0205 -0.8021
-0.2423 -0.5366 -0.5699
-0.5336 0.0700 -0.2437
-0.1659 0.3144 -0.0208
0.1805 0.0211 0.0232
0.0033 -0.0815 -0.0244
0.0180 -0.0149 -0.0134
0.0204 -0.0332 0.0098
-0.0028 -0.0241 -0.0000
-0.0028 -0.0180 -0.0025
0.0119 -0.0235 0.0024
0.0045 -0.0198 -0.0012
0.0015 -0.0173 0.0006
0.0027 -0.0149 0.0006
0.0033 -0.0155 0.0006
0.0039 -0.0149 -0.0000
0.0009 -0.0118 -0.0012
0.0015 -0.0143 -0.0006
0.0015 -0.0118 -0.0025
0.0033 -0.0143 -0.0025
0.0015 -0.0100 -0.0000
0.0021 -0.0100 -0.0000
0.0009 -0.0051 0.0030
0.0051 -0.0088 -0.0000
0.0021 -0.0088 -0.0018
0.0039 -0.0076 0.0012
0.0003 -0.0088 -0.0025
0.0015 -0.0094 -0.0000
0.0015 -0.0045 0.0006
0.0009 -0.0070 -0.0025
0.0021 -0.0045 -0.0012
0.0021 -0.0039 -0.0000
0.0027 -0.0057 0.0012
0.0021 -0.0033 -0.0000
0.0021 -0.0082 -0.0012
0.0015 -0.0070 0.0006
0.0009 -0.0027 -0.0000
0.0003 -0.0057 -0.0012
0.0003 -0.0009 -0.0012
-0.0016 -0.0033 -0.0000
0.0009 -0.0027 0.0012
-0.0010 -0.0015 -0.0000
0.0009 -0.0057 -0.0000
-0.0010 -0.0045 -0.0012
0.0009 -0.0057 -0.0031
-0.0022 -0.0082 -0.0025
0.0033 -0.0045 -0.0018
0.0027 -0.0082 -0.0018
0.0009 -0.0039 -0.0018
-0.0016 -0.0021 -0.0018
0.0021 -0.0039 -0.0000
0.0027 -0.0045 -0.0018
-0.0010 -0.0051 0.0012
0.0009 -0.0076 -0.0031
-0.0004 -0.0051 0.0037
0.0015 -0.0033 -0.0006
0.0015 -0.0027 -0.0006
0.0009 -0.0039 -0.0012
0.0021 -0.0039 -0.0006
-0.0010 -0.0039 -0.0000
0.0003 -0.0027 -0.0025
