D10
~A144
-2.1070 1.7215 9.3712
-1.6784 2.2578 10.7694
-1.6329 2.3392 10.2882
-1.1397 2.6145 10.0320
-1.0056 2.8324 9.8764
0.4453 2.7223 8.8325
1.1756 2.7582 8.2124
1.2905 2.2674 7.8412
1.2235 1.6425 8.0184
0.8188 1.3671 8.3728
0.5196 1.4629 8.4207
0.1676 1.9872 8.5356
-0.0479 2.2506 8.5907
-0.1915 2.3033 8.8684
-0.1149 2.2075 9.5029
-0.2370 2.0687 10.0320
-0.2682 2.0615 10.2834
-0.0072 1.9849 10.2427
0.2873 2.0112 9.8093
0.2514 2.2195 9.4526
0.1556 2.3967 9.4334
0.5363 2.5930 9.3065
0.3184 2.6888 10.0200
0.2466 2.4517 10.2020
0.1556 2.0639 10.0440
0.2035 1.5659 9.5819
0.4669 1.3623 9.3927
0.5794 1.3025 9.3999
0.5243 1.4485 9.7615
0.3304 1.5347 10.0895
0.2131 1.6616 10.4726
0.3208 1.6185 10.3888
0.2706 1.6161 10.2116
0.3184 1.6832 9.9434
0.5555 1.6449 9.6753
0.6536 1.5706 9.6034
0.7159 1.5252 9.3520
0.6273 1.6066 9.3999
0.6943 1.7143 9.1102
0.7063 1.8316 8.6553
0.3591 1.9777 8.0879
0.5674 1.9011 7.2930
0.7949 1.5563 6.0192
0.8979 0.9433 3.4741
1.0559 0.5650 0.8308
2.1525 0.2394 -1.0511
0.4358 0.5842 -3.0312
-0.2370 0.1891 -0.9553
-0.4573 0.0694 0.0886
-0.4549 0.0479 0.1221
-0.4549 0.0623 0.1628
-0.4597 0.0479 0.1891
-0.4573 0.0431 0.1868
-0.4405 0.0527 0.1963
-0.4429 0.0575 0.1987
-0.4310 0.0623 0.1772
-0.4310 0.0551 0.1652
-0.4214 0.0527 0.1461
-0.4573 0.0646 0.1077
-0.4310 0.0646 0.0814
-0.4214 0.0527 0.0383
-0.4310 0.0623 0.0000
-0.4238 0.0479 -0.0551
-0.4334 0.0503 -0.1437
-0.4310 0.0503 -0.1891
-0.4477 0.0455 -0.3208
-0.4621 0.0455 -0.4693
-0.4765 0.0599 -0.6225
-0.4884 0.0551 -0.7734
-0.5220 0.0575 -0.9673
-0.5555 0.0646 -1.0894
-0.5962 0.0623 -1.1900
-0.6776 0.0694 -1.2187
-0.6991 0.0838 -1.2259
-0.7303 0.0551 -1.1852
-0.7566 0.0455 -1.1852
-0.7805 0.0455 -1.1588
-0.7853 0.0407 -1.0559
-0.7757 0.0359 -0.9098
-0.7710 0.0670 -0.9098
-0.7494 0.0407 -0.9912
-0.7326 0.0599 -1.0463
-2.7941 6.8189 46.9900
26.5429 -1.1181 -77.0142
-28.1255 -3.9697 -71.9599
-3.5890 -1.6113 -7.8053
-0.7279 0.0838 -2.1860
-0.4501 0.1030 -2.4230
-1.3576 0.2682 -4.7335
-4.9657 0.6010 -12.0911
-1.9992 -0.8979 -9.1868
0.5052 -0.9697 -9.1366
0.4453 0.0479 -8.4829
0.0000 0.5842 -7.4989
-1.9298 1.8244 -6.0431
-3.5411 0.9457 -9.2108
-1.7766 -0.9505 -10.9227
0.3017 -0.2514 -10.1852
0.0958 0.3974 -9.7519
-1.3456 0.2777 -9.6633
-1.4485 0.0934 -9.5508
-0.8093 0.0431 -9.7184
-0.9122 0.1365 -9.8093
-1.0870 0.1604 -9.6609
-1.0391 0.1293 -9.6729
-1.0056 0.1125 -9.7136
-1.0104 0.1413 -9.6992
-1.0487 0.1389 -9.6896
-1.0511 0.1724 -9.6489
-1.0343 0.1437 -9.6944
-1.0224 0.1317 -9.7064
-1.0295 0.1245 -9.7112
-1.0152 0.1197 -9.7088
-1.0247 0.1508 -9.6992
-1.0535 0.1461 -9.6968
-1.0367 0.1365 -9.7088
-1.0319 0.1413 -9.6920
-1.0511 0.1461 -9.6968
-1.0200 0.1149 -9.7064
-1.0176 0.1341 -9.6992
-1.0104 0.1125 -9.7279
-1.0128 0.1293 -9.7208
-1.0439 0.1628 -9.6896
-1.0511 0.1508 -9.6705
-1.0415 0.1389 -9.6896
-1.0200 0.1389 -9.7040
-1.0391 0.1676 -9.6777
-1.0391 0.1341 -9.7136
-1.0415 0.1413 -9.7016
-1.0247 0.1269 -9.7040
-1.0367 0.1437 -9.6944
-1.0391 0.1484 -9.6992
-1.0176 0.1197 -9.7136
-1.0271 0.1293 -9.7112
-1.0511 0.1413 -9.6777
-1.0391 0.1508 -9.6896
-1.1971 0.3017 -9.5340
-1.0295 -0.0575 -9.8620
-0.9122 -0.0407 -9.7255
-1.0224 0.1939 -9.5579
-1.2618 0.6560 -9.6513
-1.4868 0.4166 -9.6106
-1.4126 0.3184 -9.3975
-1.3480 0.3184 -9.2778
~M144
-4.9200 7.0800 -43.6200
-5.1000 7.8000 -43.9200
-4.9800 8.6400 -43.0800
-4.8000 9.4200 -42.4200
-5.2200 9.6600 -42.3000
-6.1800 9.9600 -42.2400
-7.0800 10.4400 -41.8200
-7.2000 11.4000 -42.2400
-7.3200 11.6400 -42.4200
-7.6800 11.7600 -41.2200
-7.8600 12.1800 -41.0400
-7.0800 12.1800 -40.6200
-6.7800 11.5200 -39.9000
-7.0800 11.7600 -40.3200
-7.6200 11.9400 -40.4400
-7.6800 11.6400 -41.0400
-7.2600 11.6400 -41.6400
-6.9600 11.6400 -42.1200
-6.9600 11.9400 -42.4800
-6.1800 12.1800 -42.1800
-4.8600 13.2000 -41.7000
-2.2200 13.6800 -41.5800
-0.1800 13.5000 -41.8800
2.3400 13.2600 -41.4000
4.8600 13.6800 -41.5200
17.4000 13.6200 -39.1200
20.4000 13.5600 -37.5600
25.8600 13.4400 -34.1400
31.4400 12.9600 -30.0600
36.2400 12.4800 -26.1600
39.4200 12.5400 -20.4600
42.5400 12.1800 -14.5200
44.9400 11.6400 -8.5800
45.9000 11.7600 -2.1000
46.6800 11.8800 4.5000
46.5000 12.0600 10.2000
45.0000 12.3600 16.5600
42.1200 12.1800 24.1200
37.6800 12.1800 30.6000
33.2400 12.1200 36.9000
27.3600 12.0600 42.3000
19.1400 12.7800 46.2600
10.2600 13.3800 49.8600
0.6000 13.5600 51.9000
-9.2400 13.6200 51.1800
-8.5800 16.6800 49.4400
5.5200 19.6200 48.8400
11.6400 19.7400 49.6200
10.4400 19.6800 50.4000
7.9800 20.5200 50.7000
7.7400 20.0400 50.7000
7.3200 19.8600 50.8200
6.5400 20.3400 50.5800
6.2400 20.1000 50.5800
6.2400 20.4600 50.4000
6.0000 20.3400 50.5800
6.0600 20.8800 50.5200
6.1800 20.2800 50.5800
5.7600 20.0400 50.4600
5.8200 20.5800 51.3000
5.7000 20.2200 51.5400
5.2200 20.1000 50.8800
5.7600 20.4600 50.2200
6.1200 20.2800 50.7000
6.1200 20.0400 51.0000
5.6400 20.1000 51.1800
5.9400 19.9200 51.3000
6.9600 19.8000 51.1800
7.0800 19.8600 51.2400
7.2000 19.9800 52.0200
6.9600 20.2200 51.9600
6.5400 20.7000 50.5800
5.7000 20.4600 50.1600
5.7600 20.1000 50.4600
5.9400 19.9200 50.4600
6.3600 20.1000 50.9400
6.2400 20.5800 51.0600
6.5400 20.2800 51.7200
7.6800 19.0800 53.1000
8.6400 18.6000 53.8800
9.1200 18.3600 53.7600
9.1800 18.7200 53.8800
8.9400 19.9200 54.0000
8.8800 19.6200 54.6600
9.0600 19.0800 54.5400
9.9000 19.1400 54.4800
10.0800 18.6600 54.3000
9.4200 18.3000 54.0600
8.7600 18.8400 52.8600
7.3800 19.5600 51.4200
7.0800 19.5600 51.2400
7.2000 18.7200 51.0600
6.4800 18.6600 51.1800
5.4000 19.1400 51.3000
4.2000 19.2600 51.3600
2.8200 19.3200 51.4800
0.3600 18.8400 51.8400
-1.2600 18.7800 51.7200
-5.5200 18.7200 51.0000
-10.5600 18.9600 49.8000
-15.7200 18.7800 47.6400
-21.4800 18.6600 44.7600
-26.4000 18.3000 41.2800
-30.8400 17.9400 37.9200
-33.3600 18.0600 35.8200
-36.4200 18.3600 31.6800
-40.0200 18.9600 25.7400
-41.8800 19.2000 22.8000
-44.4000 19.4400 15.2400
-45.4200 19.8600 12.1200
-45.4200 20.3400 8.2800
-45.9000 20.0400 7.9200
-45.4800 19.5600 8.8200
-45.0600 19.5600 9.6000
-44.6400 20.1600 10.6800
-44.6400 20.2800 11.2800
-45.0600 20.2800 10.7400
-45.2400 20.8200 9.5400
-45.1800 21.4800 6.8400
-45.2400 21.6600 5.3400
-44.9400 21.7200 3.1800
-45.0000 21.9600 1.9200
-45.0600 21.3000 1.3200
-44.7000 21.1200 1.0800
-44.6400 20.9400 1.1400
-44.1000 20.7600 1.0200
-44.6400 20.4600 0.7200
-45.4800 20.3400 0.6000
-46.1400 20.0400 0.2400
-45.0600 20.1600 0.9600
-45.0000 20.2800 0.3600
-45.5400 20.0400 -0.6000
-44.6400 19.6200 0.6600
-44.5800 19.3200 1.8000
-44.7000 19.7400 1.6800
-44.6400 19.8600 2.2800
-44.6400 20.0400 1.9800
-45.7200 20.5200 0.6600
-45.9000 20.1600 0.7200
-45.6600 20.1600 -0.2400
-45.3600 20.6400 -0.4800
-45.4800 19.9800 0.0600
-45.5400 19.8000 0.0000
-45.6000 19.8000 -0.1200
~G144
-0.4225 -0.5641 -0.0422
-0.4377 -0.3771 0.1154
-0.4347 -0.3002 0.2895
-0.4683 -0.3167 0.3873
-0.4878 -0.3490 0.3366
-0.4897 -0.3283 0.2657
-0.4353 -0.2244 0.1857
-0.3223 -0.0546 0.1051
-0.1464 0.0022 0.0428
0.0448 -0.0247 0.0220
0.2220 -0.1328 -0.0153
0.2965 -0.1627 -0.0813
0.3045 -0.1395 -0.0794
0.2593 -0.0283 -0.0415
0.1860 0.1287 -0.0501
0.1285 0.2331 -0.0611
0.0528 0.3925 -0.0611
-0.0187 0.3816 -0.0165
-0.1207 0.3864 0.0208
-0.3730 0.5917 0.0623
-0.5397 0.6980 0.1552
-0.6558 0.8318 0.2865
-0.6998 1.3046 0.4123
-0.5892 1.9411 0.4496
-0.1225 3.6008 0.2431
0.0919 4.4395 -0.0189
0.2849 6.4621 -0.0788
0.3375 7.2098 -0.0196
0.3375 7.2092 -0.0165
0.3478 7.1915 -0.0055
0.3704 7.1286 0.0305
0.3772 7.1005 0.0428
0.3790 7.0608 0.0556
0.3833 7.0235 0.0709
0.3851 6.9783 0.0861
0.3851 6.9374 0.1008
0.3802 6.8977 0.1154
0.3753 6.8549 0.1258
0.3717 6.8311 0.1405
0.3637 6.8005 0.1527
0.3570 6.7773 0.1637
0.3503 6.7761 0.1759
0.3423 6.7969 0.1851
0.3368 6.8335 0.2010
0.3326 6.8897 0.2095
0.3265 7.0027 0.2217
0.3240 7.1591 0.2352
0.3234 7.3644 0.2511
0.3222 7.6136 0.2621
0.3252 7.8775 0.2779
0.3307 8.1609 0.2957
0.3411 8.4297 0.3140
0.3509 8.6545 0.3317
0.3643 8.8365 0.3512
0.3814 8.9886 0.3690
0.3937 9.1065 0.3824
0.4053 9.2031 0.4019
0.4218 9.2507 0.4184
0.4572 9.2440 0.4453
0.4792 9.2079 0.4630
0.4871 9.1371 0.4826
0.4908 8.9948 0.5058
3.8573 2.4182 1.5614
-0.1128 -19.6915 -2.9468
-0.4860 -0.8017 0.8882
1.0558 4.2856 0.1521
0.6997 3.9667 -0.0538
0.1316 2.4371 -0.2419
0.0009 0.7652 -0.4820
-0.1103 0.0437 -0.3213
-0.0767 0.7462 0.0458
0.0106 1.4371 0.0525
0.0644 1.4994 -0.0018
0.0174 1.0547 -0.0086
-0.0101 -0.4254 -0.0544
0.0284 -0.4199 -0.0965
0.0131 0.0218 0.0250
-0.0223 0.1335 -0.0018
-0.0034 -0.0509 0.0043
0.0064 -0.0766 0.0012
-0.0083 0.0150 -0.0012
0.0021 -0.0186 -0.0018
0.0021 -0.0210 0.0012
-0.0022 -0.0070 -0.0018
-0.0010 -0.0118 -0.0025
0.0009 -0.0106 -0.0025
-0.0010 -0.0063 0.0018
-0.0010 -0.0106 -0.0018
-0.0016 -0.0094 0.0006
0.0009 -0.0076 -0.0006
-0.0010 -0.0094 0.0012
-0.0004 -0.0094 -0.0018
-0.0010 -0.0070 0.0024
-0.0016 -0.0063 -0.0012
0.0003 -0.0051 -0.0006
0.0021 -0.0063 0.0006
-0.0004 -0.0070 -0.0006
0.0015 -0.0051 0.0024
-0.0004 -0.0063 -0.0006
0.0009 -0.0063 0.0006
0.0021 -0.0027 0.0024
-0.0010 -0.0027 0.0024
0.0009 -0.0094 -0.0000
-0.0016 -0.0063 0.0006
-0.0022 -0.0057 -0.0006
-0.0022 -0.0063 -0.0031
0.0015 -0.0063 0.0024
0.0021 -0.0045 0.0006
0.0009 -0.0051 -0.0012
-0.0016 -0.0021 0.0006
0.0003 -0.0063 -0.0000
-0.0004 -0.0057 -0.0006
0.0009 -0.0027 -0.0000
-0.0004 -0.0045 0.0006
0.0015 -0.0051 0.0012
0.0033 -0.0326 0.0037
-0.0401 -0.0601 -0.0122
-0.0767 -0.0711 -0.0324
-0.0981 -0.1352 -0.0440
-0.0816 -0.1780 -0.0330
-0.0645 -0.2721 -0.0275
-0.1347 -0.3307 -0.0055
-0.2197 -0.3191 0.0159
-0.2588 -0.2440 0.0202
-0.2380 -0.2079 0.0195
-0.1934 -0.1310 0.0244
-0.1983 -0.2079 -0.0110
-0.2294 -0.2116 -0.1594
-0.3125 -0.1389 -0.6274
-0.3443 0.0633 -1.1961
-0.3296 0.3681 -1.3073
-0.1977 0.7896 -0.6671
-0.0608 1.2899 -0.3305
-0.0065 1.6656 -0.3482
0.0675 1.7902 -0.2987
0.1689 1.8953 -0.2389
0.2043 2.1879 -0.1814
0.2361 2.3895 -0.1845
0.1273 4.2001 -0.3329
0.0406 4.6869 -0.4838
0.0442 5.2966 -0.6781
0.0723 5.7413 -0.8100
0.0650 5.9123 -0.8173
0.1328 5.6283 -0.3977
