D10
~A106
0.8931 1.4653 8.6122
0.8739 1.4629 10.1014
0.7350 1.4797 9.9698
0.7135 1.1660 9.7040
0.7662 1.1780 9.6968
0.7326 1.2498 9.8117
0.7973 1.4892 9.9147
0.6010 1.5611 9.9865
0.6776 1.4102 9.6801
0.6441 1.3887 9.5388
0.7063 1.4845 9.6920
0.7829 1.3073 9.9626
0.8907 1.2905 10.0631
0.7997 1.4629 10.0775
0.3927 1.5060 9.8524
0.2969 1.5443 9.5340
0.2873 1.3647 9.4382
0.4549 1.2642 9.5125
0.6153 1.3073 9.6920
0.7063 1.4198 9.9195
0.7734 1.3528 10.0392
0.7015 1.4773 9.9889
0.3687 1.5204 9.8381
0.2777 1.5635 9.6896
0.3352 1.1253 9.3880
0.2969 1.2115 9.4119
0.4812 1.4964 9.6633
0.7350 1.3959 10.0607
0.9481 1.2785 10.3074
0.6728 1.2067 10.1565
0.6225 1.2690 9.8907
0.6512 1.1373 9.8668
0.7207 0.9529 9.8764
0.8236 0.5962 9.9937
0.7159 1.2283 9.6609
0.6297 1.5946 8.9187
0.5531 1.7047 8.3201
0.4549 1.5156 8.0783
0.0407 2.2219 7.0966
-2.0112 2.6888 5.9761
-2.4182 2.3201 4.7766
-0.9242 1.1205 2.8037
4.2403 -0.5483 -1.7358
-0.8548 -0.4693 -0.9146
-0.1149 -0.0096 0.0886
-0.1053 0.0263 0.1125
-0.1221 0.0024 0.1221
-0.1125 0.0048 0.1461
-0.1197 0.0192 0.1700
-0.1173 0.0024 0.1700
-0.1101 0.0096 0.1939
-0.1197 -0.0096 0.2179
-0.1197 0.0024 0.2203
-0.1221 0.0048 0.2514
-0.1125 0.0024 0.2490
-0.1245 0.0120 0.2849
-0.1053 0.0024 0.3089
-0.1077 -0.0048 0.3304
-0.1149 0.0120 0.3352
-0.0958 0.0120 0.3639
-0.1317 -0.0144 0.3879
-0.0862 -0.0096 0.3855
-0.0838 0.0000 0.4262
-0.0958 -0.0096 0.4429
-0.1006 0.0024 0.4765
-0.0934 -0.0024 0.4597
-0.0958 -0.0215 0.4693
-0.0814 -0.0096 0.5052
-0.0766 -0.0239 0.4812
-0.0742 -0.0024 0.4741
-0.0670 0.0000 0.4956
-0.0670 -0.0120 0.4765
-0.0838 0.0120 0.4765
-0.0646 0.0096 0.5004
-0.0838 0.0000 0.4908
-0.0670 -0.0024 0.4693
-0.0718 -0.0144 0.4812
-0.0503 0.0048 0.5196
-0.0646 -0.0096 0.5435
-0.0862 0.0096 0.6034
-78.1779 6.7064 65.2775
-66.2927 7.0368 51.1633
3.4956 12.3138 46.5016
30.2469 2.6983 3.1197
16.3960 -0.3400 -0.3567
9.4023 0.2299 -0.1413
4.5707 0.3544 0.5914
2.6888 0.5004 7.9610
0.5483 1.5156 17.5093
-0.7949 2.6624 11.6290
0.5483 3.3065 5.7415
2.0830 2.6600 11.3201
0.0718 0.0120 10.5228
0.1652 0.7781 10.0081
0.6848 1.1732 9.6010
0.6967 0.9505 9.7064
0.5794 0.8500 9.7830
0.5267 0.8955 9.8093
0.5938 0.9146 9.7974
0.6321 0.9170 9.7950
0.6201 0.9122 9.7830
0.6058 0.9122 9.8141
0.6225 0.9074 9.7950
0.6201 0.9146 9.8069
0.6345 0.9218 9.8046
0.6417 0.9122 9.7854
~M106
-11.5800 11.7000 -41.7000
-11.2800 11.9400 -41.4600
-10.5000 12.1800 -41.5200
-10.4400 11.5800 -41.6400
-10.9200 11.7600 -41.5800
-11.0400 11.6400 -41.5800
-10.9800 11.7600 -41.7600
-10.9800 12.1800 -41.7000
-11.2200 11.8800 -41.3400
-11.1600 12.4800 -41.7000
-11.1000 13.0800 -41.5800
-11.2800 13.0200 -41.1000
-11.2200 12.9600 -41.2800
-11.8200 13.6200 -41.9400
-11.9400 14.1000 -41.3400
-10.6200 13.3800 -41.4000
-7.9200 12.6600 -42.4200
-4.8000 12.9600 -43.1400
-2.8800 13.0200 -43.5600
0.3600 13.9200 -43.2000
4.1400 13.5600 -42.7800
7.9800 13.5000 -42.4200
11.2800 14.2200 -41.7000
14.6400 14.2200 -40.5000
16.3200 14.5200 -39.8400
19.5000 14.5800 -38.1600
21.0600 14.7600 -37.5000
23.2800 15.1200 -36.6000
25.0800 15.3000 -35.7000
26.4000 15.7200 -35.1000
28.8600 15.4800 -32.7600
30.7800 15.9000 -31.5600
31.5600 16.5000 -30.2400
34.4400 17.1000 -27.2400
36.1800 17.5200 -25.0200
37.0800 17.2200 -22.9200
38.9400 17.3400 -20.4600
41.5200 17.5800 -18.4800
42.4200 17.8200 -16.3200
43.3200 17.9400 -13.7400
44.2800 18.1200 -12.9000
43.9800 18.1800 -14.1000
38.1600 17.3400 -20.5200
11.8800 14.6400 -35.7000
-12.6000 14.1000 -41.8200
-15.3600 15.1800 -41.0400
-10.1400 15.6600 -42.3000
-5.2800 15.8400 -43.5000
-3.7800 15.5400 -43.8600
-4.3200 15.4800 -43.9200
-4.6200 15.6600 -43.6800
-4.2000 15.7200 -43.1400
-4.2000 15.4200 -42.0600
-4.2000 15.7200 -42.4800
-4.6800 15.7800 -43.0800
-5.1600 15.8400 -43.0200
-5.8800 15.5400 -43.1400
-5.1000 15.4800 -44.1600
-5.2200 16.0800 -44.4000
-5.5200 16.2000 -43.5600
-5.2200 15.7200 -43.6200
-5.7000 15.7200 -43.8600
-5.8200 15.9000 -44.1000
-5.0400 15.7800 -44.2200
-4.6800 15.4800 -44.1000
-4.9200 15.4200 -43.5000
-5.5800 15.4800 -43.8600
-6.7800 15.4200 -44.7000
-6.6600 14.8800 -44.5200
-5.6400 15.3600 -43.6800
-5.7600 15.7200 -43.1400
-5.7600 16.0200 -43.0800
-5.0400 15.6000 -44.0400
-5.4600 15.3600 -43.6800
-5.8800 15.7800 -43.5600
-6.3000 15.5400 -43.9800
-5.7600 14.6400 -42.7800
-4.2600 14.5200 -41.5800
-3.3000 14.5200 -40.8600
-3.1800 14.3400 -41.0400
-3.3000 14.1600 -40.5600
-3.1200 14.6400 -40.0200
-3.1200 14.7000 -39.7800
-3.2400 14.2200 -40.3200
-3.0000 14.6400 -40.3800
-3.0600 14.4000 -40.3200
-3.1800 14.1600 -40.2000
-3.7800 14.7600 -40.9800
-5.1000 16.1400 -42.3600
-5.8200 16.4400 -43.6200
-5.5200 15.5400 -43.0800
-4.9200 14.7000 -41.9400
-5.1600 14.7000 -42.7200
-6.2400 15.2400 -43.8000
-6.3000 15.5400 -43.8600
-6.0600 15.5400 -44.1600
-5.5200 15.4800 -43.5600
-5.5800 15.5400 -43.4400
-6.0600 15.6600 -43.8600
-6.2400 15.1200 -43.9800
-6.0600 14.9400 -44.0400
-5.8800 14.5800 -43.7400
-4.4400 14.3400 -41.7600
-3.3600 13.9800 -40.1400
-3.1200 13.6800 -40.0800
-2.8200 13.8600 -40.6200
~G106
-0.1011 -0.1120 0.0263
-0.0847 -0.0821 0.0409
-0.0572 0.0364 0.0287
-0.0590 0.1115 -0.0006
-0.0584 0.1616 -0.0012
-0.0828 0.1983 0.0092
-0.0773 0.1366 0.0079
-0.0859 -0.0118 -0.0098
-0.1152 -0.0656 0.0165
-0.1635 -0.0864 0.0586
-0.1848 -0.1212 0.0721
-0.1769 -0.1902 0.0660
-0.1518 -0.3869 0.0177
-0.1971 -0.4230 0.0281
-0.2948 -0.3154 0.0898
-0.3693 -0.3234 0.1490
-0.3632 -0.3930 0.1442
0.0216 -0.2574 -0.0000
0.4101 0.3522 0.0452
0.8628 1.5147 -0.0122
0.9300 2.0749 -0.0428
0.0503 3.6204 0.0202
-0.0883 3.7541 0.2040
-0.0938 3.7535 0.2004
-0.1060 3.7468 0.1918
-0.1176 3.7395 0.1839
-0.1250 3.7315 0.1814
-0.1335 3.7199 0.1759
-0.1433 3.7047 0.1704
-0.1580 3.6833 0.1619
-0.1696 3.6564 0.1564
-0.1854 3.6320 0.1484
-0.1989 3.5929 0.1387
-0.2099 3.5611 0.1319
-0.2221 3.5269 0.1252
-0.2410 3.4670 0.1136
-0.2600 3.4188 0.1045
-0.2734 3.3595 0.0928
-0.2826 3.3088 0.0855
-0.2917 3.2569 0.0800
-0.3027 3.1842 0.0715
-0.3156 3.0852 0.0562
-0.3253 2.9930 0.0452
-0.3314 2.8885 0.0379
-0.3412 2.7810 0.0269
-0.3492 2.6393 0.0159
-0.3559 2.5465 0.0067
-0.3589 2.4237 -0.0031
-0.3638 2.3278 -0.0122
-0.3663 2.2074 -0.0208
-0.3724 2.0559 -0.0312
-0.3773 1.9509 -0.0367
-0.3815 1.7865 -0.0477
-0.3925 1.6222 -0.0574
-0.3968 1.5159 -0.0617
-0.4035 1.3644 -0.0703
-0.4084 1.2190 -0.0776
0.7180 -19.9670 3.5748
1.6960 -19.9670 -0.1863
-1.0150 -19.9670 -1.9138
-0.7395 -9.6415 -1.6536
-0.9325 0.3638 -1.6481
-1.0785 5.2801 -1.5424
-1.1805 7.3167 -1.1869
-0.9405 8.1683 -1.0928
0.2751 6.3784 -0.9291
0.7748 1.2404 -0.2859
0.1395 -1.1083 0.1765
-0.2135 -1.2831 0.1802
-0.0743 -0.9782 0.0623
-0.0504 -0.1890 -0.0061
0.0137 -0.0320 0.0055
-0.0016 -0.1267 0.0012
-0.0059 -0.1181 -0.0025
0.0027 -0.0870 0.0049
0.0021 -0.0809 0.0043
-0.0004 -0.0870 -0.0006
-0.0022 -0.0760 0.0043
0.0003 -0.0674 0.0012
0.0003 -0.0668 0.0012
0.0015 -0.0632 -0.0000
-0.0010 -0.0552 -0.0000
0.0003 -0.0509 -0.0000
-0.0010 -0.0516 -0.0012
0.0009 -0.0461 -0.0031
-0.0004 -0.0424 -0.0000
0.0009 -0.0412 -0.0012
0.0015 -0.0375 -0.0012
-0.0016 -0.0344 -0.0012
0.0003 -0.0314 0.0006
-0.0016 -0.0320 0.0012
-0.0022 -0.0283 -0.0025
-0.0022 -0.0228 -0.0025
-0.0034 -0.0192 0.0012
-0.0034 -0.0210 0.0006
-0.0034 -0.0241 -0.0012
-0.0034 -0.0241 0.0006
0.0003 -0.0210 -0.0018
-0.0010 -0.0186 0.0006
-0.0004 -0.0161 -0.0006
0.0003 -0.0222 -0.0000
-0.0016 -0.0222 -0.0006
0.0003 -0.0186 0.0012
-0.0010 -0.0186 -0.0006
-0.0004 -0.0186 0.0012
0.0003 -0.0192 -0.0018
