D10
~A108
0.4693 0.9673 9.8429
0.1317 0.9984 9.9961
0.3496 0.8069 9.7495
0.5938 0.9721 9.9267
0.7039 1.1445 10.4319
0.9673 0.8548 10.5588
0.9936 0.8332 10.5228
0.9314 0.9864 10.7120
0.7303 1.0319 10.4989
0.4262 0.6824 9.7782
0.2825 0.3855 9.4789
0.6058 0.8045 10.0057
0.9745 1.3192 10.9514
1.3671 1.4557 11.4734
1.1636 1.4030 11.6577
0.7805 1.4509 10.9083
0.2466 1.2761 9.5675
-0.0814 1.0655 8.9977
0.1317 1.0822 9.3903
0.7255 1.4749 9.9674
0.9864 1.5922 10.1948
0.8835 1.7071 10.1637
0.5411 2.0112 9.9650
0.5507 1.9322 9.6441
0.7374 1.8196 9.4239
0.8476 1.4964 9.5077
0.8284 1.3647 9.5819
0.8045 1.4797 9.2802
0.5746 1.7981 8.6218
0.2634 1.6736 8.9450
0.6129 1.4509 8.9043
1.0439 1.5204 9.3329
1.2594 1.9442 9.6274
1.1349 2.3679 9.5220
0.9386 2.2889 9.4550
1.3408 2.1309 9.3233
0.9529 1.6066 8.3512
0.5722 1.3456 6.9578
0.5627 1.7382 5.5787
0.5627 1.5659 5.3751
-0.1030 1.2929 4.7143
-0.5962 1.3288 3.3448
-0.6488 1.1876 3.0838
-0.3759 -0.3184 -0.7997
-0.0455 -0.1030 0.0862
-0.0359 -0.1053 0.1628
-0.0623 -0.1006 0.1652
-0.0503 -0.1269 0.1963
-0.0551 -0.1077 0.2155
-0.0455 -0.1221 0.2275
-0.0623 -0.1125 0.2299
-0.0718 -0.1269 0.2442
-0.0599 -0.1149 0.2658
-0.0623 -0.1173 0.2945
-0.0479 -0.1269 0.3041
-0.0623 -0.1365 0.3448
-0.0527 -0.1317 0.3496
-0.0431 -0.1317 0.3903
-0.0335 -0.1437 0.4310
-0.0503 -0.1389 0.4669
-0.0503 -0.1269 0.4836
-0.0431 -0.1317 0.4980
-0.0479 -0.1221 0.5148
-0.0383 -0.1317 0.5435
-0.0431 -0.1197 0.5555
-0.0311 -0.1125 0.6105
-0.0359 -0.1197 0.6560
-0.0383 -0.1053 0.6848
-0.0311 -0.0958 0.6967
-0.0383 -0.0958 0.7422
-0.0383 -0.0862 0.8045
-0.0192 -0.0670 0.8572
-0.0168 -0.0718 0.8955
-0.0192 -0.0718 0.9242
-0.0192 -0.0646 0.9721
-0.0024 -0.0718 0.9745
-0.0048 -0.0623 1.0056
-0.0215 -0.0527 1.0080
-0.0192 -0.0407 1.0870
-0.0120 -0.0359 1.1588
-0.0048 -0.0359 1.2642
-0.0383 -0.0263 1.7263
-76.7461 -66.2520 76.8850
-78.2353 -78.2353 78.2018
41.3084 29.8662 6.5412
10.8772 8.2267 -2.8564
5.6960 1.9346 1.4821
6.9506 1.8651 9.3880
6.0503 3.5651 13.8389
2.3560 2.9713 9.5268
2.9713 0.1197 7.3145
3.2227 -0.9505 7.7048
2.4302 2.6265 8.5571
2.3703 3.6417 8.8181
3.0695 -0.0862 9.4861
2.3033 -1.3169 9.9578
2.0710 -0.8021 9.8788
2.7606 0.7398 9.3401
2.8659 0.8715 9.2634
2.6529 0.3472 9.4789
2.5403 0.1844 9.5125
2.6840 0.3663 9.5005
2.7558 0.4956 9.4694
2.6576 0.4190 9.4598
2.6624 0.3998 9.5148
2.7175 0.3591 9.5101
2.7055 0.3951 9.5029
2.7055 0.3927 9.4909
~M108
-11.0400 13.5000 -40.8000
-11.1000 13.3200 -40.3200
-11.5200 12.9000 -40.8600
-11.5800 12.3600 -40.8600
-11.7000 11.8200 -40.9800
-12.0600 10.7400 -40.8000
-12.3600 10.4400 -41.5200
-11.7600 10.0800 -41.2200
-11.8200 8.8800 -41.3400
-12.6000 8.8200 -42.4200
-12.7800 8.4000 -42.1800
-12.8400 8.2200 -41.8200
-12.7200 8.4000 -41.7000
-12.6600 8.0400 -41.4000
-12.8400 8.2800 -41.9400
-12.9000 8.2200 -41.9400
-13.5600 8.2200 -41.7600
-13.8600 8.1600 -42.2400
-14.1000 8.2800 -42.4200
-13.4400 8.5800 -41.7600
-13.0200 8.6400 -41.5200
-11.6400 9.6600 -42.4800
-9.1200 11.3400 -42.5400
-7.1400 12.7200 -42.4200
-6.4800 13.5600 -42.7800
-5.6400 13.9800 -42.5400
-3.0600 15.1200 -40.9800
-0.4800 16.7400 -40.3200
1.2000 17.6400 -40.2600
1.8600 18.3000 -39.9000
4.3800 20.1600 -39.4200
5.9400 22.3800 -39.4800
6.6600 23.5800 -39.0600
7.9200 25.2000 -38.1000
9.6000 26.5800 -36.8400
11.1000 27.3000 -35.2200
12.4200 28.5000 -34.2000
12.9000 29.2800 -33.6000
13.8600 30.6000 -32.3400
14.4600 31.2600 -31.7400
15.3600 33.0600 -30.6000
15.3000 34.5000 -29.4000
16.1400 35.3400 -28.8000
16.8600 35.6400 -28.5000
17.9400 36.6600 -26.5200
18.3600 37.2600 -25.8000
18.9600 37.8000 -25.1400
18.0600 37.0800 -26.8800
0.2400 26.1600 -35.0400
-16.2600 16.0800 -41.8800
-14.1600 16.8600 -42.6000
-11.7600 17.7000 -42.9600
-10.9800 18.3600 -42.0600
-10.7400 18.7200 -42.1800
-10.3200 18.7200 -42.2400
-11.4600 18.4800 -42.5400
-11.6400 18.6000 -42.4800
-11.2800 18.6000 -42.1800
-10.9800 18.3000 -42.2400
-11.6400 18.0600 -42.3000
-12.2400 18.0600 -43.0800
-11.7000 18.0000 -42.7800
-11.5200 18.0600 -42.4200
-11.6400 18.2400 -42.3600
-11.7000 18.1800 -42.1800
-11.8800 18.4800 -42.3600
-11.9400 18.2400 -42.6600
-11.5800 18.0000 -42.8400
-11.6400 17.6400 -42.9600
-12.2400 18.0000 -42.6000
-11.6400 18.3000 -42.4800
-11.7600 18.1800 -42.6600
-11.8200 17.8800 -42.9000
-11.2800 18.3000 -42.3600
-11.1600 18.3000 -42.6600
-11.1600 18.8400 -42.3600
-10.8600 19.0200 -42.6000
-11.2800 18.4800 -43.0800
-11.4600 18.2400 -43.2000
-11.3400 18.0600 -43.3800
-10.8000 17.8200 -43.3200
-10.7400 17.8200 -42.4800
-10.2000 17.6400 -41.5200
-10.3800 18.1200 -41.2800
-10.6800 17.7000 -41.1600
-10.7400 17.5800 -41.1000
-10.7400 17.7000 -42.0000
-11.1600 18.2400 -41.8800
-11.1000 18.7200 -42.3000
-11.2800 18.6600 -43.0800
-11.8800 18.0600 -42.8400
-11.7600 18.1800 -41.8800
-11.5200 18.4200 -41.3400
-11.2200 18.0000 -42.4800
-11.7000 18.0600 -43.2000
-12.1800 18.2400 -42.9600
-11.5800 18.0000 -42.7200
-11.7600 17.8200 -42.7200
-12.0000 18.5400 -42.4200
-11.6400 18.5400 -42.2400
-11.4000 18.0000 -42.3600
-11.2800 17.6400 -42.6600
-11.0400 17.2800 -42.2400
-11.2800 17.4600 -42.5400
-11.1600 17.7000 -42.6600
-10.8000 17.6400 -42.6600
-11.2800 17.5200 -42.6000
-11.3400 17.2800 -42.9600
~G108
0.6606 -0.0045 -0.1246
0.7296 0.0303 -0.1802
0.7211 0.0114 -0.1222
0.5965 -0.0625 -0.0128
0.4431 -0.1847 0.0971
0.3460 -0.3026 0.1271
0.3014 -0.3319 0.0861
0.2611 -0.3106 0.0605
0.1603 -0.2623 0.0611
0.0901 -0.1126 0.1142
0.0626 -0.0143 0.1045
0.1010 0.0474 0.0440
0.1554 0.0780 -0.0159
0.1884 0.0334 -0.0153
0.1890 -0.0454 0.0232
0.1939 -0.0790 0.0183
0.1799 -0.1230 -0.0599
0.0119 -0.1969 -0.0293
-0.2905 -0.2134 0.0403
-0.4115 -0.1713 0.0623
-0.5190 0.2435 0.0177
-0.5147 0.8104 0.0782
-0.5123 0.8831 0.0935
-1.1445 1.8281 0.2205
-1.3766 2.0278 0.2810
-1.3834 2.0260 0.2584
-1.3895 2.0260 0.2382
-1.3968 2.0266 0.2114
-1.4023 2.0291 0.1900
-1.4090 2.0382 0.1674
-1.4151 2.0449 0.1490
-1.4286 2.0517 0.1185
-1.4396 2.0553 0.0965
-1.4524 2.0547 0.0727
-1.4677 2.0498 0.0476
-1.4793 2.0413 0.0281
-1.4933 2.0211 0.0043
-1.5116 1.9912 -0.0226
-1.5245 1.9570 -0.0458
-1.5367 1.9160 -0.0703
-1.5422 1.8769 -0.0880
-1.5483 1.8226 -0.1112
-1.5513 1.7743 -0.1289
-1.5446 1.7108 -0.1533
-1.5410 1.6485 -0.1759
-1.5287 1.5795 -0.1943
-1.5116 1.5086 -0.2126
-1.4835 1.4023 -0.2376
-1.4615 1.3296 -0.2523
-1.4353 1.2398 -0.2645
-1.4127 1.1580 -0.2737
-1.3785 1.0340 -0.2896
-1.3504 0.9234 -0.2969
-1.3143 0.8000 -0.3067
-1.2881 0.6992 -0.3103
-1.2545 0.5593 -0.3134
-1.2215 0.4310 -0.3164
-1.1879 0.2905 -0.3201
-1.1537 0.1421 -0.3189
-1.1170 0.0010 -0.3177
-1.0785 -0.1475 -0.3134
-0.8629 -0.6056 -0.1967
20.0165 -19.9670 8.2693
8.2109 -16.8693 -0.9151
-1.0517 3.6650 0.9774
-2.3106 4.9911 0.2071
-1.4212 4.2654 -0.6946
-0.0920 2.6112 -1.4594
-0.0217 0.4200 -1.3268
-0.6534 0.2838 -0.2804
-0.5355 0.3205 -0.0373
-0.0468 0.2209 0.0104
0.1621 -0.0009 -0.0202
0.0754 -0.2800 0.0092
0.0088 -0.1200 -0.0251
0.0119 -0.0320 -0.0043
-0.0004 -0.0735 0.0061
-0.0010 -0.0687 -0.0031
0.0100 -0.0528 -0.0012
0.0082 -0.0485 -0.0006
0.0015 -0.0436 -0.0018
0.0015 -0.0412 -0.0000
0.0033 -0.0393 -0.0006
0.0058 -0.0296 0.0018
0.0015 -0.0296 -0.0000
0.0009 -0.0308 -0.0000
0.0021 -0.0216 -0.0000
0.0033 -0.0253 -0.0018
0.0033 -0.0216 0.0006
0.0021 -0.0192 -0.0018
0.0039 -0.0180 -0.0006
0.0009 -0.0143 0.0024
0.0027 -0.0125 0.0006
0.0021 -0.0118 0.0012
0.0033 -0.0143 0.0012
0.0009 -0.0167 0.0012
-0.0010 -0.0149 -0.0018
0.0039 -0.0131 0.0024
0.0015 -0.0106 0.0018
0.0015 -0.0125 0.0006
0.0015 -0.0137 -0.0006
-0.0016 -0.0094 0.0043
-0.0004 -0.0131 0.0012
0.0009 -0.0118 -0.0006
-0.0016 -0.0112 -0.0000
0.0015 -0.0045 0.0018
0.0009 -0.0063 0.0006
0.0021 -0.0094 -0.0000
