D10
~A71
2.7031 -9.3760 -1.4102
3.0048 -2.6265 -1.2115
4.3791 -2.8731 -1.7430
5.8923 -3.5890 0.5220
7.5683 -3.9841 0.7925
9.0887 -4.5970 0.3328
9.8309 -4.9538 0.7350
10.1996 -5.2219 0.7207
10.0775 -5.2411 0.7710
9.5915 -5.1118 0.8883
8.7223 -4.6569 0.4501
7.7838 -4.2929 0.0024
6.4861 -4.0894 -0.1173
5.0280 -3.8261 -0.1077
3.9338 -3.5962 0.3448
2.7031 -3.1820 0.9194
1.4557 -2.4853 1.3001
0.3376 -1.9034 1.3839
-0.6010 -1.4964 1.9992
-1.2522 -1.3528 2.3943
-1.6209 -1.4174 3.2395
-1.4701 -2.3033 4.0822
-1.3959 -3.2706 4.8508
-0.3879 -4.9801 5.5356
2.4829 -8.0472 5.7894
4.1756 -9.2946 5.9426
7.8077 -11.3776 6.7926
12.4598 -14.3920 3.6249
18.0959 -17.0616 0.6776
25.3530 -20.8972 1.1085
26.5214 -27.2181 -6.2084
11.6505 -31.6356 9.1749
22.4631 -27.3546 -0.9721
16.4415 -23.3442 0.8141
7.0535 -12.8309 9.0958
8.1286 -10.5947 5.8899
7.6832 -9.8261 8.9833
6.2898 -7.8077 12.9578
7.5635 -5.6457 12.2276
5.9689 -3.4837 11.6194
5.4374 -5.0998 5.8301
6.7519 -1.7861 8.1070
7.9442 0.1604 8.2531
6.5292 0.7039 7.2259
5.7487 1.3240 7.0775
6.3472 2.7750 6.7830
6.0360 1.8173 6.1078
5.3656 1.9226 5.7606
1.8005 -0.4573 6.6010
2.1381 -0.8093 5.1860
1.9633 -0.1508 4.9322
2.0040 0.8117 5.0423
0.6010 2.6864 5.6672
0.1676 4.0511 4.8293
-0.3304 4.9825 4.8747
-0.7805 5.0783 5.0735
0.0838 4.2427 5.1908
2.5212 2.6864 5.0902
4.5491 1.6664 5.0543
4.9585 1.7861 5.2722
4.8628 1.8220 5.2698
4.1205 2.4996 5.2147
3.6273 4.0607 5.3584
3.0024 5.1573 6.0527
2.3727 6.5651 6.6154
2.1118 7.0440 6.7207
2.5834 4.8197 6.9051
3.4166 3.7853 7.0966
3.9146 3.7470 7.7144
3.6872 4.2307 8.4231
2.8157 4.0415 8.8540
~M71
9.0000 51.3000 -6.8400
8.9400 50.5200 -6.4800
8.9400 50.5800 -6.5400
8.7000 50.7600 -6.9600
8.2200 50.3400 -6.9000
8.2200 50.4000 -6.9600
8.2800 50.4600 -6.7200
-5.3400 50.1000 -3.7200
-6.0000 50.2800 -4.7400
-6.4200 50.2200 -5.4000
-5.9400 50.5200 -4.5000
-6.0000 49.9200 -3.6000
-6.9000 49.6800 -4.2600
-7.6800 49.8600 -4.8000
-7.5600 49.1400 -4.5000
-8.1600 49.0200 -4.6200
-9.3600 48.5400 -4.3800
-10.3200 48.5400 -4.6200
-10.6800 48.2400 -4.9200
-10.9200 48.1200 -4.5600
-11.0400 48.0600 -4.2600
-11.0400 48.3000 -4.7400
-10.5600 48.9000 -5.3400
-10.0800 49.2600 -5.4000
-10.3800 49.8600 -6.5400
-10.7400 51.2400 -8.7000
-11.2200 52.5000 -10.9200
-12.4200 54.1200 -13.0800
-20.7600 59.6400 -27.9600
-30.6000 62.1600 -45.0000
-39.2400 62.1600 -64.8600
-42.1200 60.9600 -75.2400
-46.3800 57.5400 -97.3200
-46.9200 52.9800 -117.9000
-44.9400 49.0800 -133.6800
-43.2000 45.8400 -144.7800
-42.8400 43.9800 -148.5000
-41.9400 41.5800 -151.8000
-39.4800 36.6000 -155.4000
-36.8400 31.0800 -155.7000
12.6600 -4.7400 -50.5200
10.6800 -5.2200 -49.9200
8.7000 -4.2600 -50.5800
7.3200 -3.3600 -50.0400
4.4400 -2.4600 -51.0600
2.5800 -1.0800 -52.2600
3.1800 0.1800 -52.2600
4.3200 0.3600 -51.6000
4.0800 0.6600 -51.0000
4.1400 1.4400 -51.2400
4.8000 1.8000 -50.7600
5.7600 2.4600 -50.2200
7.1400 3.3000 -49.9200
7.9800 3.9600 -48.8400
8.2200 4.0800 -48.1200
8.7000 4.6200 -47.7600
9.7800 5.1000 -46.8000
10.9200 5.4000 -45.7800
12.8400 5.2800 -43.4400
13.9200 5.2200 -42.3600
15.3600 5.4600 -40.8000
17.4000 5.4000 -38.7000
19.0800 5.1600 -35.7000
19.5600 5.1600 -33.5400
19.8600 4.8600 -32.9400
20.5800 4.6200 -30.9600
21.1800 4.3800 -30.3600
20.7000 4.8000 -30.1200
20.0400 5.1600 -29.5800
20.5200 5.1600 -28.5600
21.3000 4.6800 -27.3600
~G71
0.0218 0.2688 -0.1410
0.0188 0.2755 -0.1599
-0.5377 3.5907 -0.5668
-0.7649 2.8558 -0.6163
-0.9219 2.4582 -0.6095
-0.9018 2.0190 -0.6010
-0.6269 1.2438 -0.5741
-0.4479 1.2658 -0.6126
-0.4210 1.2694 -0.6761
-0.4302 1.2798 -0.8038
-0.4778 1.3244 -0.9144
-0.5053 1.0697 -1.0090
-0.4357 0.8827 -1.0744
-0.2952 0.5779 -1.1184
-0.1559 0.1100 -1.0952
-0.0973 -0.7269 -0.9767
-0.1333 -1.1368 -0.8771
-0.1639 -1.4862 -0.7207
-0.1358 -1.7916 -0.5142
-0.0979 -1.9303 -0.3579
0.0310 -2.2119 -0.0726
0.2112 -2.3322 0.1431
0.5038 -2.3799 0.3953
0.8282 -2.2284 0.5975
1.2521 -1.5809 0.7399
1.4354 -1.0946 0.7014
1.6168 -0.0855 0.1479
1.6816 0.6812 -0.4269
1.9510 1.6017 -0.8685
2.5068 4.6603 -1.2161
2.4268 6.1166 -1.6712
1.6871 6.6139 -2.1966
3.4445 1.0196 -0.6578
3.7878 4.0043 -1.3212
3.6565 5.4355 -2.0029
4.6858 3.6029 -2.0041
4.6290 3.7679 -2.3016
3.5722 4.3592 -2.4849
3.3126 3.1185 -2.2112
2.7329 2.2315 -1.7421
2.7940 1.1338 -1.5093
3.4781 2.0690 -2.0109
3.5514 1.7080 -1.9308
3.6498 1.6616 -1.8331
3.7103 1.6836 -1.8166
3.6327 1.6298 -1.7464
3.5508 1.7227 -1.6132
3.4537 1.8510 -1.5271
3.2717 1.9970 -1.4409
0.1367 -2.3377 0.9653
0.0524 -2.5741 1.2304
-0.2970 -2.4825 1.3501
-0.6959 -2.4532 1.3556
-0.9262 -2.0091 1.1137
-0.9323 -1.5180 0.6989
-0.9268 -1.1838 0.2964
-0.9818 -0.5925 -0.0451
-0.9537 -0.1863 0.0044
-0.8657 0.1277 0.1052
-0.8028 0.2664 0.1082
-0.7527 0.1564 -0.0078
-0.6904 0.0898 -0.1465
-0.5829 0.0862 -0.2070
-0.4986 0.0648 -0.2198
-0.4980 0.0465 -0.2106
-0.6165 0.0898 -0.2626
-0.6385 0.1100 -0.2345
-0.6281 0.1864 -0.1557
-0.6538 0.2462 -0.1459
-0.6642 0.2139 -0.1801
-0.6916 0.3501 -0.1893
