D10
~A73
3.4454 1.2498 8.4901
2.4685 -9.7543 -0.2203
2.3608 -9.7495 -0.0263
2.5475 -10.3864 0.6967
2.3679 -8.8588 0.4358
2.9019 -8.6721 -0.0048
3.1724 -8.5188 -0.7087
3.4142 -8.3704 -0.7374
3.4813 -8.0903 -0.6608
3.7853 -8.2531 -0.8308
3.7853 -8.3704 -0.4094
3.6058 -8.3512 -0.0551
3.6393 -8.2483 -0.4836
3.9075 -8.1621 -0.7350
3.8524 -8.0232 -0.2227
3.8284 -6.9673 0.0694
4.2355 -6.5459 0.0862
4.9561 -7.0894 -0.8045
5.3416 -7.7527 -1.6066
4.8747 -7.6569 -1.6305
2.4948 -3.8237 3.5483
0.3113 -3.4645 4.7239
-2.1333 -3.4885 5.8301
-4.9801 -2.9043 6.6848
-7.8101 -1.5467 8.4781
-11.6649 0.7255 10.5133
-7.6689 -4.1972 13.0823
-3.7806 -8.1860 13.3648
-3.3975 -11.5859 11.6242
-7.2259 -11.9929 12.3161
-5.7343 -14.9403 13.9514
20.4495 -36.9532 20.1167
41.3731 -52.5615 23.4567
14.6721 -29.9643 -23.2604
14.3561 -18.5006 -7.7048
13.2954 -8.8971 17.8924
16.1446 -11.5021 21.7233
16.5468 -14.1669 4.3767
12.4718 -15.7136 23.5333
11.8541 -17.8326 10.8078
9.7639 -13.4965 13.6426
9.3784 -14.0328 12.7830
7.4007 -8.6290 10.4175
7.5013 -5.6936 8.7487
6.4454 -4.2163 9.3137
6.2179 -1.9058 6.5076
5.8660 0.1532 6.2778
5.2506 1.9561 5.5020
4.9657 2.2410 5.4015
6.5292 0.0239 6.8740
4.5779 0.5028 6.2371
1.8508 0.5938 5.2075
0.5842 -0.8332 5.5140
0.8236 -0.9170 6.3329
-0.0718 0.4573 6.9673
-0.4645 2.9019 7.1780
1.1253 3.7255 8.7271
1.1109 3.7159 10.1876
0.7039 2.6169 11.3967
0.5531 2.6026 12.6202
0.6656 2.8851 12.8429
0.3208 2.9066 12.8549
0.0575 3.1485 13.1733
-0.3974 3.2203 12.6322
-1.1205 3.1054 11.8421
-1.8891 3.1772 10.9227
-2.1237 3.3161 10.2714
-1.7957 3.1365 9.2970
-1.3935 2.7151 8.6074
-0.6105 2.3631 8.2626
-0.1461 1.8196 7.6018
-0.2801 1.4150 7.5204
-0.6465 1.2905 7.2068
~M73
12.7200 50.1600 -6.1800
12.1800 49.7400 -5.9400
12.4800 49.4400 -6.9000
12.1800 50.1600 -8.1000
11.8800 50.4600 -8.7000
11.2800 49.8000 -8.8200
11.3400 49.6800 -8.4600
11.0400 49.7400 -7.8600
11.5200 50.0400 -7.9800
11.2200 49.7400 -9.3600
11.2800 49.5600 -9.6600
11.0400 50.4600 -10.2000
11.2200 50.2200 -10.6800
12.2400 49.8600 -11.1600
12.0000 49.8000 -10.8600
11.6400 49.6200 -10.7400
11.0400 49.6800 -11.7000
10.9200 49.4400 -12.1200
11.2200 49.0800 -12.2400
12.0600 48.1200 -11.2800
4.8000 52.3800 -8.0400
4.5600 52.5600 -7.3800
3.6000 53.5800 -7.1400
2.5800 54.6600 -8.1600
2.7000 55.3200 -9.2400
4.0200 56.3400 -11.7600
6.0000 58.3200 -16.5600
5.9400 59.1600 -24.6000
7.0800 55.3200 -35.6400
12.6000 46.6800 -42.2400
16.2600 40.3800 -41.3400
18.6600 39.4200 -39.0000
21.4800 37.5000 -39.1200
23.3400 34.5000 -39.0000
25.5600 32.4000 -37.6800
27.9000 29.1000 -37.0800
28.6200 26.4000 -37.2000
28.9200 24.1800 -37.8600
30.0600 21.1800 -39.3600
31.8000 18.6600 -40.6800
34.6800 16.2000 -42.1200
37.7400 13.6800 -44.0400
40.2600 11.0400 -45.6000
42.9600 9.1200 -47.1600
46.0800 8.1600 -47.7000
49.0200 6.8400 -48.0000
51.6000 5.0400 -48.0000
53.5800 4.0200 -47.2200
54.8400 3.5400 -46.8600
56.2200 3.1800 -47.2200
56.8800 3.2400 -47.5200
57.4800 3.3000 -46.8000
57.7800 3.2400 -45.9600
56.2200 4.0200 -47.7600
54.4200 5.1600 -50.5200
54.3600 5.5800 -50.8200
53.8200 5.7600 -51.1200
53.3400 6.2400 -50.6400
53.0400 6.4200 -50.5200
52.4400 6.9000 -49.8000
51.8400 7.2600 -50.0400
51.3000 7.5600 -50.6400
50.8200 7.2000 -51.3000
50.3400 7.0800 -51.3000
49.2600 7.5000 -51.0600
48.9000 7.9800 -51.0600
48.6600 7.8000 -51.4200
48.6600 7.9200 -51.1800
48.1800 7.9800 -50.6400
47.7000 8.1000 -50.9400
47.4600 7.6200 -51.5400
46.6200 4.0800 -47.4000
46.8600 4.0200 -47.8800
~G73
0.2827 0.4002 -0.1477
0.2625 0.4313 -0.1129
0.2430 0.5700 -0.0194
0.3554 0.5657 0.0862
0.3896 0.5963 0.1143
0.5460 0.5578 -0.1825
0.5063 0.5804 -0.1270
0.4604 0.5229 -0.1184
0.4604 0.4277 -0.1324
0.4330 0.3586 -0.1404
0.3676 0.4613 -0.1416
0.4348 0.4973 -0.1251
0.4812 0.5028 -0.0622
0.4055 0.5278 -0.0121
0.3939 0.3507 0.0490
0.4617 0.1967 0.0887
0.5631 0.0764 0.0349
0.5796 0.0288 -0.0463
0.4531 -0.1081 -0.1471
0.3193 -0.4379 -0.2632
-1.2090 0.4539 -0.9974
-0.9946 -0.0201 -0.9516
-0.8224 -0.7935 -0.7256
-0.6959 -1.2956 -0.4629
-0.5389 -1.4972 -0.0738
-0.1443 -0.7599 0.6421
0.6736 1.1143 1.9775
1.3480 1.4741 2.5364
1.8660 1.4423 1.0190
2.1971 1.3940 -1.8007
2.7756 1.5932 -2.7042
4.1953 2.9957 -2.6052
5.9375 4.8192 -4.4207
7.7939 7.4996 -7.8513
3.7927 5.0684 -7.6259
-1.4870 5.8295 -5.4757
1.3407 8.0195 -3.4323
4.6553 0.3427 -0.6780
2.0279 3.4032 -0.0903
1.5814 0.1118 0.2463
2.5362 0.5846 -0.2913
2.6748 0.6592 -0.5002
2.7787 0.8516 -0.7006
2.9705 1.0245 -0.8887
3.1202 1.3299 -0.9724
3.2069 1.0801 -1.0689
3.2930 1.2682 -1.1398
3.3566 1.4124 -1.1459
3.5233 1.7013 -1.2430
3.5160 2.0440 -1.1049
3.5740 2.1118 -1.0713
3.5643 2.1081 -0.9583
3.4903 2.4301 -0.8111
3.3578 2.9627 -0.6095
3.1134 3.3439 -0.5014
2.7597 3.3409 -0.3377
2.5698 3.3335 -0.2595
2.2094 3.2389 -0.1557
1.9650 3.0648 -0.0329
1.7646 2.9450 0.0728
1.4983 2.6347 0.1479
1.2772 2.3794 0.2005
1.0102 2.0947 0.2115
0.7805 1.8748 0.1846
0.6254 1.6390 0.1522
0.3853 1.2908 0.0588
0.2222 1.1295 -0.0011
0.0127 0.8773 -0.0329
-0.1657 0.6390 -0.0671
-0.2787 0.4924 -0.0775
-0.3783 0.3281 -0.0866
-0.5066 0.1375 -0.1031
-0.5878 -0.0476 -0.1043
