D10
~A64
3.5651 -9.6082 -3.1748
4.7838 -5.0926 -3.1676
4.4294 -5.2506 -2.4565
4.3743 -5.2890 -1.8125
4.6233 -4.9250 -2.0375
5.2746 -4.4701 -2.0303
5.8684 -4.3073 -0.6896
6.0096 -3.7279 0.4477
5.3009 -2.9162 1.2307
4.3073 -2.3655 2.0998
3.1293 -2.2434 2.4972
2.3871 -3.0575 3.2778
1.7957 -3.5890 3.6082
1.3288 -4.2546 3.5770
4.7215 2.9330 5.9210
3.7734 3.5148 6.3376
3.0359 4.2020 8.0711
5.5236 3.6680 10.0248
7.7431 2.8731 10.0344
5.1884 2.8659 9.0863
1.2091 4.7957 9.8572
2.8707 4.9131 10.6234
1.9465 5.6170 10.9179
-0.0120 6.7542 10.3217
0.7614 8.0711 10.0320
2.0208 8.7918 9.8477
1.8053 9.2251 9.0887
0.4812 8.2602 8.4709
-0.0934 6.7926 8.1118
-0.5243 6.1293 8.1908
-0.4238 5.8181 7.9538
0.2442 5.1812 7.4031
0.3113 4.5779 7.4366
0.1245 4.2977 7.9681
-0.3783 4.0224 8.0328
1.1133 2.9641 7.9227
1.2331 2.4230 7.5635
1.4892 1.4749 6.9889
1.8005 0.8452 6.3807
2.0758 0.6967 5.3273
1.9298 0.5555 5.0878
1.2857 0.3951 4.5372
1.3719 0.5627 4.7981
-0.0455 1.3456 5.6553
-0.5291 2.1022 5.8851
0.2658 2.2650 6.5172
1.4461 1.5443 7.5755
2.6888 1.3384 8.4829
2.2386 1.7071 9.0647
1.9513 1.6808 9.0168
2.1572 1.9106 9.5316
2.1429 2.2961 10.6042
2.2171 2.6193 11.1669
2.3847 2.9378 11.5548
2.6457 2.8803 11.6793
2.6983 2.7247 11.7176
2.6217 2.6002 11.7726
2.5691 2.4541 11.6481
2.5691 2.2482 11.4949
2.5547 2.0758 11.1238
2.4709 1.9992 10.7168
2.3991 2.1979 10.4342
2.3201 2.3608 10.3983
2.2746 2.5164 10.1805
~M64
-0.9000 50.1000 1.0800
-1.6200 49.9200 1.5600
-3.4800 49.8600 1.7400
-5.1600 49.5600 1.4400
-5.7600 49.3800 1.2600
-6.6600 49.2000 2.4600
-7.5000 49.0800 3.1800
-7.3200 48.9600 3.2400
-7.2600 48.7800 3.6000
-7.8000 49.0200 4.0200
-8.5800 48.6000 5.5200
-9.0000 48.7200 5.5800
-9.8400 48.7200 5.5800
-10.3200 48.4800 5.8800
-10.2600 47.7000 6.4800
-10.9800 46.8000 7.2000
-11.2800 46.9200 8.1000
-11.4000 47.3400 8.7000
-12.6600 46.6200 8.2200
-13.3800 46.2600 7.5600
-13.2000 46.7400 7.0200
5.1000 32.9400 -26.2800
8.4000 29.2800 -27.4200
10.0200 28.0800 -28.1400
13.2600 25.6200 -28.9200
15.0000 24.6600 -30.0600
17.8800 21.1200 -31.6800
19.0800 17.0400 -33.5400
18.3600 14.0400 -36.3000
17.2200 11.2200 -39.0000
16.3800 8.7600 -41.8800
16.4400 6.6600 -44.1600
17.1000 4.5000 -44.8200
17.2800 4.3800 -45.7200
17.0400 5.1000 -46.9200
16.6800 5.2200 -47.8800
17.0400 5.4600 -48.3000
17.8200 4.8600 -46.9200
18.4200 4.8000 -46.3200
18.5400 4.8000 -46.3200
17.1600 6.2400 -46.6800
16.3200 7.5600 -45.9600
16.2600 8.7000 -45.7800
16.6200 9.6000 -45.6000
16.9200 10.6200 -44.7000
17.5200 12.4200 -43.3200
18.6000 13.5000 -42.4800
18.7200 14.5200 -42.0000
20.4000 16.2000 -39.8400
22.1400 17.2200 -38.8200
22.6800 17.5200 -38.1600
24.3600 17.7000 -37.7400
24.8400 18.1800 -37.5000
24.9000 17.8200 -37.1400
25.2600 17.4600 -37.3800
25.2000 17.4000 -37.0200
24.8400 16.5600 -37.0800
23.1000 16.5600 -37.5600
22.5600 16.4400 -38.8800
20.6400 16.8600 -41.4600
19.1400 12.5400 -38.7000
18.7800 12.7200 -39.7200
18.3000 12.8400 -40.2600
18.2400 12.9000 -40.2600
~G64
-1.1095 0.9127 -0.6395
-1.1278 0.5993 -0.4898
-1.1138 0.1338 -0.3579
-1.0771 0.0275 -0.3420
-1.0808 0.3556 -0.4104
-1.0007 0.6775 -0.4690
-0.9574 0.8345 -0.4727
-0.8725 0.8400 -0.4403
-0.7259 0.6011 -0.3866
-0.8083 0.0080 -0.3530
-0.8914 -0.3958 -0.3456
-0.8786 -0.6817 -0.3621
-0.8706 -0.5882 -0.4654
-0.9861 -0.1612 -0.5704
-0.9910 0.0312 -0.5491
-0.9116 0.0159 -0.5460
-0.8285 0.0758 -0.5423
-0.8242 0.0898 -0.5356
-0.7918 -0.1588 -0.6211
-0.6092 -0.2926 -0.6920
-0.4259 -0.2474 -0.7409
-0.1101 -0.0207 -0.7268
0.1807 0.1039 -0.6297
0.5026 0.3250 -0.4159
0.7195 0.4900 -0.2210
1.0224 0.6970 0.1082
3.3199 2.5639 -1.7525
2.9619 2.8351 -1.5991
2.6571 2.9615 -1.4379
2.3413 2.9609 -1.2888
2.0511 2.6561 -1.0689
1.8551 2.5193 -1.0512
1.5960 2.4527 -0.9889
1.3694 2.4820 -0.8154
1.2448 2.4863 -0.7781
1.0512 2.4673 -0.7861
0.7616 2.3482 -0.6529
0.5258 2.2095 -0.4861
0.2210 2.0232 -0.3695
-0.0295 1.8333 -0.2888
-0.1889 1.6903 -0.2094
-0.4186 1.3495 -0.1129
-0.5518 1.1399 -0.0530
-0.7087 0.8443 -0.0121
-0.8444 0.6415 -0.0188
-0.8798 0.4741 -0.0286
-0.9280 0.1106 0.0258
-0.9006 -0.0806 -0.0378
-0.8566 -0.3396 -0.1563
-0.8627 -0.7593 -0.2705
-0.8511 -1.1252 -0.2595
-0.8908 -1.3200 -0.2369
-0.9702 -1.4697 -0.2595
-1.0783 -1.3713 -0.1929
-1.2011 -1.1594 -0.1105
-1.3001 -0.8686 -0.0805
-1.3208 -0.7141 0.0355
-1.2353 -0.4245 0.1382
-1.0789 -0.2046 0.1870
-0.9116 -0.1612 0.1565
-0.7717 -0.2107 0.0789
-0.5682 -0.1973 0.0697
-0.4113 -0.1966 0.0649
-0.3190 -0.2816 0.0484
