D10
~A108
2.1788 -9.5963 -2.2650
3.0407 -9.4813 -1.4749
2.9545 -9.2587 -1.4581
2.7965 -9.1102 -1.0104
2.6936 -8.9498 -0.8308
2.6816 -8.7774 -0.9002
2.6840 -8.4111 -1.1421
2.6529 -8.2866 -1.2666
2.6840 -8.2219 -1.2378
2.7199 -8.2004 -0.9649
2.8205 -8.1669 -0.3974
3.0000 -7.9346 -0.0814
3.3927 -7.6521 -0.2107
3.8763 -7.3792 -0.4358
4.4174 -7.0440 -1.0559
4.9705 -6.7303 -1.9202
5.2506 -6.6226 -2.5906
4.8245 -6.7303 -3.4071
3.6704 -7.0200 -3.0838
2.9186 -7.0056 -2.4709
2.5906 -6.7566 -2.1740
2.6265 -6.4095 -2.3153
2.5140 -5.9881 -2.9545
2.1620 -5.8803 -1.5371
1.9753 -5.8205 -0.3160
1.9585 -5.5260 -0.7446
2.1955 -5.1812 -1.5180
2.6696 -4.8676 -0.4549
2.9737 -4.5204 0.0455
3.2323 -4.2139 -0.7303
3.5339 -4.1110 -1.4749
3.6680 -4.2139 -0.8284
3.7590 -4.3408 0.3783
3.4909 -4.3169 0.4334
3.6154 -4.1205 0.3807
3.6321 -3.8117 0.5842
3.7853 -3.5986 2.0806
3.4837 -3.3927 2.3823
3.0192 -3.0024 2.5068
3.0407 -2.8588 2.8755
2.0256 -2.5212 2.5810
1.3049 -2.3248 2.7869
0.6177 -2.2841 2.7917
8.8660 0.2969 5.2626
8.3225 1.2091 5.5978
10.5564 2.3177 4.9729
9.1222 1.2809 6.9841
3.5627 3.8715 6.7159
3.7231 5.2147 6.5795
3.5363 6.1988 9.7375
4.1708 9.5819 10.4199
7.4438 10.7790 11.4111
8.3895 10.0344 12.0671
7.0296 9.2036 12.3209
5.0854 8.3608 12.0264
5.2315 7.7239 11.1406
4.8580 7.1182 9.3688
3.7901 6.4813 8.0041
2.5643 6.1796 8.3105
1.9322 5.5691 9.2730
1.3528 4.2331 10.0655
0.7326 3.4693 9.8285
0.4812 2.7438 8.3608
-0.0192 2.3991 7.8508
-0.3687 1.7263 7.5539
-0.0814 1.3839 7.2163
0.6704 1.2738 6.5412
0.8452 1.1229 5.8899
0.8667 0.9529 5.2842
1.6329 0.6872 4.7407
3.4765 0.5004 2.3344
5.5068 0.5387 0.5938
7.3696 0.3280 1.0631
7.7287 0.3998 2.8085
5.6601 0.3663 5.1022
3.8093 0.3759 5.8899
3.3065 0.6441 5.3392
3.0647 1.0966 4.6473
2.6074 1.7789 4.2881
2.2434 1.9920 4.6617
2.1309 1.8244 5.1764
2.9833 0.7901 6.6441
3.3879 0.4741 8.1932
2.8707 0.8069 9.1773
3.0862 1.7478 11.3082
3.7446 1.7957 12.1845
4.6090 1.5970 11.7104
5.3297 1.6664 11.6314
5.9234 1.6401 12.5747
6.5244 1.8340 13.8509
6.9626 1.9705 14.4064
7.2618 2.1477 14.3728
7.0847 2.0806 13.9275
6.6944 2.0256 13.1374
6.2538 1.9729 12.2228
5.8061 1.9920 11.3058
5.1190 2.2554 9.8022
4.7550 2.3799 9.0551
4.4941 2.3464 8.5739
4.4390 2.3560 7.9681
4.3935 2.3943 7.7910
4.3001 2.3703 7.7527
4.4845 2.3655 7.5515
4.4486 2.2386 7.2906
4.3169 2.2051 7.0894
4.3672 2.2434 7.0368
4.4270 2.1716 6.8979
4.4150 2.1333 6.9051
~M108
9.6600 50.3400 -8.5200
9.5400 50.5200 -8.9400
9.6600 49.9800 -8.8800
12.3000 48.7800 -9.3600
11.8800 48.6000 -9.6000
12.1800 49.0200 -8.8200
12.4800 49.2600 -8.7000
12.6000 49.6200 -9.3000
12.0600 49.2600 -10.2600
11.5200 49.4400 -11.2200
9.8400 49.7400 -13.0200
9.1200 50.0400 -13.4400
9.1800 50.7000 -14.0400
8.8800 50.5200 -14.4000
8.3400 50.5800 -14.4000
7.9200 50.0400 -14.5200
8.0400 49.9200 -14.3400
8.0400 49.9200 -13.9800
7.6200 50.4600 -13.7400
7.0800 50.5200 -13.7400
6.9600 49.9200 -14.0400
6.1800 49.8600 -13.9200
5.8200 49.9800 -13.8000
5.4000 50.1600 -13.2600
4.8000 50.4000 -13.3800
4.3800 50.9400 -13.0200
4.0800 51.0000 -12.7200
3.5400 50.9400 -12.5400
2.4000 50.8200 -12.6000
1.5000 50.7000 -12.1800
0.7800 50.7600 -11.2200
0.3000 51.1200 -9.7800
-0.6000 50.7600 -9.0600
-1.2600 50.3400 -9.0000
-2.2200 50.3400 -7.9200
-2.3400 50.4600 -7.3800
-2.8800 50.5800 -6.3000
-3.7800 50.4000 -5.3400
-3.2400 49.3200 -1.9800
-2.2800 48.9000 1.1400
-2.5800 49.3200 1.0800
-2.7600 48.9000 1.0800
-25.8600 6.6600 -5.9400
-24.4800 3.7200 -8.3400
-21.8400 0.6600 -10.9200
-19.0200 -1.8000 -14.4600
-15.7200 -3.2400 -18.2400
-13.8000 -3.4200 -19.8000
-10.3200 -4.1400 -22.0200
-9.1800 -4.3200 -23.5800
-8.2800 -4.3800 -24.7800
-5.2800 -2.7000 -27.7800
-2.3400 -0.2400 -30.6000
0.1800 1.0800 -33.9000
1.2000 2.1000 -35.5800
3.0000 2.7600 -37.2600
3.7800 3.4200 -38.5800
5.5800 4.2600 -40.1400
6.4200 4.2000 -40.7400
7.8000 4.0800 -43.3200
6.6600 4.3200 -46.9800
5.9400 4.4400 -48.3000
4.8600 4.0800 -48.3000
3.7800 4.3200 -49.3200
2.1000 4.4400 -49.8000
-0.1800 4.9800 -49.3200
-1.2600 6.3600 -48.9000
-1.0200 7.0800 -48.7200
-0.8400 8.1600 -48.4800
-0.4200 10.2000 -47.5800
-0.2400 10.7400 -46.2000
0.3000 11.5800 -43.6200
-0.9600 13.4400 -41.0400
-5.1000 15.7800 -38.4600
-9.2400 16.8600 -36.1800
-11.9400 16.1400 -34.0200
-13.3800 15.6000 -33.0600
-14.2800 14.7600 -32.1600
-15.0600 13.7400 -31.0800
-15.0000 13.1400 -30.7200
-14.9400 13.2600 -31.0800
-14.7000 13.1400 -31.5600
-13.9800 13.9200 -32.5200
-14.6400 15.0000 -35.6400
-15.3000 16.5000 -38.8200
-14.4000 16.6800 -39.5400
-13.0800 16.7400 -40.4400
-12.6600 16.6200 -40.8000
-12.1800 16.9800 -41.1600
-12.6600 16.6800 -41.4000
-12.8400 17.0400 -41.5200
-13.3200 16.8000 -41.2800
-13.6200 17.1600 -41.2200
-13.9800 17.1600 -40.8000
-14.3400 17.7600 -40.8600
-14.9400 18.1200 -40.7400
-15.0600 18.4200 -40.5000
-14.7000 18.6600 -40.5600
-14.8800 18.6000 -40.3200
-15.3600 18.0600 -40.3800
-15.8400 18.0000 -40.4400
-15.3600 17.7000 -40.9800
-15.0600 18.1200 -40.9800
-14.2800 17.9400 -40.9800
-14.1600 18.0000 -40.5600
-14.2800 18.0600 -40.6200
-14.3400 17.5800 -40.7400
-14.0400 17.5800 -41.1600
~G108
0.0964 0.2914 -0.1911
0.1275 0.3470 -0.1917
0.1801 0.4515 -0.1954
0.2436 0.5895 -0.2039
0.2870 0.6867 -0.2204
0.3285 0.8070 -0.2412
0.3206 0.8088 -0.2650
0.2711 0.7795 -0.3096
0.2216 0.7948 -0.3389
0.1489 0.8608 -0.3908
0.1104 0.9530 -0.4312
0.0762 0.8944 -0.4733
0.0322 0.7233 -0.5081
0.0286 0.6439 -0.5344
0.0475 0.6280 -0.5295
0.0047 0.5413 -0.5368
-0.0893 0.5297 -0.5637
-0.2280 0.7032 -0.5882
-0.2567 0.8485 -0.5845
-0.2256 0.8925 -0.5594
-0.1626 0.8137 -0.5106
-0.1419 0.6494 -0.4739
-0.1712 0.3415 -0.4360
-0.1981 0.1467 -0.4287
-0.1846 0.1650 -0.4525
-0.1339 0.4020 -0.5265
-0.0942 0.7123 -0.5998
-0.1077 0.9976 -0.7268
-0.2072 1.1240 -0.8759
-0.3770 0.7477 -1.0145
-0.6177 -0.2944 -1.0066
-0.7558 -0.6902 -0.9877
-0.8859 -0.5827 -0.9754
-0.9629 -0.2076 -0.9620
-1.0099 -0.1698 -0.9370
-1.0423 -0.3750 -0.8661
-1.0673 -0.2779 -0.8172
-1.0881 -0.0201 -0.8099
-1.0606 -0.2461 -0.8142
-1.0808 -0.4624 -0.7812
-1.1522 -0.3066 -0.7537
-1.1302 -0.3200 -0.7684
-1.0881 -0.5186 -0.7757
-1.0056 -1.1319 -0.7396
-0.9873 -1.4184 -0.7177
-0.9470 -1.6578 -0.7018
-0.8590 -1.8203 -0.6682
-0.7045 -2.0671 -0.6193
-0.5292 -2.0616 -0.5753
-0.3966 -1.8851 -0.5295
-0.1749 -1.5247 -0.4910
0.0194 -1.0940 -0.4202
0.2466 -0.6829 -0.3389
0.4922 -0.1924 -0.2565
3.9540 1.4698 -2.9455
3.9253 1.7050 -2.8929
3.6693 1.7080 -2.7207
3.2271 1.7300 -2.3474
2.8557 1.7129 -2.0982
2.5453 1.6769 -1.8917
2.2539 1.8253 -1.6993
1.8068 1.9988 -1.4140
1.6015 2.1081 -1.1306
1.2839 2.3812 -0.8239
1.1464 2.3659 -0.6798
0.8019 2.2932 -0.4556
0.4513 2.2322 -0.2565
0.1477 2.0409 -0.1056
-0.0893 1.8809 -0.0158
-0.3227 1.9811 0.0368
-0.4901 2.0336 0.0533
-0.5230 1.9676 0.0832
-0.4552 1.6879 0.1675
-0.3905 1.4777 0.2561
-0.3428 1.1167 0.5841
-0.3221 0.8186 0.8572
-0.2439 0.5321 1.1320
-0.1125 0.3324 1.3849
0.0609 -0.0226 1.4454
0.1721 -0.2718 1.3917
0.3071 -0.6255 1.2903
0.4055 -1.0421 1.3232
0.2766 -1.6768 1.3801
-0.2756 -2.3035 1.3483
-0.9500 -2.1514 1.1308
-1.0331 -1.2687 0.7600
-0.8755 -0.2046 0.2298
-0.7466 0.4252 -0.1141
-0.8273 0.3611 -0.1013
-1.0172 0.1186 -0.0756
-1.1107 0.2432 -0.0781
-1.1461 0.6366 -0.0634
-1.1467 0.8320 -0.0219
-1.0704 0.9506 0.0294
-0.9177 0.9151 -0.0512
-0.8780 0.3745 -0.0927
-0.7692 -0.3726 -0.0799
-0.5566 -0.9755 -0.0341
-0.4302 -1.1038 -0.0451
-0.2805 -0.9779 -0.0677
-0.1015 -0.7629 -0.1098
0.0530 -0.6389 -0.1538
0.2118 -0.5387 -0.2009
0.3621 -0.4233 -0.2479
0.5160 -0.3164 -0.2986
0.5484 -0.2962 -0.3139
0.5661 -0.2602 -0.3120
0.5484 -0.1942 -0.2913
