D10
~A90
1.6377 -9.7160 -1.6592
1.6928 -9.0384 -2.8636
2.0830 -9.0121 -2.6098
2.4086 -8.9091 -2.5164
2.9306 -8.6792 -2.6648
3.5339 -8.4590 -2.7845
5.1668 -6.2227 -4.0272
4.6976 -1.1852 4.2307
3.6321 -0.4142 5.1094
0.2179 1.4485 7.8484
0.0383 1.3647 6.2443
0.5698 1.1852 1.4270
1.4988 0.4741 -1.0559
2.4039 -0.1101 -0.9242
3.0503 -0.4238 -0.5267
2.6098 -0.3400 -0.2538
2.0232 0.1101 -0.3184
1.0511 0.4908 -0.8093
0.2729 0.6632 -1.4653
-0.2969 0.6991 -1.8029
-0.8069 0.4932 -1.7406
-1.1062 0.2203 -1.9633
-1.1469 -0.1053 -2.3368
-1.2498 -0.3113 -2.8923
-1.2091 -0.7279 -2.7438
-1.0176 -0.8715 -2.0303
-0.8284 -0.8595 -1.6544
-0.5243 -0.9338 -1.5491
0.1269 -1.4964 -2.3919
1.1014 -2.4398 -3.6225
1.7406 -3.8404 -3.4094
2.4996 -5.6242 -2.5451
2.1453 -7.4486 -5.6242
2.4182 -13.5588 -9.1102
2.1213 -17.7751 4.1253
-1.0702 -17.0377 14.2603
-0.8404 -26.1479 6.9099
3.7063 -29.8303 0.1245
7.1637 -27.6395 -6.1581
9.5867 -31.9612 -10.1182
10.7575 -34.0035 14.7439
9.1222 -30.4145 11.1837
-1.5635 -21.9747 -11.8181
-5.0471 -17.4471 -5.9163
-2.4517 -15.4957 2.9450
-1.4653 -13.0823 -2.3919
-2.9043 -11.5811 -4.1325
-2.6074 -11.3800 -0.8572
4.0415 -8.2172 -1.3288
4.1158 -8.1118 -1.6568
4.3265 -8.0950 -1.6688
4.6233 -8.2124 -1.1780
5.0304 -8.4518 -0.7159
5.4829 -8.9378 0.4262
5.3201 -9.0121 0.4812
4.8628 -9.0480 0.3735
4.3791 -9.0982 0.2466
4.1589 -9.1796 0.3687
4.1565 -9.3640 0.4812
4.2020 -9.6370 0.1532
4.0727 -9.7471 0.4118
3.8715 -9.7926 0.5794
3.6585 -9.8022 0.4310
3.0455 -9.6896 0.1580
2.4709 -9.6513 -0.3663
2.0399 -9.7375 -0.9409
1.8460 -9.7615 -1.1852
1.6808 -9.8285 -1.1205
1.4773 -9.8309 -1.0247
1.2953 -9.7998 -1.1014
1.0247 -9.7615 -1.0463
0.9362 -9.6585 -0.9146
1.1038 -9.5220 -0.7087
1.5395 -9.5651 -0.3232
2.0591 -9.6657 -0.0168
2.3919 -9.6513 -0.3328
2.6193 -9.6801 -0.4358
2.7055 -9.6944 -0.1149
2.7343 -9.6777 0.0934
2.6600 -9.6346 0.1652
2.5619 -9.5675 0.1508
2.4972 -9.5867 0.0503
2.3895 -9.6034 0.0048
2.2650 -9.6705 -0.1580
2.0615 -9.7830 -0.2634
1.8795 -9.8261 -0.2921
1.6161 -9.8141 -0.3280
1.4653 -9.8237 -0.5028
1.4102 -9.8165 -0.6656
1.3839 -9.8692 -0.8117
~M90
-3.2400 36.8400 24.0000
-3.3600 36.9000 24.1200
-4.0200 36.7200 23.8200
-4.6200 36.1200 24.4800
-4.6800 35.7600 25.2000
-4.5000 35.7600 25.0800
-4.5000 35.8800 24.9600
-4.6800 35.8800 25.0200
-4.8000 35.9400 24.4800
-5.2800 35.2200 24.4800
-5.6400 34.5000 25.6200
-5.4000 34.3200 25.3800
-4.9800 34.1400 25.6200
-4.9800 34.2600 26.1000
-5.8200 34.2000 26.7600
-6.6000 34.1400 26.9400
-6.9000 33.7800 27.4200
-6.9000 33.3600 27.7200
-7.5000 31.8000 27.7200
-3.3600 39.4800 18.6000
-2.9400 39.9000 19.6200
-2.5800 39.6000 20.6400
-3.4800 39.3600 21.0600
-5.0400 39.7800 19.0200
-5.6400 39.7200 18.7800
-5.8800 40.0800 17.8800
-6.3000 39.4200 17.6400
-5.8800 38.7600 17.2200
-5.2200 39.2400 17.5800
-4.8000 39.3600 17.7600
-4.6800 39.2400 17.7000
-4.1400 39.6000 18.1200
-4.2000 39.6000 18.7200
-3.9000 39.4800 19.0800
-3.4200 39.7200 18.9000
-3.4200 40.0200 18.7200
-3.4800 39.8400 18.6000
-3.0000 39.5400 18.7200
-3.1200 38.7000 19.6800
-3.3600 37.9800 20.2200
-3.5400 37.5600 20.4600
-3.3000 37.9200 20.4000
-3.6600 37.3200 22.0800
-4.6200 37.0200 23.5200
-5.2800 36.9000 23.6400
-6.3000 36.6600 23.2800
-7.8000 36.1200 23.0400
-8.7600 36.0600 22.7400
-11.2200 35.4600 22.1400
-12.5400 35.0400 22.1400
-13.1400 34.6200 22.3800
-10.0800 37.6800 19.7400
-9.8400 38.0400 20.1000
-9.6000 38.1600 20.0400
-9.2400 38.5200 20.1600
-8.8800 38.1600 19.8000
-8.3400 38.1000 19.9800
-7.9200 38.1000 20.3400
-7.0200 37.8000 22.0800
-5.9400 36.7800 23.2800
-5.7600 36.7800 23.1000
-6.0000 36.5400 22.6800
-5.8800 36.8400 22.6200
-5.8800 36.7200 22.9800
-5.8200 37.0800 22.9800
-5.8200 37.2600 22.3200
-5.2800 37.5000 22.2000
-5.5800 37.1400 22.6800
-6.1800 37.1400 23.1600
-6.6000 37.7400 22.4400
-7.3800 38.2800 20.8200
-7.8000 38.1600 19.8600
-8.4600 37.6200 19.3200
-8.5800 37.0200 19.1400
-8.1600 38.0400 19.3200
-7.9200 38.1000 19.2600
-8.1000 38.7000 19.3200
-8.2200 38.6400 18.9600
-7.7400 38.8800 19.1400
-7.5000 39.1200 18.9000
-7.3800 39.2400 19.0800
-6.9000 39.1800 19.0200
-6.8400 39.2400 19.3200
-6.6000 38.9400 19.4400
-6.9000 38.8200 19.2000
-6.9600 38.7000 19.3800
-7.0200 38.8200 19.3200
-6.9000 38.7000 19.6800
-7.2600 38.9400 19.7400
-7.1400 38.7000 18.7200
~G90
-0.3611 0.1076 -0.1756
-0.3672 0.0782 -0.1836
-0.3916 0.0330 -0.2037
-0.4863 -0.0531 -0.2648
-0.4741 -0.0305 -0.2880
-0.4271 0.0434 -0.3045
-0.4051 0.0782 -0.2947
-0.4112 0.1271 -0.2569
-0.3996 0.2059 -0.2269
-0.4570 0.2627 -0.1811
-0.5443 0.2890 -0.1585
-0.5633 0.3818 -0.1426
-0.5602 0.4930 -0.1378
-0.5773 0.5199 -0.1390
-0.6207 0.5083 -0.1610
-0.6604 0.4930 -0.1823
-1.4869 -0.0708 -0.6161
-0.2346 1.2083 -0.2324
-0.1283 0.9689 -0.6723
0.0928 0.4759 -0.7889
0.3280 0.3440 -0.6295
0.3170 0.2230 -0.4041
0.1685 0.0831 -0.2398
0.1392 -0.0018 -0.1451
0.2388 -0.1728 -0.1286
0.2870 -0.4978 -0.1518
0.3011 -1.1050 -0.1958
0.3096 -1.5112 -0.2276
0.2962 -1.7629 -0.2404
0.2473 -1.9272 -0.2227
0.1307 -1.9902 -0.2062
0.0745 -1.9364 -0.2074
0.0512 -1.7660 -0.1964
0.0512 -1.5021 -0.1915
0.0164 -1.0849 -0.1897
-0.0331 -0.7318 -0.1762
-0.0990 -0.2828 -0.1237
-0.2108 -0.0696 -0.0449
-0.3971 0.0440 0.0852
-0.6494 0.3513 0.2098
-0.9377 0.7374 0.3088
-1.4802 1.1289 0.3039
-1.4692 0.8327 0.1188
-0.8467 0.1033 -0.1115
-0.8950 -0.4361 -0.2349
-1.9005 -0.2095 -0.3015
-2.7270 -1.1325 -0.7388
-0.9487 -2.2131 -1.1176
0.0708 2.6439 -0.8390
0.1496 3.7324 -0.6527
-0.0343 3.6549 -0.6655
-1.2707 3.4588 -1.3381
-1.2047 2.3733 -1.9734
1.5503 2.4081 -1.8011
0.3701 0.5993 -1.7236
-1.0611 -1.8374 -1.1084
-0.1051 -1.0592 -0.6790
0.3610 -0.0855 -0.4908
0.0073 -0.2015 -0.2306
-0.0245 -0.1209 -0.0064
0.0005 0.3458 0.5342
-0.0184 0.4032 0.5195
-0.0544 0.4185 0.5055
-0.1210 0.4362 0.4969
-0.1363 0.4729 0.4646
-0.0899 0.5816 0.4023
-0.0300 0.5889 0.3106
0.0726 0.4588 0.1603
0.0696 0.3519 0.1011
0.0567 0.1937 0.0547
0.0745 0.1216 0.0241
0.1123 0.0489 0.0027
0.1191 0.0049 -0.0217
0.1123 -0.0818 -0.0651
0.1282 -0.1362 -0.0761
0.1380 -0.2070 -0.0950
0.1154 -0.3738 -0.1145
0.0824 -0.5852 -0.1078
0.0482 -0.6609 -0.0932
0.0079 -0.6188 -0.0675
-0.0056 -0.5430 -0.0522
0.0036 -0.4874 -0.0351
-0.0056 -0.4007 -0.0211
-0.0056 -0.2981 0.0009
0.0122 -0.2040 0.0510
0.0280 -0.0891 0.0852
0.0500 0.0147 0.1023
0.0879 0.0666 0.1041
0.0885 0.0495 0.1011
0.0421 0.0336 0.0877
