D10
~A55
-1.4629 -9.8357 -3.8237
2.0184 -9.6465 7.0799
1.0224 -13.1877 2.3727
-1.9609 -22.0752 1.1636
-3.6058 -35.6196 0.9146
1.6640 -41.2055 -10.8317
3.1916 -41.0786 -10.1038
0.1987 -40.4082 -3.6249
-0.0575 -40.2382 -2.7630
-0.4286 -39.8216 -1.2426
-5.4853 -4.7502 -1.8771
-4.5372 -4.2690 -0.7135
8.9977 -2.0710 4.0367
2.5427 -1.1277 -2.4924
-3.4549 -21.7400 -9.6513
-4.0583 -19.9946 -2.8109
-5.5571 -23.5022 0.1461
-3.8476 -27.0601 -4.1493
-4.7095 -28.2884 2.2099
-3.5316 -29.3227 5.0926
3.0192 -29.4735 -6.3041
9.0863 -30.3211 -16.2212
7.8173 -28.6738 -15.0241
0.1628 -24.5054 -6.6465
-6.6513 -19.9587 1.3073
-6.5651 -16.6618 1.7766
-4.0655 -15.3353 0.9912
-2.5523 -14.2196 0.7183
-1.9130 -13.8629 1.0511
-0.6608 -13.4055 1.4964
1.4342 -13.0656 1.2331
3.2754 -12.9889 1.1708
6.1150 -12.7471 1.5539
7.4534 -12.2611 1.0511
5.1788 -11.5260 0.0024
2.9474 -10.4007 -0.9673
1.6568 -9.6274 -1.6712
0.5196 -8.9905 -2.0663
0.0982 -8.6529 -1.9825
-0.2442 -7.9681 -1.4629
-0.0910 -7.5899 -1.1684
0.1891 -7.2499 -1.1636
0.6225 -7.0368 -1.4342
1.1588 -6.8189 -1.5874
1.3767 -6.4598 -1.7406
1.3863 -5.9881 -1.8125
0.8739 -5.3943 -1.8316
0.3807 -5.1046 -1.9322
-0.1461 -5.1429 -2.0375
-0.6536 -5.4135 -1.9226
-0.6608 -6.1198 -1.9058
-0.4118 -6.9602 -1.7766
-0.2777 -7.8317 -1.7957
-0.0814 -8.6601 -1.6736
0.0551 -9.1701 -1.5994
~M55
6.9600 40.0800 17.5800
6.4200 39.9000 18.1800
5.9400 39.6600 18.6600
5.5200 40.2600 18.9600
4.6200 39.8400 19.1400
3.9000 39.5400 18.9000
2.5200 39.4200 19.1400
1.2600 39.4200 19.3200
0.3000 39.0000 18.9600
-1.8600 38.4000 19.4400
-4.3200 37.6200 20.4000
-6.0600 37.5600 20.2200
-7.2600 37.2000 20.5200
-9.7800 36.4800 20.6400
-10.8000 36.3600 20.4600
-11.5800 36.3600 19.8600
-11.9400 36.6600 19.2000
-13.0800 37.5000 17.3400
-13.1400 37.6200 16.3800
-12.2400 37.7400 16.7400
4.2600 38.9400 20.5200
9.7800 37.8000 20.3400
9.1200 37.3200 21.6600
3.6600 34.7400 25.6800
2.8800 34.9800 25.5600
1.6800 35.1000 25.9200
-1.2000 35.4000 25.6800
-4.6200 35.2200 24.6600
-7.4400 35.2800 23.4600
-9.7200 35.8800 21.6000
-10.5600 36.1200 21.1200
-11.4600 36.1800 20.5800
-12.6000 36.0000 21.0600
-12.8400 35.3400 21.4800
-12.6600 35.1000 21.7800
-12.6600 34.3800 21.7800
-12.9600 34.6800 21.2400
-12.3600 34.9800 21.8400
-11.3400 36.0000 21.7200
-11.0400 36.7800 21.0600
-10.0200 37.0200 20.5200
-8.6400 37.0800 20.9400
-7.4400 37.0800 21.1200
-5.8200 37.6800 20.7600
-4.0200 38.5800 20.9400
-2.2800 37.9800 21.4200
-1.1400 37.6800 21.7200
-0.6600 37.9200 21.6000
0.4200 37.3800 22.4400
1.5000 37.8000 23.0400
2.2800 37.5600 22.9800
2.5200 37.8600 22.4400
2.7000 37.5000 21.9600
4.1400 37.3800 22.0200
4.5000 37.2600 21.8400
~G55
-0.5651 1.3904 -1.1377
-0.5193 1.8778 -1.4872
-0.2859 1.8888 -1.8066
-0.2249 1.7178 -2.1652
-0.4949 1.5535 -2.3925
-1.0636 1.4099 -2.5769
-1.2939 1.6970 -2.6594
-0.7856 1.3769 -2.5085
-0.4326 0.7416 -2.1206
-0.4668 0.7563 -1.7773
0.2205 2.1240 -1.2679
0.6041 1.0770 -1.0290
0.6377 -0.1539 -1.0394
1.5864 0.6415 -0.8354
1.9174 1.1986 -0.5623
1.8515 1.3855 -0.2605
1.5729 -0.2339 0.3601
0.3359 -1.4068 0.9948
-0.8834 -2.8973 1.4762
-1.1039 -2.9535 1.6270
-1.1271 -2.9822 1.6625
0.6572 -0.3225 2.2202
0.3555 -0.1582 2.1939
-0.6238 2.1179 1.0412
0.3384 1.3036 -0.9752
-0.2438 -0.3103 -2.3766
-0.3483 1.3702 -2.7162
0.3121 3.1704 -2.5018
0.9657 3.2004 -2.2232
1.0561 4.7465 -1.7382
0.8466 3.8503 -1.0895
1.5735 2.0012 -0.1976
1.1423 2.6756 -0.3112
-0.0196 1.5993 -0.9826
-1.0721 0.4814 -1.4719
-1.0770 0.2481 -0.9966
-0.7588 0.4741 -0.2862
-0.5474 0.6311 0.0443
-0.3476 0.6622 0.2153
-0.1742 0.6372 0.5232
-0.0202 0.5651 0.8848
0.1679 0.4386 1.3137
0.2345 0.3293 1.4847
0.3206 0.1131 1.4878
0.3952 -0.0427 1.3173
0.4178 -0.2669 1.0412
0.2944 -0.6817 1.0284
0.1954 -0.9315 1.0479
0.0519 -1.1600 1.1005
-0.0373 -1.2761 1.1750
-0.0196 -1.2003 1.2471
0.0390 -1.0616 1.2947
0.0745 -1.0146 1.3253
0.0732 -0.9975 1.3192
0.0280 -0.9847 1.2623
