D10
~A71
-1.2067 -9.7734 -3.1844
-4.2858 -10.9825 3.8189
-5.0040 -15.6945 -0.2682
-5.1405 -27.3522 -3.8715
-2.3081 -37.2597 -4.6066
0.7949 -37.4201 -5.2291
3.9338 -37.9277 -2.2817
1.9130 -39.0482 -1.2474
-1.9872 -35.0211 -1.5611
-2.7869 -32.0258 -2.2386
0.2514 -11.9402 -3.7494
-2.0016 -4.3193 2.4733
3.6058 1.3169 -0.8619
-0.0335 0.7159 -2.0136
-0.9050 -29.7944 -1.1756
5.2219 -33.6827 -6.8237
6.5388 -33.8838 -13.0967
0.3735 -26.4639 1.8795
-5.5619 -24.7113 7.0918
-7.3121 -21.0648 2.3081
-7.7239 -16.0297 0.8787
-6.6417 -15.1462 2.0615
-5.5284 -13.5109 2.9857
-3.2969 -12.5460 1.8460
1.5012 -14.2172 1.4342
6.1054 -16.0105 5.7941
13.7096 -14.9929 -4.5467
11.1741 -13.1326 -11.1286
0.7949 -12.0217 -9.1796
-0.9697 -10.5707 -2.0016
-1.7670 -9.0623 0.9146
-1.9082 -7.6282 -0.1221
0.1365 -8.4805 -1.3049
1.5228 -8.8756 -1.5060
3.0838 -8.7391 -1.0607
4.4869 -8.5476 -0.5579
5.4087 -8.1190 -0.4549
5.6912 -7.5228 -1.1660
5.0926 -6.7064 -0.9481
4.1565 -6.2562 -0.5986
2.8659 -5.7295 -0.3951
1.8340 -5.5882 -0.4214
1.1014 -5.8157 -0.6225
0.9386 -6.1389 -0.5986
0.9481 -6.7399 -0.6369
1.1804 -7.5468 -0.7326
1.5395 -8.3608 -0.6488
1.9944 -9.2634 -0.3927
2.2434 -9.8788 -0.4118
2.2722 -10.2427 -0.5842
1.9058 -10.5611 -1.0750
1.4054 -10.6856 -1.3264
0.9266 -10.6713 -1.4007
0.5531 -10.5180 -1.3216
0.3089 -10.3241 -1.1301
0.0814 -10.0440 -0.8595
-0.0431 -9.7615 -0.6967
-0.1508 -9.5723 -0.7590
-0.0862 -9.3353 -0.9290
-0.2514 -9.2563 -0.8428
-0.3304 -9.2395 -0.5986
-0.4022 -9.2850 -0.5746
-0.4429 -9.3832 -0.6369
-0.3855 -9.5603 -0.7877
-0.3160 -9.7830 -0.7781
-0.0503 -9.9075 -0.6225
0.1987 -10.0392 -0.5363
0.2729 -10.1230 -0.5076
0.2299 -10.1517 -0.5507
0.0503 -10.0655 -0.7757
-0.2370 -10.0440 -0.9960
~M71
6.3000 39.1200 19.9800
6.0600 38.9400 20.8200
5.6400 39.0600 20.9400
5.4600 39.1200 20.4600
4.6200 39.3000 19.9800
3.7200 39.3000 19.9200
1.5000 38.5200 20.3400
-0.7200 38.1000 20.9400
-2.8800 37.8600 21.1200
-4.7400 37.3800 22.2000
-7.3200 36.1200 23.7600
-10.2600 35.1000 24.4200
-12.9000 34.4400 24.3000
-13.6200 33.9600 23.8800
-13.9800 33.7200 23.5800
-13.6200 34.2000 23.0400
-13.6800 35.7000 22.0200
-14.1600 35.9400 21.1200
-13.7400 36.3600 20.7000
-12.9000 36.3000 20.7000
-1.2000 39.6000 18.8400
0.5400 39.8400 19.5600
2.3400 39.7200 19.5000
-7.8600 35.9400 21.4800
-10.6200 36.2400 20.4600
-11.8200 36.4200 19.6200
-13.6800 36.3600 19.7400
-14.2200 35.9400 19.7400
-14.8200 35.0400 20.5200
-14.9400 34.5600 20.9400
-14.5200 34.5000 20.4600
-13.6200 34.9800 19.9800
-13.7400 36.4200 18.9600
-14.5200 37.0800 17.9400
-14.2800 37.3800 17.5800
-13.8000 37.3800 17.5800
-12.4800 37.6200 17.5800
-11.4000 37.9800 17.6400
-10.5600 38.1600 18.0000
-9.5400 38.4600 18.1800
-8.4000 38.5200 18.0000
-7.5000 38.7600 18.6000
-6.1800 38.7000 18.9000
-5.4000 38.7000 18.6000
-5.2200 39.6000 17.8800
-4.0800 39.9600 17.6400
-3.7200 39.7200 18.0600
-3.4200 40.2000 18.6000
-1.8000 39.9600 19.1400
-2.0400 39.5400 18.7800
-1.8600 40.0800 18.7800
-1.6800 40.5600 18.6600
-1.5000 40.6800 18.9600
-1.7400 40.6200 18.9000
-1.0200 39.5400 18.7800
-0.7800 39.4800 18.7800
0.0600 39.6600 18.4800
0.0600 40.2000 18.4200
0.0600 40.0200 18.4200
-0.3600 39.9600 18.6600
-0.1800 40.0800 18.8400
0.0000 40.3800 18.9600
0.3600 40.2600 18.9000
0.4800 39.9600 18.3600
0.4800 39.9000 18.6000
0.2400 40.0800 18.6000
0.2400 39.9000 18.6000
0.6600 39.9600 18.0000
0.4800 40.0200 19.0800
6.2400 38.7600 23.0400
5.8200 38.6400 23.0400
~G71
-0.3031 1.5413 -1.6606
-0.4436 1.4527 -2.0327
-0.8089 1.3116 -2.3503
-1.1277 1.2761 -2.5513
-1.4191 1.1027 -2.6942
-1.6989 0.8498 -2.7461
-1.7972 1.0287 -2.7132
-1.5724 1.4802 -2.5995
-0.4155 1.5138 -2.2581
-0.0312 1.8113 -1.8433
-0.5895 1.3635 -1.3717
-0.5932 -0.0708 -1.0388
-0.0074 -0.9963 -0.5538
0.8820 0.3482 0.0699
2.2174 3.1179 1.0492
1.4746 1.2584 1.3228
0.7770 0.5181 1.4627
0.1136 -0.8460 1.5446
0.1789 -0.9779 1.4028
0.2327 -1.2925 1.5623
0.2315 -1.3316 1.6594
-0.1992 0.1363 1.0296
0.2730 1.8479 -0.9001
0.1972 1.5797 -0.8610
0.8026 2.3598 -1.8518
0.6468 3.4759 -1.4810
0.3652 1.6622 -1.4230
-1.0715 0.7868 -1.5183
-0.6580 -0.1069 -1.3118
-0.5682 -0.6841 -0.9630
-0.4600 -0.1960 -0.3375
-0.2951 -0.2248 0.0883
-0.0251 0.0672 0.5098
0.2626 0.0300 0.8079
0.7281 0.8339 1.1402
0.9816 0.5517 1.0095
1.9156 0.5168 0.4395
1.9303 2.2328 -0.2263
0.7104 0.8950 -0.0913
-0.3409 -0.7764 0.5421
-0.1057 -0.4612 1.0021
0.3017 0.1931 1.4083
0.3109 0.2310 1.5507
0.0720 -0.1038 1.6276
-0.0276 -0.2388 1.6160
-0.0520 -0.3066 1.5049
0.0311 -0.2614 1.3124
0.0403 -0.3072 1.1402
-0.0153 -0.4996 0.8928
-0.0563 -0.6163 0.7401
-0.0862 -0.7006 0.6460
-0.0355 -0.6444 0.6490
0.0177 -0.4722 0.6930
0.0842 -0.3097 0.7511
0.1349 -0.3054 0.7840
0.1331 -0.3451 0.7987
0.1343 -0.3115 0.7889
0.1557 -0.2791 0.7572
0.2272 -0.2345 0.6411
0.2247 -0.2645 0.5256
0.1410 -0.3604 0.4181
0.0030 -0.5015 0.3235
-0.0728 -0.5015 0.2935
-0.1119 -0.4520 0.2862
-0.1534 -0.4092 0.2709
-0.1528 -0.3640 0.2624
-0.1167 -0.3127 0.2446
-0.0838 -0.2370 0.2214
-0.0868 -0.1857 0.1952
-0.0734 -0.1380 0.1946
-0.0355 -0.1056 0.2043
