D10
~A51
1.4246 -9.7830 -2.1812
8.1070 2.4877 -14.0017
10.4965 -0.2322 -6.3113
8.4255 -2.2937 5.8779
4.7478 -1.0631 1.1540
-0.0623 0.3232 -1.0319
-2.9809 0.2155 1.5299
1.0200 -0.6441 0.6656
-2.4781 1.9298 -1.0822
0.4429 -10.1685 0.6967
2.6792 -11.1262 0.7422
4.4964 -12.0073 1.4174
5.7319 -12.3640 -0.1987
4.5611 -10.9825 -2.7558
2.5786 -9.5939 -2.4062
1.7406 -8.7415 -1.6113
1.6066 -8.2124 -1.5275
2.6864 -8.3249 -1.6592
3.2682 -8.3464 -1.8819
3.4310 -7.7886 -2.5810
3.3687 -7.5204 -2.6265
2.8707 -7.2379 -1.8364
2.3703 -7.1517 -1.4916
1.9346 -7.2283 -0.9074
1.6425 -7.4917 -0.3424
1.4342 -7.7646 -0.1077
1.4270 -8.0280 -0.2801
1.3025 -8.6457 -0.4022
1.2163 -9.0958 -0.3328
1.3192 -9.6082 -0.6129
1.4773 -9.9099 -0.8667
1.5850 -10.1996 -1.2642
1.5299 -10.3097 -1.5994
1.3408 -10.3241 -1.7574
1.0367 -10.1948 -1.5635
0.7805 -9.9698 -1.3169
0.4669 -9.7303 -1.3216
0.3376 -9.5939 -1.4773
0.1413 -9.4334 -1.4509
0.0431 -9.3233 -1.1349
-0.0144 -9.2778 -0.9026
-0.1245 -9.2994 -0.9218
-0.1915 -9.3688 -1.1229
-0.0670 -9.3784 -1.2594
0.0599 -9.4909 -1.2594
0.1365 -9.6537 -1.3001
0.1125 -9.7495 -1.3815
-0.0263 -9.7399 -1.3839
-0.0383 -9.7830 -1.4198
-0.1030 -9.8237 -1.4485
-0.1484 -9.8572 -1.2690
~M51
-12.0000 34.7400 22.8600
-14.5200 34.3800 21.6600
-15.4200 33.7800 20.9400
-15.6600 33.3600 21.4800
-14.8200 33.8400 21.6600
-12.3000 35.4600 22.0200
-8.1600 36.6600 22.0200
-4.6800 36.7800 21.8400
-1.5000 37.6800 22.5000
1.2600 38.9400 22.3200
3.6600 39.1200 21.6000
6.9600 39.0600 20.7000
8.4600 38.9400 20.2800
9.7800 39.0600 19.9800
10.4400 38.5800 20.1000
9.8400 38.2200 21.0000
8.2800 38.5200 21.5400
4.8000 37.8600 21.4200
6.3000 35.8800 23.8800
-9.6000 34.8000 24.4200
-9.4200 36.0000 23.1000
-9.0000 37.0800 21.9000
-9.0000 37.8600 21.5400
-9.0600 37.8600 21.0000
-7.8000 37.6200 20.7000
-7.8000 37.8000 20.4000
-7.2600 38.1600 20.9400
-7.2600 38.2200 21.0600
-6.4200 38.2200 21.2400
-5.5800 38.2200 21.0600
-5.4600 38.0400 20.6400
-4.8000 38.1600 20.5800
-4.4400 38.1600 20.7600
-4.0800 38.8200 20.2800
-3.2400 38.7600 20.4600
-2.2200 38.4000 21.1800
-1.1400 38.6400 21.8400
0.3000 38.1000 23.2800
1.3800 37.8600 23.9400
1.6800 37.6800 24.4200
2.7600 37.4400 24.4800
2.8200 37.3800 24.4800
3.2400 37.1400 24.4800
3.4200 37.5600 25.0200
3.7800 37.4400 25.2600
3.8400 37.5000 24.1800
4.1400 37.9200 23.7600
4.4400 37.6800 24.4200
4.4400 37.5600 24.3600
4.9800 37.8000 24.0000
5.2800 37.7400 24.3000
~G51
-0.5505 -1.2809 4.1768
0.1276 -2.0396 3.6863
-0.6732 -1.7812 3.2397
-0.2756 -2.3341 2.6295
0.6096 -3.5619 2.0852
1.7036 -3.8472 1.6655
1.9260 -3.0573 1.7388
1.2510 -2.9040 2.0889
0.6395 -3.4306 1.9832
0.3408 -3.2430 1.6845
0.6456 -2.0616 1.3607
0.6310 -1.0763 1.2593
-0.4332 -0.6841 1.0540
-1.0587 1.0837 0.6735
-0.8113 1.9530 0.0260
0.2968 1.8644 -1.0443
0.6200 2.4301 -1.4285
0.4935 2.2572 -1.2630
-0.8058 -2.0060 -0.9099
-0.0465 0.0110 -0.1127
0.3628 0.3079 0.9307
0.5803 0.4991 1.0986
0.7336 0.6305 1.1188
0.7721 0.4240 0.9673
0.6554 -0.0623 0.7010
0.3921 -0.3695 0.6008
0.2583 -0.4984 0.6741
0.3176 -0.3390 0.7278
0.4214 -0.0103 0.7773
0.4043 0.0795 0.7596
0.3494 -0.0055 0.6729
0.1924 -0.1808 0.5220
0.0293 -0.2522 0.4988
0.0036 -0.2553 0.5599
-0.0440 -0.2296 0.6075
-0.0911 -0.2834 0.6191
-0.0819 -0.4043 0.6014
0.0317 -0.4184 0.6173
0.0977 -0.3518 0.6142
0.1264 -0.3530 0.6008
0.1746 -0.3958 0.5776
0.2553 -0.3463 0.5415
0.2877 -0.3084 0.4792
0.2669 -0.2919 0.4255
0.1905 -0.2590 0.3809
0.0977 -0.2553 0.3454
0.0231 -0.2944 0.3173
-0.0282 -0.3659 0.3027
-0.0703 -0.4153 0.3106
-0.1473 -0.3842 0.3070
-0.1638 -0.3469 0.3094
