D10
~A70
1.7957 -9.6968 1.5419
8.3201 -32.5143 -2.8468
6.9290 -31.3411 -3.5172
5.0208 -31.3674 -1.3288
4.2690 -30.5940 1.8843
3.9122 -28.6738 4.0200
3.3568 -25.9204 4.9849
1.3192 -22.4751 5.1812
-0.8595 -20.0353 4.0655
-4.4126 -16.9898 -0.5579
-4.0272 -15.7998 -4.1253
1.5467 -14.4734 -7.1661
5.3799 -11.9786 -8.2507
4.7622 -7.3265 -3.6680
1.7406 -3.2514 -1.3336
-3.4047 -1.3504 -6.2275
-6.0455 0.9601 -18.2587
-0.4789 0.3160 -22.8581
4.4222 -1.2570 -12.3185
2.9952 -2.0806 3.8428
0.2897 -1.2354 6.5172
-1.1205 -0.0168 9.7567
-0.7518 0.2514 10.0416
-0.3544 0.4118 8.1429
0.5243 0.1149 4.2522
1.4414 -0.1101 0.3041
2.8971 0.2203 -2.4900
3.7949 0.1293 -2.3464
3.9673 0.0359 -0.8907
3.6824 -0.0096 0.1508
3.1964 -0.0479 0.4789
2.2123 0.1891 0.4741
1.3599 0.6010 0.0623
0.7805 1.0559 -0.4334
3.1628 -20.7368 -4.9753
-1.7598 -17.1382 -0.4405
-1.7957 -14.9738 -0.8859
-0.9840 -12.6537 -2.3727
-0.3448 -11.6577 -1.0056
1.2163 -11.6936 -0.8332
4.8580 -11.6817 -1.8915
6.5627 -11.5643 -1.8005
7.4797 -11.4566 -0.8212
7.6090 -11.1214 -1.2570
6.7375 -10.4414 -1.2498
5.3249 -9.4837 -0.3352
4.4988 -8.8325 0.0551
4.0727 -8.6529 0.1245
4.1924 -8.5931 0.3232
4.3265 -8.4087 0.2514
4.3767 -8.1525 -0.0431
4.2139 -7.8293 -0.5459
3.9314 -7.4151 -0.8907
3.9218 -6.8596 -1.1900
3.7662 -6.6250 -1.3432
3.6345 -6.5890 -1.5275
3.4597 -6.5723 -1.6209
3.1820 -6.6872 -1.6904
2.9090 -6.9314 -1.8149
2.8899 -7.1685 -1.6975
2.9952 -7.6042 -1.1325
3.0982 -8.2531 -0.7805
3.0958 -8.6697 -0.5818
3.0623 -9.1342 -0.5339
2.8995 -9.6202 -0.7997
2.7941 -9.8022 -1.0343
2.7702 -9.9099 -1.1014
2.7654 -9.8812 -1.0559
2.7558 -9.8357 -1.0918
2.7798 -9.8788 -1.2043
~M70
-5.0400 37.7400 22.2600
-5.7600 37.2600 21.7200
-5.9400 36.6600 22.0200
-6.3000 36.0600 23.0400
-7.3200 35.3400 24.0000
-7.6800 34.9200 24.3600
-9.2400 34.1400 24.9000
-9.9000 34.2000 25.2600
-11.2800 33.5400 25.3200
-13.1400 33.0600 25.1400
-15.0000 32.5200 24.6000
-16.3200 32.2200 24.0000
-17.4600 32.7000 22.9800
-18.1200 32.8200 22.1400
-18.4800 33.1800 21.3600
-18.0000 33.5400 21.1800
-15.7800 33.9600 21.5400
-12.4800 34.8000 22.0800
-9.1200 35.5200 23.1000
-6.2400 36.3000 23.0400
-4.1400 37.8600 21.3600
-2.4000 39.7800 19.6200
-1.1400 40.8000 18.6600
0.0600 40.5000 18.3000
1.3800 39.9000 18.1800
1.2600 39.4800 19.2600
-0.1800 39.2400 20.0400
-2.0400 39.0600 20.1600
-3.8400 38.5200 20.4600
-3.9600 38.1000 20.1000
-3.4800 38.4000 19.8600
-3.9600 38.7000 20.0400
-3.7200 38.4600 19.8000
-11.4000 34.5600 24.3600
-13.2600 34.2600 23.1600
-15.0600 33.2400 23.4600
-15.9000 32.8200 24.2400
-16.5000 32.8200 23.3400
-16.9200 32.8200 21.9600
-17.1000 32.9400 21.7800
-17.0400 33.1200 21.6600
-17.0400 33.4800 21.3000
-16.8000 33.6000 21.2400
-16.1400 34.4400 20.5800
-15.3000 35.2200 20.8800
-14.2800 35.4000 21.1200
-13.7400 35.2200 20.8800
-13.4400 35.3400 21.4800
-12.7800 35.4600 21.7800
-11.5200 35.5200 21.3000
-10.6800 35.8800 21.2400
-10.4400 36.0600 21.0600
-10.5600 36.5400 21.3600
-10.3200 36.9000 20.6400
-9.7800 37.4400 20.2800
-9.1800 37.4400 20.2200
-8.4600 37.3800 20.1000
-8.7600 37.2600 20.2800
-8.9400 37.5000 20.2800
-8.8200 37.2000 20.7600
-8.0400 37.5000 20.9400
-7.2000 37.2000 21.9600
-6.9000 37.4400 21.6600
-7.9200 37.9200 19.8000
-7.4400 38.4000 20.0400
-7.5600 38.5800 20.1000
-7.6800 38.8200 20.3400
-2.0400 36.9600 24.8400
-3.0000 37.2000 25.0200
-3.3000 37.1400 24.4200
~G70
-1.3024 0.9060 -1.1603
-1.0123 1.9505 -1.2288
-0.6195 2.3042 -1.3100
-0.2194 1.5327 -1.2972
-0.1852 1.6616 -1.1817
-0.1424 2.1564 -1.0559
0.0244 1.5938 -1.0119
-0.0520 1.3305 -0.9618
0.2382 1.6427 -0.9105
0.7623 2.5516 -0.5757
0.7873 1.9328 0.0370
0.4703 0.8834 0.8543
0.3707 0.3446 1.3063
0.3109 -0.7654 1.5916
-0.0324 -2.1820 1.7743
-0.2346 -3.1758 1.9642
-0.1589 -4.3243 2.0601
0.1728 -4.7085 1.8842
0.6951 -4.2656 1.5806
1.6132 -3.4837 1.2483
2.5057 -2.7091 1.1292
3.3285 -1.3781 1.3234
3.3463 -1.2761 1.5617
2.7391 -1.6230 1.6368
1.4013 -1.4899 1.0113
0.8680 -1.8185 0.4829
0.7873 -2.8820 0.2202
0.6475 -3.0494 0.3363
-0.5126 -2.8301 0.5825
-1.5034 0.9218 0.5159
-1.1387 4.4093 -0.1506
-1.0074 4.3238 -0.4328
-0.7856 3.7214 -0.4988
-0.4069 3.0672 -0.3045
-0.0862 2.2328 -0.0822
0.2315 1.0287 0.0528
0.2968 0.1051 0.1017
0.0971 0.0862 0.1090
-0.0404 0.2236 0.0748
-0.1265 0.0703 -0.0186
-0.1900 -0.5137 -0.1573
-0.2407 -0.9773 -0.2611
-0.2951 -1.4501 -0.3467
-0.2646 -1.4563 -0.3558
-0.3440 1.7923 -1.6105
-0.6476 0.6317 -1.2343
-0.2609 0.6879 -0.8451
-0.0740 1.1039 -0.4114
0.0549 1.1723 -0.0296
0.1746 1.1277 0.2471
0.2522 1.0452 0.4835
0.2565 1.1381 0.5263
0.3176 1.1778 0.4939
0.3151 0.9652 0.4065
0.1606 0.6384 0.4029
0.0360 0.2267 0.6167
0.0482 0.1558 0.7669
0.0702 0.0263 0.9459
0.0690 -0.1857 0.9954
0.0806 -0.3848 1.0192
0.1343 -0.4954 1.0027
0.1862 -0.4917 0.9746
0.2168 -0.4746 0.9337
0.2131 -0.4917 0.9209
0.1459 -0.6554 0.8402
0.1386 -0.6432 0.7688
0.1563 -0.5314 0.7065
0.1960 -0.4105 0.6448
0.2712 -0.2455 0.5843
0.3078 -0.1331 0.5470
