D10
~A46
1.4509 -9.8022 -3.8883
2.5762 -29.9835 -2.2674
6.0886 -32.8303 -4.5898
7.9059 -32.8471 -4.2091
2.9043 -31.7337 -3.6297
0.9697 -31.9588 -1.9609
-0.0455 -31.4727 -1.2953
-0.2107 -30.3450 0.0646
0.5962 -27.3259 2.3727
1.0607 -26.2724 2.1548
-0.4286 -2.7462 4.5300
-4.9394 2.8875 -9.5364
3.6752 -0.3232 0.8931
-1.6616 0.7614 6.3664
3.7542 -0.0623 -1.2354
6.9985 -29.9859 -5.6577
6.7112 -29.1862 0.8572
8.0950 -25.3721 -0.7183
6.5220 -23.4807 -5.9594
-1.8220 -18.7208 -4.9035
-3.7159 -15.3569 -3.1820
-4.2594 -13.0201 -2.6002
-3.2682 -11.7631 -1.5180
-1.2043 -11.3896 -0.8356
-0.1508 -11.6290 -1.1804
2.6050 -12.2515 -2.2123
8.8588 -14.3848 -1.2690
10.8628 -16.0536 3.4047
5.4733 -10.9442 -4.8149
2.3608 -9.0958 -0.8619
3.3711 -9.7016 -0.0311
3.8955 -8.9977 0.2442
3.2299 -8.4709 -0.9194
3.7973 -8.3848 -1.6880
4.4486 -8.2555 -1.6999
4.8221 -7.9705 -1.8627
4.8340 -7.7503 -2.2243
4.5228 -7.3217 -2.4182
3.9960 -6.8835 -2.3679
3.5962 -6.4885 -2.0806
2.9665 -6.0791 -1.7718
2.3464 -5.9450 -1.8412
1.5347 -6.0360 -2.0280
0.7590 -6.5340 -2.0663
0.5818 -6.6130 -2.1094
3.0264 -10.4007 -1.7933
~M46
-2.4600 38.4600 20.7600
-3.5400 37.9200 20.9400
-3.8400 37.4400 21.9000
-4.3800 37.1400 22.9800
-5.2200 36.7200 23.7600
-6.9600 35.6400 24.6600
-7.8600 35.2800 25.1400
-9.4800 34.1400 25.5000
-11.4000 33.0000 24.6600
-13.1400 32.6400 24.4800
-14.3400 32.0400 25.0200
-15.8400 31.8000 24.5400
-17.4600 32.5200 23.1000
-18.8400 32.7000 21.0600
-20.2800 33.0600 19.6200
-19.5600 33.2400 19.0200
-17.6400 34.2600 19.6800
-15.0600 34.8000 20.8200
-13.3800 35.4000 20.8800
-0.9600 38.8800 20.4600
-0.2400 38.6400 20.5800
1.0800 37.6200 21.5400
-3.4800 37.2600 21.9600
-7.2000 36.8400 20.3400
-12.1200 33.5400 24.0600
-15.8400 33.1200 22.8600
-17.4600 32.3400 22.2000
-18.4800 31.3200 22.0800
-19.0200 30.9600 22.4400
-19.7400 31.0800 22.1400
-20.2800 30.5400 22.3800
-21.0000 30.0000 22.2000
-20.4000 30.0000 22.5600
-19.9800 30.6000 22.2600
-19.5600 31.2000 22.2600
-19.8000 31.3200 21.4200
-19.6800 31.5600 20.8800
-19.7400 32.0400 21.1200
-19.1400 32.3400 21.0000
-17.4600 33.0000 21.0600
-17.1600 34.0200 21.0600
-16.4400 33.9600 21.1800
-14.9400 33.7800 21.6000
-13.3800 34.0200 21.6600
-11.9400 34.5600 21.6600
-8.5800 36.6600 21.3600
~G46
-1.5223 1.6561 -1.5959
-0.9518 2.1204 -1.6441
-0.6763 2.3342 -1.5751
-0.4784 1.5547 -1.3393
-0.2346 0.9811 -1.1182
-0.0074 0.9591 -0.9752
-0.4918 0.8363 -0.8665
-0.9585 0.6842 -0.7395
0.3176 2.5113 -0.5715
1.3872 3.4221 -0.7761
0.9388 2.1863 -0.9862
0.8014 1.7209 -0.7193
1.0463 1.4563 -0.1854
0.8991 1.1454 0.4145
0.1319 -0.2235 1.1872
-0.1143 -0.9474 1.5769
-0.2756 -1.3652 2.0687
-0.2927 -1.7580 2.6906
-0.1174 -1.7061 3.1542
0.1985 -1.8515 3.4755
0.7104 -2.3151 3.5769
0.2192 -2.1667 0.3070
0.1985 -3.7250 -0.4242
-0.5523 4.4050 -0.6729
-0.1283 2.2095 -0.4603
0.3219 0.1179 -0.1347
0.1215 4.4832 -1.3650
-0.4588 2.6720 -1.0895
-0.5645 1.2963 -0.9649
-0.2560 1.0232 -1.1939
-0.5712 0.5443 -1.3332
-0.9671 -0.2871 -0.9099
-0.9689 -0.3671 -0.5562
-0.8290 -0.2388 -0.1597
-0.6176 -0.0207 0.2153
-0.2481 0.1491 0.7639
-0.0477 0.2389 1.0156
0.3255 0.8589 1.0962
0.6432 1.6860 0.8989
0.6817 1.3140 0.2135
0.3353 0.5040 -0.0425
0.2266 0.2536 0.4811
0.3335 0.1448 0.8506
0.4129 -0.0397 0.9368
0.4172 -0.2956 1.0571
0.3500 -0.5980 1.1231
