D10
~A130
0.2227 -0.0072 10.6090
-0.0742 -0.0407 9.8500
-0.0838 -0.0407 9.8477
-0.0575 -0.0239 9.8429
-0.0527 -0.0239 9.8381
-0.0718 -0.0479 9.8405
-0.0718 -0.0431 9.8429
-0.0551 -0.0192 9.8500
-0.0646 -0.0215 9.8405
-0.0527 -0.0407 9.8381
-0.0670 -0.0311 9.8453
-0.0694 -0.0239 9.8644
-0.0599 -0.0455 9.8429
-0.0646 -0.0144 9.8620
-0.0599 -0.0072 9.8692
-0.0455 -0.0239 9.7471
0.2083 -0.2227 9.8644
0.3520 -0.3184 9.7974
0.3400 -0.3089 9.9338
0.2825 -0.2466 9.7519
0.0479 0.0886 9.8141
-0.2873 0.1484 9.8141
-0.0862 0.1748 9.8620
0.1676 -0.1053 9.8261
0.4262 -0.2945 9.8716
0.2107 0.0623 10.0464
0.2299 0.1341 9.6872
-0.1053 0.2155 10.0153
-0.5794 -0.1101 9.8644
-0.2251 -0.3400 10.2427
0.4070 -0.5148 9.7662
0.2873 -0.4238 9.8309
0.1628 -0.1868 9.8357
0.1077 -0.0335 9.8788
0.0407 0.0000 9.6489
-0.0766 0.1173 9.6561
-0.2107 0.1293 9.7782
-0.1796 0.0407 9.8740
-0.0934 0.1293 9.8477
-0.0958 0.1580 9.8620
-0.0694 0.1365 9.8740
-0.1389 0.1221 9.8477
-0.2969 -0.0048 9.7184
0.0982 -0.1532 9.9674
-0.1173 -0.1437 9.8046
-0.6321 -0.0407 9.8668
-0.3903 -0.1221 9.8644
-0.2299 -0.2634 9.8405
-0.4046 -0.9026 9.7399
-0.3208 -1.1708 10.0464
-0.0215 -1.8101 9.7327
0.2203 -1.7789 10.0536
0.4573 -2.3871 9.6992
0.3711 -2.6265 9.7160
-0.4238 -1.6592 10.2331
-0.7901 -1.8867 9.9434
-1.1636 -1.6999 9.6801
-1.1804 -1.1516 9.5244
-0.8021 -1.2450 9.6202
-0.8188 -1.9753 9.6393
-1.1995 -2.5547 9.8189
-1.2594 -2.6672 9.8907
-1.4868 -2.9282 9.8979
-1.7574 -2.8923 9.4837
-1.3743 -2.2243 9.7662
-1.5850 -2.6026 10.8556
-2.4709 -3.3807 11.8062
-0.5315 -3.3448 9.2371
-0.2251 -3.4262 8.5045
-0.0503 -3.0527 8.4398
0.2299 -2.5978 8.3584
-0.0646 -2.0543 8.1836
-0.5148 -1.6401 7.0176
-1.3671 -1.5156 7.4486
-1.6712 -1.0295 4.2331
-1.6688 -0.0934 4.5491
-1.2761 0.3232 4.7862
-0.6153 0.9912 4.7766
-0.7494 1.5754 4.7263
-0.8404 2.0782 4.3336
-0.8093 2.2889 3.9913
-0.6129 2.2410 3.3783
-0.4741 2.0950 2.9737
-0.0168 1.5706 2.3440
0.3639 1.5347 2.5427
0.5698 2.3919 2.8803
0.6369 3.4190 3.3400
0.6201 3.9290 3.7255
0.5076 4.1277 3.9817
0.1868 4.0655 4.3528
0.7781 3.5172 4.8412
1.3073 3.6177 5.4661
1.7071 4.4605 5.8348
2.2339 5.5954 5.8875
2.7893 6.2347 5.8181
3.0048 6.2227 5.3560
3.3161 5.3967 4.8005
4.0559 4.3600 4.7885
4.8101 3.4741 6.1461
5.1333 2.8971 7.6689
6.0934 3.7015 10.1014
6.5148 4.3049 11.2148
6.8716 4.9921 11.8157
6.9171 4.9107 11.8181
4.2043 3.6824 12.1342
2.9066 3.2682 11.8564
1.8508 3.1557 12.1916
2.1572 2.4853 12.0767
3.5004 2.1022 11.5787
4.4007 1.8580 11.7703
5.1477 1.9872 12.4646
5.5763 1.8771 13.1877
6.0048 2.0782 13.4798
5.6026 1.7885 13.0416
4.4557 0.9529 11.9953
3.3807 0.5196 11.5955
3.3161 0.1844 11.1118
4.3911 0.1245 10.8030
5.4685 0.3304 10.5109
5.4350 0.1413 10.0583
5.1908 0.1556 9.7710
4.0679 0.4741 9.1725
3.1964 0.5770 8.8205
2.5451 0.5387 8.5667
2.1213 0.0024 9.4670
1.8675 -1.9705 22.5301
8.3728 -2.2147 16.7049
5.3153 -2.0591 11.9019
3.4765 -1.3025 12.6059
1.7766 -0.6177 9.2108
~M130
36.7200 -44.9400 -73.2600
36.2400 -44.5200 -74.5200
36.0000 -44.5200 -75.7200
36.7200 -44.7600 -75.7800
36.9600 -44.5800 -75.5400
36.3000 -44.1600 -75.3600
36.2400 -43.9800 -74.7000
36.3600 -44.3400 -74.8200
36.0000 -44.3400 -75.8400
36.1800 -44.4000 -76.0800
36.4800 -44.1000 -75.7800
36.4800 -43.8000 -75.4200
36.4200 -43.7400 -75.7800
36.5400 -44.3400 -76.0800
36.0000 -44.4000 -75.9600
35.8200 -44.1000 -75.7800
35.9400 -44.2200 -76.0200
36.3000 -44.1000 -75.8400
36.7200 -44.1000 -76.0200
36.9600 -43.5000 -75.9000
36.7200 -43.5000 -75.9000
36.4200 -43.6800 -76.6800
36.3600 -44.3400 -76.3200
36.7200 -45.3000 -75.1200
36.1800 -45.0000 -74.8200
35.1000 -44.7600 -74.6400
34.3800 -45.4200 -74.8200
33.5400 -45.9600 -74.9400
33.7200 -46.6800 -74.8800
33.1200 -46.9800 -75.1800
33.4200 -47.5200 -74.5800
33.4800 -47.7600 -74.4600
33.9600 -48.0000 -74.1600
33.3000 -48.1800 -74.7000
32.4600 -48.0600 -75.0000
32.7000 -48.0600 -74.1600
32.3400 -48.3000 -73.5600
31.9800 -48.7800 -73.7400
32.7000 -49.0200 -73.0800
32.6400 -48.8400 -72.2400
31.6800 -49.0200 -71.7000
32.0400 -48.6600 -71.8800
32.5200 -48.3000 -72.8400
33.5400 -48.4200 -73.3200
36.0000 -47.9400 -72.3000
38.6400 -47.9400 -71.7000
41.3400 -48.1800 -72.1200
43.0800 -47.8200 -72.0000
45.5400 -47.3400 -70.0800
48.4800 -45.6600 -68.3400
50.4600 -44.3400 -66.1800
51.8400 -42.4200 -62.8800
52.5600 -38.7600 -60.8400
52.3200 -35.2200 -59.7000
52.0800 -33.6000 -59.2800
50.1000 -30.3000 -57.0600
47.6400 -26.7600 -53.8800
43.5600 -23.5800 -51.9600
38.5200 -21.7200 -50.1600
34.4400 -20.5200 -48.1200
30.3600 -19.9200 -46.3200
26.4000 -20.7000 -43.6800
23.2200 -20.8800 -42.1800
22.3200 -20.8200 -41.5800
18.7200 -20.4000 -41.3400
15.7800 -20.7600 -40.6800
13.5600 -20.2200 -41.2800
12.3600 -20.5200 -40.5600
11.6400 -20.8200 -40.5000
9.4800 -21.4200 -41.3400
8.4000 -21.0000 -41.8200
8.2800 -19.8600 -42.1200
7.8600 -19.0200 -42.4200
8.3400 -18.3000 -42.2400
8.2800 -17.4600 -42.6000
8.1600 -16.2600 -43.0800
8.0400 -14.2200 -44.5800
8.2800 -13.6200 -45.1800
7.8000 -13.0200 -45.8400
7.8600 -12.2400 -45.7200
7.9800 -11.1000 -46.3200
8.4000 -10.6200 -46.5600
10.4400 -10.3200 -46.4400
10.8600 -10.5000 -46.6800
11.6400 -9.8400 -47.1600
12.8400 -8.2200 -46.2000
12.9000 -7.4400 -46.1400
11.6400 -6.7200 -46.7400
10.5600 -4.8000 -48.1200
11.0400 -3.3600 -48.3600
12.3000 -2.2800 -47.8200
13.7400 -2.4600 -46.6800
14.7000 -3.1800 -46.1400
16.6800 -4.5000 -45.3000
17.6400 -5.3400 -45.7800
19.0800 -6.0600 -45.7200
19.6200 -6.0000 -45.7200
19.4400 -6.1800 -45.1800
19.8000 -5.6400 -44.5200
20.1000 -5.3400 -44.2200
20.4000 -4.8600 -43.9200
20.4000 -4.1400 -44.6400
20.7600 -3.6000 -44.8800
21.4800 -1.9800 -44.7000
21.5400 -1.0800 -44.7000
21.6000 1.5000 -43.9800
21.8400 2.0400 -44.2200
21.6600 1.3800 -44.0400
21.7800 -0.6600 -43.2000
22.3200 -2.0400 -42.0600
24.2400 -4.3800 -41.1600
23.9400 -6.6600 -41.4600
22.6800 -6.7200 -42.8400
22.6200 -6.7200 -42.5400
21.7800 -6.1200 -43.0200
21.7200 -6.0000 -42.1200
22.2600 -5.8800 -42.2400
22.5600 -5.9400 -42.6000
22.0200 -5.4000 -42.2400
22.0200 -5.4000 -42.3000
22.0200 -6.4800 -42.9600
22.5000 -6.8400 -42.0600
22.7400 -6.8400 -42.3600
23.1600 -6.6600 -41.6400
22.4400 -6.3600 -42.5400
22.6800 -6.2400 -42.4200
22.5600 -6.3000 -43.4400
22.6200 -6.0000 -43.3200
22.3200 -5.6400 -42.4800
22.6200 -6.6000 -41.4600
~G130
-0.0004 0.0013 0.0003
0.0020 0.0013 0.0033
-0.0023 0.0013 0.0009
-0.0004 0.0037 0.0021
0.0008 0.0013 0.0015
0.0008 0.0001 0.0021
-0.0023 0.0001 0.0015
0.0002 0.0013 0.0003
0.0014 0.0013 -0.0003
0.0008 0.0001 -0.0003
-0.0004 0.0044 0.0027
0.0014 0.0013 0.0021
0.0014 -0.0017 -0.0003
-0.0016 0.0019 0.0027
-0.0243 -0.0176 0.0015
-0.0084 -0.0011 -0.0016
-0.0206 -0.0213 -0.1133
-0.0126 0.0025 -0.3320
-0.0163 -0.0189 -0.5238
-0.0261 -0.0311 -0.6857
-0.0188 -0.0176 0.0235
-0.0078 -0.0085 0.3069
-0.0090 -0.0231 0.5116
0.0130 -0.0036 0.6496
0.0405 0.0264 0.6979
0.0784 0.0691 0.7620
0.0063 -0.0335 0.8756
0.0124 -0.0127 0.9312
-0.0194 -0.0885 1.0705
-0.0585 -0.0812 0.9477
0.0148 -0.0042 0.7107
0.0112 0.0092 0.4877
0.0124 0.0141 0.3656
0.0374 0.0502 0.3253
0.0723 0.1088 0.3515
0.0093 -0.0396 0.3680
0.0179 0.0080 0.4138
0.0038 -0.0072 0.4474
0.0069 -0.0030 0.4431
0.0026 -0.0048 0.4706
0.0100 0.0025 0.4957
0.0161 0.0166 0.4804
0.0173 0.0367 0.3747
0.0032 -0.0048 0.2361
0.0087 0.0074 0.1426
0.0045 0.0050 0.2446
0.0008 0.0068 0.3717
-0.0078 0.0227 0.3668
-0.0291 0.0728 0.2611
-0.0059 0.0221 0.1133
-0.0071 0.0642 0.0094
-0.0126 0.0905 -0.0535
-0.0462 0.1888 -0.3320
-0.0218 0.2004 -0.4286
-0.0114 0.3605 -0.3045
-0.0212 0.2511 -0.1750
-0.0188 -0.0262 -0.0217
-0.0145 -0.1612 -0.0150
-0.0352 -0.2760 0.0345
-0.0450 -0.2638 0.0559
-0.0273 -0.1887 0.2251
0.0484 -0.2919 0.2507
0.1816 -0.6059 0.2208
0.4589 -0.1691 0.1292
0.9098 -0.4666 0.2917
1.0625 -0.8515 0.4370
1.1737 -0.8002 0.2691
1.2769 -0.8655 0.1841
1.4162 -0.8912 0.0381
1.4736 -1.2107 -0.0755
1.5451 -1.0408 -0.1072
1.6000 -0.8930 -0.0480
1.3123 -1.0219 0.0461
1.2213 -0.8014 0.1359
1.2354 -0.8704 0.1548
1.2622 -0.9156 0.0925
1.3117 -1.0030 0.0638
1.3447 -0.9492 0.0730
1.3111 -0.9724 0.0931
1.1810 -0.9865 0.0998
1.0515 -0.9358 0.1243
0.8212 -0.7635 0.1573
0.5768 -0.7372 0.1524
0.5029 -0.6804 0.1408
0.4253 -0.7018 0.0760
0.2451 -0.8728 -0.0144
0.0100 -1.1648 -0.0651
-0.1061 -1.1697 0.0076
-0.2515 -0.9975 0.0931
-0.1922 -0.7904 0.1127
-0.0481 -0.4831 0.0510
-0.0157 -0.3066 -0.1115
-0.1538 -0.4300 -0.2459
-0.5484 -0.5088 -0.2532
-1.0346 -0.3909 -0.2300
-1.5471 -0.1563 -0.2691
-1.7616 -0.0885 -0.3290
-1.6608 -0.0103 -0.5153
-1.3963 0.1772 -0.7523
-1.0621 0.0105 -1.0358
-1.0823 -0.6920 -1.4285
-1.0548 -0.5668 -1.3962
-0.9711 -0.3341 -0.9221
-1.1018 -0.4507 -0.5397
-1.2264 -0.2986 -0.2826
-1.3175 0.0013 0.0259
-1.2765 0.2481 0.2422
-1.0090 0.6152 0.4993
-0.6883 0.9744 0.6313
-0.3841 1.2994 0.7046
-0.1971 1.5419 0.7150
-0.2643 1.4967 0.7193
-0.5252 1.0813 0.6759
-0.7597 0.6537 0.4554
-1.1427 -0.0934 -0.0003
-1.4097 -0.5063 -0.2954
-1.6528 -0.6297 -0.4530
-1.7848 -0.5118 -0.3956
-1.8758 -0.3469 -0.2648
-1.9778 -0.1117 -0.0846
-0.5160 2.6525 0.0846
0.3044 1.7832 0.2678
1.0527 1.2890 -0.1201
1.9293 2.3220 -0.4664
2.0374 2.3110 -0.4169
1.3765 1.4552 -0.4133
1.0582 1.4564 -0.5678
0.8682 1.0654 -0.6949
0.7381 0.6983 -0.8195
0.5616 0.5004 -0.8336
