D10
~A140
0.9960 1.8316 9.2754
0.0024 -0.0263 9.8572
-0.0096 -0.0239 9.8309
0.0024 -0.0383 9.8261
-0.0096 -0.0215 9.8572
-0.0096 -0.0239 9.8309
-0.0263 -0.0192 9.8500
-0.0096 -0.0144 9.8309
-0.0239 -0.0239 9.8429
-0.0239 -0.0192 9.8405
-0.0168 -0.0239 9.8405
-0.0192 -0.0215 9.8429
-0.0096 -0.0263 9.8524
-0.0024 -0.0287 9.8572
0.0000 -0.0263 9.8572
-0.0287 -0.0359 9.8644
-0.0048 -0.0263 9.8477
-0.0096 -0.0192 9.8405
-0.0263 -0.0311 9.8620
-0.0048 -0.0407 9.8477
-0.0120 -0.0215 9.8668
-0.0215 -0.0263 9.8477
-0.0120 -0.0120 9.8309
-0.0215 -0.0239 9.8500
0.0192 -0.0287 9.8500
0.0000 -0.0311 9.8572
0.0766 -0.0814 9.8357
0.2873 -0.4262 9.8764
0.2801 -0.2945 9.8764
0.1868 -0.1532 9.9817
-0.0814 0.4094 9.7303
-0.4741 0.0096 9.8955
-0.1053 0.0527 9.8740
0.1293 0.0239 9.8500
-0.2011 0.1197 9.8453
-0.3400 0.0431 9.7878
-0.1556 -0.2275 9.8237
0.3879 -0.8619 9.8357
0.9888 -1.7622 9.8357
0.8021 -1.6209 9.9171
-0.2682 -0.9074 9.8381
-0.5291 -0.1652 9.9147
-0.1197 -0.3974 10.0464
0.0646 -1.3384 10.5013
0.6081 -1.6233 10.9658
1.6090 -2.3823 9.9219
2.0830 -2.4398 10.2571
2.3105 -3.0312 10.5372
1.5132 -3.0024 10.0153
-1.9250 -2.3608 8.4542
-3.4525 -1.4485 9.2539
-3.5986 0.1197 9.2850
-2.4158 0.4214 10.1948
-1.0247 -0.8452 8.6673
-0.6728 -0.9505 8.7152
-0.3663 -0.8308 10.7623
0.1556 -1.5730 11.4087
0.7997 -2.4062 11.5524
0.6800 -3.1269 10.5348
0.0886 -2.9928 10.5348
-0.0838 -3.4047 11.7439
-0.2251 -3.0934 14.2890
-0.5172 -2.6265 14.9403
-1.2761 -2.4374 14.7511
-1.6616 -2.5451 12.7615
-1.6090 -3.0264 10.0919
-1.6090 -3.2826 8.2459
-0.7805 -3.3256 6.6609
0.2945 -3.6225 5.9234
0.7063 -3.1916 5.8372
0.9529 -2.0136 5.9210
1.5778 -1.2211 5.7295
1.4485 -0.8931 5.1549
1.5204 -0.0431 4.1517
0.7446 0.5674 3.3304
0.2299 0.6512 3.2131
0.3663 0.2682 3.3256
0.4765 0.1030 3.4525
1.2235 1.0607 3.4286
1.9681 1.9585 2.8037
2.2291 2.8444 2.2817
3.0096 3.7877 2.3272
2.5212 4.1612 2.5164
1.5084 4.3959 2.7965
0.5579 4.0272 2.9258
0.5172 4.4270 2.9904
0.9386 4.5132 3.1557
1.3743 5.2123 3.1006
1.4294 6.3281 2.9354
0.8332 6.3185 3.1054
0.4717 5.4230 3.0838
0.4932 5.1621 2.2865
1.3097 5.2028 1.9968
3.3592 5.5547 3.0335
4.6808 5.8875 4.7670
5.7391 5.3440 7.3696
6.3640 4.5276 8.2986
5.9474 4.3815 7.1924
5.3512 5.5140 5.4015
5.3320 5.7894 5.5356
7.6521 4.7622 6.2347
8.7343 5.2028 6.8500
7.6665 5.9785 8.3776
5.7558 6.0839 10.0631
5.6337 6.0767 10.1661
4.7790 6.1988 9.7447
4.2522 5.5356 10.3409
4.0727 4.5563 10.8796
4.8771 4.1493 10.0416
5.6026 4.8628 8.7870
5.5643 5.4422 8.3967
5.8923 4.8245 8.5811
5.3991 3.9003 8.2962
4.0774 3.7949 7.9466
2.6792 3.7542 7.8389
1.6497 3.5770 8.3536
1.0128 3.9099 9.5795
1.0008 4.5204 10.3816
1.9561 5.0854 11.4853
3.0838 4.9322 11.6793
4.4917 3.9817 10.9011
5.5332 2.6888 9.3449
5.2411 3.1030 8.5164
3.9913 3.2873 8.3584
2.7462 3.4741 9.3856
4.6138 3.4071 13.1589
3.7135 3.3065 15.7974
4.9011 4.8460 23.5860
2.0471 3.1892 11.5045
2.6624 5.1333 13.2379
0.6560 4.2020 8.0591
0.4812 4.3121 7.9442
0.2873 4.3456 8.1357
-0.0383 4.8005 10.2307
-0.2921 4.3791 11.2148
0.5627 3.5603 11.7870
1.2785 3.0599 11.3417
1.5443 2.9737 11.3489
1.7335 2.5930 11.6577
1.3719 2.5355 11.6410
~M140
33.9600 -42.0600 -66.9600
34.2600 -41.7600 -66.6600
34.8000 -42.3000 -67.1400
34.8600 -42.6000 -67.1400
34.6800 -42.7200 -67.0800
34.3200 -42.3600 -66.9000
34.2600 -42.0600 -66.6600
34.6800 -41.8200 -66.7200
34.8000 -42.0600 -67.5000
34.8000 -42.0600 -67.6800
35.0400 -42.3000 -67.2000
34.8600 -42.4200 -66.8400
34.6800 -42.1200 -67.1400
34.9200 -42.0600 -67.0800
34.6800 -42.0600 -67.2600
34.5000 -42.2400 -67.6800
33.7800 -41.7000 -68.7600
33.7200 -41.2800 -69.6600
32.9400 -41.1000 -70.1400
32.0400 -41.1000 -70.9200
31.8000 -41.5800 -71.2200
32.3400 -41.5800 -71.4000
32.1600 -40.4400 -71.1600
32.6400 -40.0800 -70.6200
32.5800 -40.6800 -70.3800
32.2200 -40.8600 -70.5600
32.6400 -40.7400 -70.2000
35.3400 -41.1600 -69.0000
36.4800 -41.7000 -68.6400
36.1200 -41.4000 -68.4000
35.7000 -41.8200 -67.8600
36.1200 -42.1800 -67.5600
36.8400 -41.8800 -67.9800
37.8600 -41.7600 -67.9800
38.8800 -42.0000 -68.5200
39.3000 -41.7600 -68.5800
39.4800 -41.5200 -69.3600
41.2800 -40.9800 -70.5000
42.4800 -39.5400 -74.1000
43.5600 -39.0600 -78.3000
47.8200 -38.5800 -78.9000
50.4000 -37.8000 -77.4600
52.1400 -37.4400 -75.2400
52.8600 -36.1200 -74.1600
52.3200 -33.0600 -73.6800
51.7200 -30.6600 -72.6000
51.1200 -29.7600 -71.8800
49.5000 -27.9000 -71.8800
45.9000 -27.9600 -70.8000
43.4400 -28.0200 -69.3600
39.3000 -28.3200 -66.4800
34.8600 -28.1400 -63.8400
30.6600 -27.3000 -60.4200
27.4800 -26.7600 -57.4800
25.6200 -26.7600 -55.9800
22.8600 -25.6800 -53.4000
20.8200 -25.2000 -50.9400
18.3000 -25.2600 -49.8600
15.1800 -24.7800 -48.6600
12.7800 -24.3600 -46.6800
12.0600 -24.1200 -46.2600
9.6000 -23.7600 -44.8800
7.8000 -23.3400 -43.8600
6.3000 -23.5800 -43.3200
4.7400 -23.4600 -42.1200
4.3200 -23.3400 -41.4600
3.7200 -23.5200 -40.8600
2.6400 -24.0600 -40.5600
2.1000 -24.1800 -40.5000
1.1400 -24.5400 -40.4400
0.8400 -24.3000 -40.7400
0.0000 -24.6000 -40.8600
0.0000 -24.2400 -40.3800
-0.3000 -23.6400 -40.8000
-0.3000 -23.7600 -41.4000
0.7200 -22.8000 -42.1800
1.3800 -22.2600 -41.8800
1.6800 -21.3600 -42.0000
3.3600 -21.1200 -41.3400
6.0600 -21.7800 -40.5000
7.9200 -22.0800 -39.2400
9.0600 -22.6200 -39.1800
10.0800 -22.2600 -39.3000
10.9800 -21.0600 -39.1800
12.3000 -19.8000 -40.0200
13.6200 -18.9000 -40.9200
14.0400 -18.9000 -40.7400
14.5200 -18.3000 -40.8000
14.4600 -17.4600 -41.6400
15.3000 -15.9000 -42.4200
14.8200 -15.1200 -42.9600
14.5200 -14.2200 -43.5600
14.4000 -13.3200 -44.8800
15.8400 -13.8600 -44.4600
16.5600 -14.2200 -44.3400
16.9200 -13.9200 -43.9800
17.1000 -13.0200 -43.5000
17.4600 -12.7200 -43.4400
17.7600 -10.9800 -44.1600
17.8800 -10.4400 -43.9200
18.4800 -10.1400 -43.7400
19.6200 -10.3200 -43.2600
20.9400 -10.2000 -42.2400
21.7200 -9.9000 -41.9400
20.8800 -8.2800 -42.2400
19.0200 -8.4600 -43.4400
18.6000 -8.4000 -44.3400
19.0200 -8.1000 -44.7600
19.1400 -7.0800 -44.4000
18.4800 -5.5200 -43.7400
18.0600 -4.9200 -43.6200
18.4800 -4.9800 -43.8600
19.0200 -4.2000 -44.1000
19.3200 -3.7800 -43.9200
19.4400 -4.0800 -44.1000
19.2600 -4.1400 -44.1000
19.0200 -3.7800 -44.0400
19.0200 -4.3800 -42.9600
18.7200 -4.6800 -43.3200
18.7800 -5.4000 -42.6600
19.3200 -4.0200 -43.2000
19.5600 -3.3600 -43.6200
19.1400 -3.5400 -43.9200
18.6600 -3.6600 -43.8000
18.6000 -3.5400 -43.4400
18.0000 -3.4800 -43.7400
18.5400 -3.4800 -44.2800
19.2600 -3.7200 -44.4000
19.3800 -3.7800 -44.3400
19.3200 -3.8400 -44.1000
19.0800 -4.0800 -43.7400
18.9000 -3.9600 -42.9600
19.2000 -4.0200 -43.5000
19.3800 -3.6600 -44.1600
19.2600 -3.4800 -44.1600
19.2600 -3.4200 -43.8000
18.8400 -3.9000 -43.5600
19.0800 -4.2000 -43.9800
18.7200 -4.2600 -44.5200
19.0800 -4.9200 -44.2200
~G140
-0.0004 -0.0005 0.0015
-0.0004 -0.0011 0.0009
-0.0004 -0.0005 0.0003
0.0002 0.0001 0.0009
-0.0010 -0.0042 0.0009
0.0014 0.0007 -0.0009
0.0008 -0.0011 0.0015
0.0032 0.0013 0.0021
-0.0004 0.0007 -0.0009
0.0014 -0.0005 0.0009
-0.0010 -0.0005 0.0033
-0.0004 0.0013 0.0003
-0.0010 0.0001 0.0003
-0.0010 0.0007 0.0009
0.0002 0.0007 -0.0016
-0.0004 0.0001 0.0027
0.0002 -0.0024 0.0003
-0.0010 0.0013 0.0033
-0.0010 0.0019 0.0009
0.0002 0.0031 0.0027
-0.0016 -0.0024 -0.0016
-0.0047 -0.0042 -0.0009
-0.0041 -0.0066 -0.0009
-0.0084 -0.0060 -0.0003
-0.0084 -0.0115 -0.0034
-0.0181 -0.0164 -0.0468
-0.0120 -0.0060 -0.2202
-0.0133 0.0019 -0.4481
0.0032 0.0245 -0.6356
-0.0188 0.0221 -0.8366
-0.0010 0.0037 -0.2257
0.0155 0.0117 -0.0743
0.0161 0.0086 -0.0736
0.0246 0.0209 -0.0462
-0.0023 -0.0127 0.0565
-0.0206 -0.0207 0.1114
-0.0365 -0.0292 0.0186
-0.0554 -0.0561 -0.3834
-0.0572 -0.0213 -0.5532
-0.0334 -0.0091 -0.5177
-0.0346 -0.0213 -0.3760
-0.0756 -0.0274 -0.1860
-0.2490 -0.2693 -0.1085
-0.3315 -0.3402 -0.0553
-0.5197 -0.1123 -0.2490
-0.5667 -0.1917 -0.4414
-0.5282 -0.5112 -0.8702
-0.5019 -0.5656 -1.0406
-0.4476 -0.1343 -0.9728
-0.1611 -0.1716 -0.4237
0.0643 -0.2620 0.0522
0.1584 -0.4507 0.5036
0.1065 -0.0689 0.7590
0.1187 0.4063 0.9111
0.0820 0.1644 0.9990
-0.0029 -0.3005 1.0919
-0.2472 -0.7543 1.0277
-0.4341 -0.9168 0.9135
-0.6388 -1.0909 0.8445
-0.4134 -1.0854 0.7657
0.1712 -0.9168 0.6979
0.6153 -0.8887 0.6838
1.2030 -0.9058 0.6625
2.1944 -0.7360 0.7522
2.6917 -0.6010 0.7425
2.7191 -0.6181 0.7706
2.5634 -0.7189 0.7602
2.3123 -0.9162 0.5849
2.0961 -1.1306 0.3344
2.0509 -1.2320 0.1444
2.0655 -1.3328 -0.0755
1.9971 -1.4745 -0.2868
1.8914 -1.5277 -0.4835
1.7167 -1.6022 -0.5623
1.4632 -1.8075 -0.6185
1.3795 -1.8026 -0.6888
1.3759 -1.7745 -0.7432
1.3019 -1.8863 -0.8354
1.0912 -2.0152 -0.8959
0.7864 -2.0439 -1.0394
0.6538 -1.8704 -1.2245
0.6379 -1.7696 -1.2404
0.6416 -1.7268 -1.1818
0.6080 -1.6786 -1.0425
0.5689 -1.5124 -0.9453
0.5628 -1.2516 -0.8946
0.4968 -1.1184 -0.8788
0.3429 -1.1245 -0.7419
0.2800 -1.2516 -0.4933
0.1321 -1.3102 -0.1622
-0.1996 -1.1752 0.0785
-0.5710 -0.7873 0.1499
-0.7390 -0.4410 0.1402
-0.6589 -0.0231 0.0650
-0.3242 0.2127 -0.0193
0.0362 0.3336 -0.0541
-0.0774 0.1119 0.0174
-0.6260 -0.3780 0.1872
-0.8758 -0.2901 0.1078
-0.9253 0.2646 -0.2514
-1.0016 0.7808 -0.5917
-0.9192 0.9017 -0.6735
-0.4238 0.9921 -0.3882
-0.5068 1.1528 -0.3626
-0.3761 1.1565 -0.3058
-0.0884 1.0410 -0.2795
-0.0297 1.1760 -0.4005
-0.1757 1.2230 -0.5098
-0.2570 1.2444 -0.6326
-0.2943 1.2188 -0.8122
-0.5203 1.0324 -0.8372
-0.8489 0.7514 -0.8030
-1.1501 0.5468 -0.7181
-1.2949 0.4222 -0.6173
-1.2680 0.4045 -0.3986
-1.1757 0.3971 -0.3168
-0.7005 0.3208 -0.1182
-0.3217 0.4130 -0.1347
-0.2607 0.4759 -0.2673
-0.6363 0.5053 -0.4499
-0.9815 0.5835 -0.4585
-1.1073 0.6299 -0.4035
-0.2362 2.1399 -0.7053
0.3423 0.8932 -0.7303
0.9067 1.0563 -0.6466
0.8951 1.0214 -0.7267
0.5768 0.6562 -0.5941
-0.0016 0.3635 -0.3412
-0.6712 0.1192 -0.0749
-1.0475 -0.1807 0.0559
-1.1892 -0.3444 0.2550
-1.1195 -0.2101 0.3295
-0.9577 0.5193 0.3210
-0.8043 1.1088 0.2904
-0.4610 1.3464 0.0717
-0.0707 1.9274 -0.0822
0.0765 2.1204 -0.2056
0.0277 1.5743 -0.4176
-0.0908 0.9634 -0.5776
-0.4610 0.6812 -0.6686
