D10
~A123
0.6536 0.9098 10.4534
-0.0527 -0.0263 9.8309
-0.0575 -0.0335 9.8405
-0.0742 -0.0263 9.8500
-0.0694 -0.0383 9.8333
-0.0431 -0.0239 9.8716
-0.0455 -0.0215 9.8453
-0.0670 -0.0215 9.8453
-0.0670 -0.0144 9.8500
-0.0670 -0.0239 9.8357
-0.0766 -0.0072 9.8692
-0.0527 -0.0215 9.8309
-0.0766 -0.0407 9.8477
-0.0455 -0.0144 9.8692
-0.0766 -0.0239 9.8333
-0.0431 -0.0239 9.8500
-0.0646 -0.0263 9.8548
-0.0599 -0.0192 9.8429
-0.0479 -0.0239 9.8596
-0.0670 -0.0120 9.8500
-0.0383 -0.0048 9.8381
-0.0718 -0.0407 9.8548
-0.0575 -0.0192 9.8596
-0.0623 -0.0263 9.8333
-0.1413 0.0263 9.8692
-0.8524 0.4286 9.8093
-0.2107 1.2714 9.8165
-0.0599 1.3576 9.9985
-0.1700 0.6010 9.9267
0.1365 -1.5467 9.8764
0.7374 -3.2299 9.9458
0.6129 -0.9553 10.2283
-0.3304 0.2538 10.0631
-0.5100 -0.0263 9.8500
-0.3735 -0.0646 9.8836
-0.5627 0.2179 9.8309
-0.6177 -0.1077 9.7926
-0.7877 -0.5722 9.8141
-0.5986 -1.7813 10.0392
0.8117 -3.2251 9.8572
1.9154 -3.4693 9.9482
2.3416 -2.7486 9.9769
1.4461 -2.0471 10.3265
1.5323 -1.4174 10.0991
1.4821 -1.7622 9.7878
1.0918 -1.6377 9.9027
0.1604 -1.6999 9.6441
-0.5986 -1.9681 10.0129
-1.2187 -1.9322 9.9722
-1.9154 -1.4318 9.9123
-2.5523 -1.0152 9.8261
-2.9665 -0.9386 9.8812
-2.2339 -0.4884 9.5627
-0.7063 -0.3687 8.7918
0.1915 0.1772 9.4526
1.1157 0.5315 9.2778
1.9968 0.3711 9.7734
2.8061 0.6369 13.2284
3.2610 -0.3328 11.3776
1.6975 -2.2578 8.4015
1.5922 -2.2650 8.3393
-0.7686 -1.9825 8.9067
-1.4845 -1.4102 9.6226
-1.6042 -0.9817 9.6034
-1.5419 -0.6273 10.4319
-1.5515 -1.3049 10.7000
-1.9322 -1.7430 10.8820
-1.5802 -1.6377 10.4055
-0.9146 -1.7382 9.6226
-0.4980 -1.8604 8.4374
-0.6752 -1.9130 7.3863
-1.0726 -1.8484 6.5483
-1.0463 -1.6377 5.9546
-1.1181 -0.8883 5.6505
-0.8835 -0.0503 5.2698
-1.1756 0.8548 4.7383
-1.9058 1.5371 4.0200
-1.9729 1.5156 3.0240
-1.7143 1.5395 2.0950
-1.6281 1.8340 1.8675
-1.7598 3.2251 1.7598
-2.0710 4.4438 1.8005
-2.4996 5.1812 1.8508
-2.8516 5.5882 1.8867
-2.3464 5.2818 1.8819
-1.1325 4.7790 1.8843
-0.3424 4.4031 2.0136
1.1445 4.4270 2.9474
1.8484 5.2913 4.3097
1.3767 6.0288 5.7822
0.9984 5.9689 6.4645
0.9817 5.8971 6.7495
1.5946 5.5404 7.0799
2.1932 5.8492 7.2451
2.9593 5.1549 7.6952
3.0479 4.8269 8.4087
3.5268 4.8628 9.0815
3.9242 4.9921 9.7567
3.6154 4.9992 9.8309
2.6050 5.0830 9.4191
1.8220 4.0918 8.9426
1.5754 3.4286 8.9522
2.7319 3.0264 10.1757
3.9937 3.1868 11.3489
3.0742 3.2227 11.6745
1.9849 2.9234 11.5069
0.5220 2.5978 10.9083
0.3927 2.0758 10.9323
2.3201 1.9346 11.8900
4.2977 2.2267 12.3712
5.0399 1.9394 12.2204
4.1828 0.8787 11.3345
2.6217 0.1413 11.0855
1.4773 0.1891 11.5643
2.1357 -0.1413 15.4119
8.1405 -0.8667 25.4248
3.8763 -0.6393 17.0089
2.1141 -1.7406 15.1701
1.8604 -1.0583 11.6481
1.4078 0.2394 10.0200
2.0687 0.7015 9.0097
2.2147 1.2450 7.6665
2.3392 1.3288 8.1549
~M123
33.9600 -39.4200 -74.2800
34.3200 -39.4800 -74.1600
34.4400 -39.3000 -74.0400
34.4400 -39.3600 -74.4000
34.0800 -39.1200 -74.2200
33.9600 -38.9400 -73.9800
33.7800 -38.7600 -74.1600
34.2000 -39.0600 -73.6800
34.6200 -38.9400 -73.8600
34.2000 -38.9400 -74.2200
33.4200 -39.3600 -74.1000
33.6000 -38.8800 -75.0600
34.8600 -38.5800 -75.0600
34.9200 -39.0600 -74.5200
34.2600 -38.8200 -74.0400
34.7400 -39.1200 -72.9000
35.3400 -39.1800 -72.6000
35.1000 -39.3000 -72.7200
34.8600 -39.3600 -73.5600
34.7400 -39.3600 -74.7000
34.2000 -39.1200 -74.7000
33.8400 -38.7600 -74.9400
33.9600 -38.6400 -74.6400
33.9000 -38.8800 -74.2800
33.9600 -39.1200 -73.9800
33.0000 -40.0200 -73.1400
32.1600 -40.6200 -73.0800
31.8000 -40.8000 -73.1400
31.7400 -40.9800 -72.8400
31.8000 -40.4400 -72.9600
31.6800 -40.7400 -72.1200
31.8000 -41.1000 -71.1600
32.5800 -40.8600 -72.5400
33.7200 -40.3800 -72.6000
35.5800 -40.8000 -72.1200
38.3400 -42.0600 -72.9600
42.0600 -42.7200 -73.7400
46.9200 -43.2600 -75.7800
49.5000 -43.3800 -76.3200
54.4200 -43.1400 -76.3200
59.2800 -42.6000 -75.3600
64.0800 -41.0400 -73.7400
67.2600 -39.1200 -71.5200
69.7800 -37.5600 -70.6200
73.5000 -36.0600 -69.6600
75.6600 -35.1600 -69.0000
81.0600 -33.1200 -67.9800
83.8200 -31.6200 -66.6600
86.7000 -27.0000 -64.8000
87.4800 -21.8400 -63.4200
86.0400 -17.5800 -62.5800
81.3000 -14.5200 -61.2000
78.7200 -13.4400 -59.7000
72.9000 -11.5800 -56.1000
65.5800 -10.7400 -53.4000
57.7200 -10.0200 -50.8800
50.1600 -10.3800 -48.3600
43.5000 -12.1800 -46.0800
38.1000 -13.9800 -43.3800
35.7000 -14.5800 -42.1800
30.9000 -15.7200 -40.9800
27.2400 -16.8600 -39.3600
25.3200 -17.6400 -38.4000
23.1600 -18.0600 -37.5600
21.0600 -19.2600 -36.8400
20.1600 -19.2000 -37.2000
18.3000 -18.4800 -38.4600
16.7400 -18.1800 -39.2400
15.4800 -18.3600 -39.6000
15.6600 -17.7000 -39.6000
15.9000 -16.7400 -39.9600
15.1200 -15.7200 -40.5600
15.3600 -15.1800 -40.9200
14.7600 -14.0400 -41.5200
14.8800 -12.7200 -42.7200
14.5800 -11.2800 -43.4400
13.3200 -9.6000 -45.0000
12.1800 -8.4000 -46.0800
12.3600 -7.0800 -46.5600
13.6200 -5.4600 -47.1000
15.7200 -4.4400 -46.6200
17.1000 -3.6600 -46.5000
17.6400 -3.0600 -46.4400
16.0200 -2.7000 -47.7000
14.7000 -3.6600 -47.5800
14.2800 -3.7200 -47.8800
14.7000 -3.3600 -47.5800
15.1800 -3.0000 -47.8200
15.5400 -2.2800 -47.8800
15.1200 -1.2600 -47.5800
15.0000 0.2400 -47.8800
15.2400 0.7200 -47.8800
15.2400 0.5400 -48.0000
15.6600 -0.4200 -47.2800
16.3200 -0.8400 -46.8000
16.5000 -1.5600 -46.2600
16.1400 -1.6200 -46.8000
16.3800 -1.8000 -46.8000
16.8600 -1.8600 -46.5600
17.4600 -0.9600 -46.2600
18.1200 0.6000 -46.2000
18.2400 1.4400 -46.1400
17.8800 1.9800 -45.9600
18.3000 2.1000 -45.7800
18.8400 1.9800 -44.9400
19.9800 0.3600 -44.8200
20.5800 -0.7800 -44.2800
21.9600 -1.1400 -43.9200
21.6600 -0.4800 -44.8200
21.3600 -0.6600 -44.2800
20.5800 0.0600 -43.6800
20.7600 -0.0600 -42.7200
20.8200 -0.7800 -43.1400
20.8800 -0.4800 -44.5800
20.5200 -0.4200 -45.0600
20.6400 -0.8400 -44.1000
20.5200 -0.9600 -44.1000
21.1800 -1.6800 -43.3200
21.6600 -0.9600 -43.5000
21.6000 -0.3600 -44.4000
21.7200 -0.7200 -44.1000
21.5400 -0.9600 -43.7400
21.8400 -1.6200 -43.6200
~G123
0.0002 -0.0011 -0.0028
0.0002 0.0001 0.0003
-0.0010 0.0025 0.0009
0.0014 0.0007 0.0009
-0.0023 0.0001 0.0003
-0.0010 0.0001 -0.0003
0.0020 -0.0011 0.0009
-0.0010 -0.0011 -0.0003
-0.0004 -0.0011 -0.0003
0.0002 0.0019 0.0021
0.0014 -0.0011 0.0015
0.0002 0.0013 0.0015
0.0014 -0.0011 0.0021
0.0014 -0.0011 0.0003
0.0014 0.0019 0.0015
-0.0010 0.0013 0.0003
-0.0004 -0.0011 0.0003
-0.0004 -0.0024 0.0009
-0.0004 -0.0011 0.0015
-0.0016 0.0007 -0.0003
0.0008 0.0001 -0.0009
0.0002 0.0019 0.0015
0.0002 0.0007 0.0009
0.0045 -0.0036 0.0107
-0.0096 0.0013 0.2898
-0.0016 -0.0042 0.8133
-0.0249 -0.0017 1.2000
0.0283 -0.0152 1.5054
0.0222 -0.0237 1.5097
-0.0407 -0.1093 0.7150
-0.0267 -0.0054 0.0595
0.0002 -0.0195 0.1182
-0.0151 -0.0470 0.2849
0.0087 -0.0286 0.2403
0.0020 -0.0042 0.2238
0.0118 0.0007 0.2379
0.0020 0.0050 0.2935
0.0643 0.1155 0.4377
0.0753 0.1424 0.3362
-0.0511 0.0526 -0.0297
-0.1287 0.3953 -0.4609
-0.0682 0.3104 -0.4481
-0.1244 0.0624 -0.4524
-0.1678 -0.1429 -0.6130
-0.1067 -0.1239 -0.7077
-0.0670 -0.0989 -0.6753
-0.0646 0.0227 -0.6558
-0.0853 -0.0207 -0.5849
-0.1977 -0.0268 -0.4872
-0.2796 -0.2430 -0.2093
-0.1757 -0.0274 0.1750
-0.0676 0.0899 0.5867
0.0436 0.0942 0.8188
0.1926 0.2475 0.8500
0.3710 0.2463 0.7877
0.4828 0.0997 0.6625
0.6960 -0.2571 0.3888
1.1413 -0.2601 -0.0413
1.2531 -0.1129 -0.3198
1.0136 -0.1923 -0.3638
0.9458 -0.0250 -0.2972
0.7986 0.0856 -0.1292
0.8566 0.0850 -0.0633
1.0869 -0.1850 0.0278
1.3123 -0.2443 0.0852
1.6654 -0.1838 0.2422
2.0197 -0.0134 0.3369
2.3080 0.1650 0.2886
2.4272 0.3067 0.1640
2.4058 0.1436 0.1114
2.3019 -0.0567 0.0772
2.2604 -0.1325 0.0919
2.2384 -0.3121 0.0290
2.2097 -0.4941 -0.1146
2.1083 -0.7452 -0.2099
1.9769 -0.9382 -0.1818
1.8725 -0.9822 -0.1641
1.4602 -1.0072 -0.1427
1.1480 -0.9645 -0.1524
0.9110 -0.9749 -0.1677
0.5982 -1.0476 -0.1433
0.2897 -1.0958 -0.0315
-0.0261 -1.1196 0.1347
-0.3474 -0.9749 0.3118
-0.4964 -0.7843 0.4004
-0.8477 -0.4892 0.4853
-1.1177 -0.5179 0.3558
-1.2423 -0.5332 0.1457
-1.2112 -0.5448 0.0895
-1.1544 -0.4727 0.0803
-1.1311 -0.3695 0.1029
-1.1531 -0.3096 0.1053
-1.3168 -0.3133 0.0113
-1.5221 -0.3115 -0.1268
-1.5514 -0.2491 -0.1946
-1.4299 -0.3090 -0.4145
-1.3052 -0.3414 -0.5611
-1.1623 -0.4294 -0.7108
-1.3016 -0.6151 -0.8195
-1.6088 -0.8063 -0.8042
-1.8532 -0.8649 -0.7059
-1.8898 -0.8447 -0.7285
-1.7432 -0.8319 -0.8323
-1.4885 -0.7336 -0.8048
-1.3651 -0.5454 -0.6338
-1.3926 -0.0207 -0.1225
-1.4439 0.2371 0.1389
-1.4793 0.8718 0.6869
-1.2955 1.1650 0.8084
-1.1458 1.1754 0.7101
-1.0487 1.1809 0.5305
-1.1201 1.2383 0.4688
-1.2674 1.2200 0.4890
-1.4299 0.5022 0.4871
0.0491 -0.1789 -0.0657
0.9525 0.1766 -0.9398
0.9825 -1.5283 -0.7541
0.8786 -0.6816 -0.8360
0.5164 -0.6499 -0.5489
0.2060 -0.5851 -0.4713
-0.4256 -0.1795 -0.2819
-0.7726 -0.0738 -0.2062
-0.9198 -0.0305 -0.1824
