D10
~A112
0.6656 -0.0431 10.3864
-0.0479 -0.0287 9.8429
-0.0646 -0.0192 9.8357
-0.0551 -0.0144 9.8477
-0.0503 -0.0431 9.8477
-0.0455 -0.0144 9.8477
-0.0527 -0.0239 9.8429
-0.0431 -0.0168 9.8500
-0.0503 -0.0287 9.8405
-0.0455 0.0000 9.8692
-0.0670 -0.0359 9.8500
-0.0503 -0.0168 9.8668
-0.0479 -0.0024 9.8429
-0.0455 -0.0120 9.8189
-0.0694 -0.0120 9.8453
-0.4118 0.1269 9.8381
-0.4286 0.2394 9.7782
0.0239 0.5579 9.7567
0.3256 0.6848 9.9171
0.0072 0.7590 9.9913
-0.5076 0.8859 9.8046
-0.7757 0.7470 9.8093
-0.8715 -0.0168 9.8429
-0.7111 -1.5850 9.8141
-0.1365 -1.5419 9.7136
-0.1868 -1.8053 9.8596
0.2586 -2.6624 9.8644
0.6536 -3.5747 9.6154
0.6321 -3.2730 9.6370
1.0415 -2.6265 9.7998
1.3791 -2.4517 9.9530
1.7095 -1.9896 10.1254
1.6544 -1.7789 9.7016
1.1421 -1.5012 9.5244
-0.2729 -2.1165 9.8141
-1.1421 -2.6648 9.9171
-2.0327 -3.5603 10.0081
-1.9322 -3.7494 9.8836
-1.4150 -2.6864 10.0033
-1.1085 -1.4150 10.8245
-0.1077 -1.4845 12.8405
0.9362 -1.5922 10.3169
1.4605 -2.5164 8.5188
1.0200 -2.9330 8.6026
0.2538 -2.6600 8.0855
-0.1437 -2.0519 7.9274
-0.3687 -1.0056 7.9729
-0.8524 -0.5172 7.9681
-1.6928 -0.4836 7.8891
-3.1700 -0.3663 5.5380
-3.2442 -0.2299 5.4949
-2.4948 -0.2442 4.5946
-1.6928 0.0718 3.4549
-1.0367 0.9817 2.8779
-1.0870 2.0758 2.6744
-1.5371 2.7127 2.8803
-1.8795 2.9306 3.3807
-1.9226 2.8396 3.7853
-1.3743 2.5355 3.4238
-1.0631 2.4182 2.9402
-0.3735 2.6026 2.5499
0.1532 3.4358 2.7414
0.1580 3.9721 2.9761
0.0910 4.1493 3.0838
0.0670 4.1900 3.0958
0.3017 4.1756 3.0862
3.1676 5.4637 4.7885
3.9075 6.1964 5.7415
3.4094 5.8013 6.0695
2.8707 5.4996 5.9115
3.3137 5.4254 5.9402
3.9553 5.0950 6.7590
4.5970 5.1597 8.2291
4.8723 5.0711 10.0200
4.9538 4.4007 10.5971
4.1636 4.1158 11.1023
3.8404 3.3711 11.0328
4.1349 3.2538 11.6721
4.6329 3.3448 12.6466
4.6521 3.9865 13.8437
3.9817 4.1828 13.8652
1.7646 3.3759 12.8525
0.0982 2.6122 11.5548
-0.3615 1.6999 11.3824
2.1118 0.9769 12.2898
3.7758 1.2905 14.1095
4.0008 1.1923 15.1366
2.8827 0.7063 15.4048
1.0200 0.8021 14.8924
0.0838 0.6824 13.7288
0.2107 1.0702 12.5005
0.8045 0.5698 11.1382
1.6042 0.7877 11.0496
2.1333 0.7063 11.1837
2.2291 0.5531 11.3082
1.4725 0.6896 11.5739
3.7877 -0.5411 16.9443
1.4174 -0.6728 14.0759
3.4286 -1.0032 14.9235
2.7055 -0.6034 11.3704
4.2498 0.0096 10.4319
4.6664 0.4262 9.7279
3.3376 0.3855 9.2970
1.9250 0.3807 9.5699
0.6536 0.2897 9.8716
1.3145 0.4693 10.1829
1.5754 0.8164 10.0440
1.2115 1.0607 9.7806
0.9649 1.1229 9.8093
0.9649 0.8691 13.5923
-0.1125 1.3552 10.8796
-0.1844 1.3408 10.9418
~M112
30.7800 -41.3400 -68.5800
31.1400 -41.1600 -68.3400
30.9000 -41.3400 -68.7600
30.9000 -41.3400 -69.3000
31.0800 -41.1000 -70.0800
30.7200 -41.4000 -70.6800
29.8800 -41.4000 -70.6200
29.5200 -41.1000 -70.5600
30.4200 -41.2200 -69.7200
30.4800 -41.2200 -69.1800
29.8200 -40.6800 -69.4200
30.0600 -40.7400 -69.6000
30.0600 -41.1000 -69.3600
30.7800 -41.3400 -68.3400
31.1400 -40.9200 -68.8800
30.3000 -40.6200 -69.6000
30.0600 -40.9800 -69.9600
29.9400 -40.9800 -69.7200
29.5200 -40.6200 -70.1400
29.1600 -40.8000 -69.0000
29.2800 -40.6200 -68.4600
29.4600 -40.5000 -68.6400
28.6200 -40.3800 -68.6400
27.7200 -40.9800 -68.4600
28.1400 -40.6800 -68.3400
29.2800 -40.6200 -68.4600
29.9400 -41.2800 -68.2800
32.8200 -41.4000 -69.0600
36.4200 -42.0600 -69.1200
40.0200 -42.9600 -70.0800
45.0000 -43.4400 -70.8000
50.4600 -42.9600 -69.7200
52.9200 -42.3600 -69.1800
56.3400 -40.3800 -69.7200
60.9000 -38.1000 -69.7800
65.5200 -34.8000 -70.1400
68.0400 -32.4000 -69.4800
69.3000 -29.4600 -68.8200
70.3800 -26.1000 -68.0400
67.9800 -16.3200 -65.1600
62.9400 -11.5200 -62.0400
55.4400 -9.0000 -57.7200
48.1800 -8.5800 -53.2200
45.3000 -8.5800 -51.6600
37.9800 -8.9400 -49.0200
31.6200 -10.1400 -46.6200
29.3400 -11.2200 -45.6000
25.2600 -13.3800 -43.6200
22.9800 -14.1000 -42.7200
19.2600 -16.1400 -41.5800
17.0400 -17.7600 -41.5800
15.0600 -18.6600 -41.7600
13.5000 -18.6600 -41.0400
13.5000 -18.7800 -41.0400
12.4800 -18.8400 -40.6800
12.4800 -19.0200 -40.3200
12.4200 -18.7800 -40.0800
12.7800 -17.4000 -40.9800
13.0800 -16.2000 -42.4200
13.0200 -15.1200 -42.9600
13.1400 -14.1000 -43.2600
14.2800 -13.3800 -43.6800
14.7600 -12.1200 -44.9400
15.8400 -11.0400 -44.7000
16.5600 -10.5600 -44.8200
16.8600 -9.3600 -44.3400
17.7600 -8.0400 -44.5800
18.3600 -7.3200 -45.4200
18.1200 -6.3600 -45.8400
17.5200 -5.8800 -46.6800
17.8200 -5.2800 -46.5600
18.1200 -4.8000 -46.8000
18.6600 -3.9000 -46.2600
18.7800 -3.6600 -45.5400
18.5400 -3.0000 -45.9000
18.2400 -1.5000 -46.6200
18.1800 -1.3800 -46.2600
17.8200 -1.6800 -46.4400
17.8800 -1.5600 -46.7400
17.8800 -1.8000 -45.9600
18.0600 -1.4400 -45.9000
17.4000 -1.3800 -46.3800
17.1000 -1.3200 -46.3200
17.7000 -1.9800 -46.0200
18.9000 -2.1000 -45.4800
20.5200 -2.4000 -43.4400
22.3200 -3.4200 -42.8400
22.9200 -3.6600 -43.0200
22.6200 -3.6600 -43.1400
22.8000 -2.4600 -43.0200
22.4400 -1.5600 -43.0200
22.4400 -0.9000 -42.2400
22.0200 0.4200 -41.7000
22.0200 1.2600 -42.4800
21.2400 0.4200 -42.7200
21.1800 -0.4200 -42.7800
21.6600 -1.9200 -42.3600
22.0800 -2.7000 -42.4800
22.5000 -2.8200 -43.0200
22.2600 -2.8200 -42.4200
22.5600 -2.5800 -42.4200
22.7400 -2.2800 -42.4200
22.8600 -1.9800 -42.2400
22.4400 -2.3400 -42.3600
22.6800 -2.7600 -42.6600
22.6200 -4.0800 -42.3000
22.6200 -4.6200 -42.5400
22.7400 -4.2000 -42.7200
22.6800 -4.4400 -42.3600
22.4400 -4.0200 -42.3000
22.0200 -4.5600 -42.1800
22.0200 -4.2000 -42.2400
~G112
0.0002 -0.0011 0.0021
-0.0004 0.0013 0.0027
0.0008 -0.0011 0.0003
-0.0004 0.0013 0.0027
0.0014 0.0001 0.0015
0.0008 -0.0005 0.0021
-0.0016 0.0025 0.0039
-0.0010 -0.0030 0.0009
0.0002 0.0007 -0.0003
-0.0004 0.0019 0.0003
0.0008 0.0025 0.0021
-0.0004 0.0037 0.0003
-0.0004 0.0007 0.0027
0.0008 0.0019 -0.0009
-0.0047 0.0044 0.0009
-0.0133 0.0129 0.0589
-0.0249 0.0343 0.2874
-0.0487 0.1174 0.3784
-0.0420 0.1662 0.2611
0.0026 -0.0091 0.0406
0.0210 -0.1166 -0.0969
0.0289 -0.1276 -0.0376
0.0319 -0.1196 0.1744
-0.0035 -0.0457 0.4322
0.0075 -0.0054 0.5177
0.0057 0.0050 0.5146
0.0142 0.0080 0.4260
0.0142 0.0294 0.1670
0.0081 0.0618 -0.0975
-0.0249 0.0514 -0.0938
-0.0285 0.1070 -0.0620
-0.0249 0.0160 -0.1622
0.0387 -0.1215 -0.3809
0.0448 -0.0714 -0.6656
0.0093 -0.0097 -0.8073
0.0087 -0.0085 -0.7767
0.0588 -0.0256 -0.5477
0.0533 -0.0494 -0.3583
0.0955 -0.0360 -0.0975
0.1883 -0.1703 -0.0437
0.6172 -0.7940 -0.0914
0.9122 -1.1905 -0.2551
1.0759 -1.0091 -0.7059
1.1798 -0.9645 -0.8446
1.2372 -0.8967 -0.8702
1.3386 -0.8337 -0.8287
1.3875 -0.8118 -0.8403
1.4632 -0.8735 -0.8977
1.5335 -0.9486 -0.9056
1.5732 -0.9461 -0.4829
1.6532 -0.8771 -0.2086
1.7265 -0.6065 -0.0712
1.5463 -0.4404 -0.0492
1.3019 -0.6352 -0.1170
1.0600 -0.8411 -0.1610
0.9006 -1.0408 -0.1555
0.8670 -1.2198 -0.0559
0.9360 -1.2216 0.0272
0.9702 -1.0781 0.1176
0.9281 -0.8411 0.2574
0.7149 -0.5418 0.3729
0.5860 -0.4642 0.3656
0.5597 -0.4568 0.3570
0.2464 -0.5631 0.3173
-0.0664 -0.4709 0.4169
-0.3566 0.0636 0.4285
-0.4030 0.2854 0.0662
-0.4451 0.2340 -0.1176
-0.5948 0.1375 -0.2325
-0.8422 0.1235 -0.2758
-1.2631 0.1528 -0.3326
-1.4983 0.2469 -0.4188
-1.5062 0.5022 -0.5367
-1.3749 0.5890 -0.6546
-1.2692 0.4472 -0.6986
-1.3168 0.4546 -0.6448
-1.4341 0.4417 -0.5739
-1.3596 0.4650 -0.6027
-1.0206 0.6445 -0.6405
-0.5856 0.8944 -0.4292
-0.6473 1.0269 -0.1616
-0.9167 1.0831 0.1841
-1.5129 1.0105 0.5610
-1.6192 0.8217 0.4884
-1.4079 0.4802 0.1573
-1.0823 0.1644 -0.0431
-0.8874 0.0245 0.0394
-0.6980 -0.0140 0.1683
-0.7561 -0.1123 0.2440
-0.8416 0.1540 0.4260
-0.9405 0.2487 0.4859
-1.0475 0.1058 0.3589
-1.0077 -0.0824 0.1475
-1.0413 -0.7110 0.0852
-0.0841 -0.0671 -0.1922
0.0356 -0.6609 -0.2471
0.4706 -0.3744 -0.3082
0.3838 -0.1789 -0.3504
0.2995 -0.3371 -0.5025
0.2403 -0.2540 -0.6332
0.1682 -0.1410 -0.6827
0.0491 -0.1325 -0.5733
-0.0646 -0.1368 -0.4249
-0.1348 -0.0323 -0.3210
-0.1397 0.1137 -0.2624
-0.0805 0.5914 0.0113
-0.0340 0.7722 0.1133
0.0442 0.3196 0.2959
0.3105 1.0318 0.3870
0.4443 1.0563 0.4334
0.5054 1.2133 0.4609
0.4577 1.4882 0.5562
