D10
~A118
1.7909 1.2785 10.1852
-0.0455 -0.0192 9.8261
-0.0479 -0.0144 9.8261
-0.0431 0.0024 9.8453
-0.0503 -0.0144 9.8381
-0.0623 -0.0239 9.8477
-0.0527 -0.0287 9.8429
-0.0263 -0.0215 9.8524
-0.0527 -0.0263 9.8285
-0.0503 0.0048 9.8644
-0.0503 -0.0120 9.8500
-0.0527 -0.0215 9.8692
-0.0575 -0.0192 9.8261
-0.0527 -0.0239 9.8429
-0.0431 -0.0120 9.8596
-0.0407 -0.0120 9.8261
0.3783 -0.1173 9.8093
0.8763 -0.2921 9.8141
0.0790 -0.0623 9.9338
-1.1445 0.3017 9.8381
-0.5555 0.2610 9.7854
-0.2179 0.1269 9.9338
-0.2801 0.1341 9.8692
0.1006 -0.9050 10.1158
0.3567 -1.4007 10.5276
0.1556 -0.7063 9.8261
-0.4238 -0.1317 9.5867
-0.6704 -1.8915 9.9554
0.2873 -3.9434 9.9793
0.0263 -2.5212 9.9698
0.1197 -0.9817 9.9602
0.5411 -0.5531 10.5755
0.5794 -1.0439 9.3401
0.1724 -1.6161 8.4997
0.2346 -2.1572 9.2036
0.0144 -2.2698 9.7040
-0.3783 -2.1548 10.2714
-0.3735 -2.9402 10.3672
-0.2035 -2.8923 10.3169
0.7805 -2.0471 9.1629
0.1461 -2.1405 10.5133
-0.2131 -2.1620 10.5707
-0.0575 -2.1620 10.7192
0.0575 -2.6313 11.0185
0.1173 -2.5355 9.6705
-0.5004 -1.3264 9.2850
-0.2682 -0.5387 10.0009
-0.3663 0.2514 9.5340
-0.7111 -0.2179 8.9809
-0.6608 -0.9553 8.0879
-0.5076 -1.1301 7.8029
0.1101 -0.3017 7.2163
0.7015 0.5866 8.7918
0.9338 0.3998 9.2204
1.5850 0.0814 6.4023
1.7095 -0.3184 6.2874
1.4533 -0.8763 6.6393
1.1636 -1.3528 7.0080
0.6297 -1.2977 7.2259
0.7518 -0.4836 7.5444
0.5794 -0.2466 7.7766
0.3615 0.1197 7.5707
0.0814 0.2227 7.3408
-0.5387 0.5938 7.2762
-1.1349 0.9697 6.4574
-1.5275 1.8292 5.1357
-1.2115 2.1620 4.1277
-0.9864 2.3129 3.6273
-0.1413 2.7079 3.0000
-0.0790 3.0503 2.9785
0.1317 3.4909 2.8157
0.0934 3.6345 2.7941
0.0551 4.0296 2.9737
0.7470 5.0328 3.1940
1.2522 5.3057 3.4765
2.0854 5.7918 3.3999
2.4541 5.6816 3.5675
2.4877 6.0431 3.9075
2.4469 6.1006 4.0679
2.1572 5.8612 4.8747
3.0575 5.9091 5.6505
3.2873 6.2515 6.5052
2.9306 6.4310 6.7088
2.5619 6.4214 6.0575
1.5275 6.1102 5.4996
1.2474 4.8700 4.8987
0.9242 4.1612 2.7654
0.9002 2.8276 2.8444
1.2522 2.0160 4.2403
1.2977 0.3903 8.3393
1.4725 -0.7518 9.5532
1.7382 -1.7358 10.2906
1.6137 -1.8963 10.3648
4.0535 -0.6943 10.4989
0.1317 -4.9945 23.1191
2.2746 -5.5140 20.3753
4.5635 -4.3696 15.8740
1.3216 -0.3855 12.5268
0.3160 0.7350 9.2922
1.5347 -0.3184 7.1421
2.6600 0.2729 7.4151
1.1253 1.0152 8.9953
-0.4693 0.5459 11.5787
-1.3025 -0.2442 15.1725
-1.6066 -1.3887 18.1055
-0.3879 -1.4629 19.2883
1.6042 -0.8404 19.3122
2.9928 -1.8556 17.2675
4.0631 -1.8987 15.2467
4.5348 -1.1516 13.3624
4.0487 -0.6177 12.7782
2.8731 0.1053 11.4997
2.1908 1.1445 10.8772
1.9489 1.9322 9.9291
2.1213 1.6784 9.2467
2.0351 1.8987 9.0647
1.8077 1.7502 9.4718
1.8220 1.5563 10.1924
~M118
30.9000 -39.1200 -71.3400
30.9600 -38.8800 -71.1600
30.7800 -38.7600 -71.5200
30.6000 -38.7000 -71.3400
30.9000 -38.2800 -72.0600
31.2000 -38.2800 -72.0000
30.7200 -38.9400 -71.9400
30.8400 -39.4200 -70.6800
30.4800 -39.1800 -70.7400
30.0600 -38.9400 -71.7000
29.7000 -39.4200 -72.1800
30.0600 -39.2400 -72.0600
30.9000 -38.8800 -72.0600
31.2000 -39.1200 -71.9400
31.1400 -39.5400 -71.4600
30.5400 -39.1800 -71.7000
30.1800 -39.0600 -71.4600
29.9400 -38.4000 -72.1200
30.0000 -38.4600 -72.2400
30.6600 -38.4000 -72.5400
30.8400 -38.5200 -72.2400
30.9600 -38.8200 -71.9400
30.6000 -39.0600 -71.8200
30.3000 -38.7600 -71.9400
29.9400 -39.1800 -71.2200
29.9400 -39.6600 -70.7400
30.3000 -39.5400 -71.1600
29.9400 -39.3600 -71.7600
30.3600 -39.9000 -72.2400
31.3800 -39.3600 -72.4800
32.8800 -39.1200 -71.2800
34.2600 -39.4800 -71.2800
35.4000 -39.5400 -70.7400
38.0400 -39.1200 -71.8200
41.5200 -38.4000 -71.3400
45.1800 -38.1600 -70.3200
46.7400 -37.9200 -69.7800
49.9800 -37.8000 -68.3400
52.5600 -36.6000 -67.9800
54.1200 -34.3800 -67.1400
56.7600 -32.7000 -63.7200
57.7200 -31.3200 -61.5000
56.7600 -29.2800 -59.5800
55.7400 -25.9800 -56.9400
54.1800 -22.4400 -55.2000
52.9200 -20.9400 -54.1200
52.0800 -19.3200 -53.2800
49.6800 -16.2600 -51.9000
48.2400 -14.6400 -51.4200
44.5200 -11.8200 -49.6800
39.9600 -9.9000 -47.4600
34.6200 -9.4800 -46.7400
32.4000 -9.6000 -45.9000
28.5600 -10.4400 -44.9400
25.5000 -12.2400 -43.2600
24.0000 -12.9000 -42.1800
21.4800 -14.7000 -42.1200
19.1400 -15.9600 -42.2400
18.3000 -16.4400 -42.0600
17.2800 -17.4000 -41.0400
16.8000 -17.2800 -40.8600
15.9600 -18.7200 -39.3000
14.4000 -18.4200 -39.3600
13.8600 -16.5000 -40.6200
13.8600 -15.7800 -40.8000
13.9200 -15.0000 -41.0400
14.8200 -14.8200 -41.4000
15.6000 -14.2800 -41.7600
17.7600 -12.5400 -42.1800
18.6600 -10.6800 -42.8400
19.1400 -7.2000 -43.8600
19.0200 -5.1000 -45.0000
16.6800 -1.1400 -46.5000
15.6600 0.1800 -45.4800
15.0600 0.5400 -45.8400
13.9200 0.0600 -47.1000
13.2000 0.1800 -48.3600
13.2600 0.3600 -48.6600
14.9400 1.9800 -48.3600
17.4600 3.9600 -48.0600
17.5200 4.3800 -47.9400
17.0400 3.8400 -47.8200
16.8000 2.2200 -47.6400
16.0800 0.2400 -47.7000
16.3800 -1.0200 -47.2800
17.0400 -2.5200 -46.6800
17.5200 -3.0000 -46.2000
17.5200 -3.6600 -46.6800
18.3600 -3.5400 -46.1400
18.7200 -3.3600 -45.8400
19.6200 -3.7200 -44.9400
20.1600 -3.8400 -44.3400
21.3600 -3.7200 -44.1000
20.4600 -3.0000 -44.2800
20.0400 -2.2200 -44.4000
20.5800 -2.0400 -43.9200
20.8200 -2.0400 -42.5400
21.2400 -2.5800 -41.9400
21.3600 -3.0000 -41.7600
21.3600 -2.3400 -42.0600
21.2400 -2.6400 -41.3400
21.6600 -3.4800 -40.8000
22.0800 -3.5400 -41.4600
21.6600 -3.3000 -41.4000
21.3000 -3.3600 -42.1800
21.1200 -3.4200 -42.4200
21.2400 -3.7800 -42.3000
22.1400 -4.3800 -41.1000
22.9200 -4.0200 -41.4000
22.2000 -3.6600 -41.5800
21.3000 -3.0600 -42.2400
21.4800 -3.1200 -42.1200
20.6400 -3.4800 -41.9400
21.0600 -3.7800 -41.0400
20.9400 -4.0800 -40.7400
21.2400 -3.9600 -40.7400
21.0600 -4.0800 -41.5200
21.6600 -4.7400 -41.6400
~G118
-0.0010 -0.0030 0.0027
-0.0004 0.0007 0.0033
-0.0010 0.0007 -0.0003
0.0002 0.0013 0.0009
-0.0016 0.0019 0.0009
0.0008 -0.0005 0.0015
-0.0010 0.0007 0.0033
-0.0004 0.0001 0.0009
0.0002 0.0019 0.0039
-0.0016 0.0001 0.0015
-0.0016 -0.0017 0.0003
0.0008 0.0019 -0.0003
0.0008 -0.0011 -0.0003
-0.0004 0.0019 0.0021
0.0002 -0.0017 0.0003
-0.0078 -0.0097 -0.0077
-0.0206 -0.0262 -0.2600
-0.0646 -0.0641 -0.6143
-0.0554 -0.0708 -0.5428
-0.0041 -0.0201 -0.0468
0.0026 -0.0146 0.0754
-0.0023 -0.0396 0.2122
0.0014 -0.0885 0.6942
0.0179 -0.2901 0.6631
0.0295 -0.3414 0.5238
0.0057 -0.2015 0.4157
0.0008 -0.2156 0.3992
-0.0114 -0.1972 0.2184
-0.0652 -0.2944 0.1035
-0.1476 -0.3273 0.1750
-0.0444 -0.4177 0.2556
-0.0346 -0.4232 0.1872
-0.1654 -0.0622 0.1395
-0.2619 0.3214 0.1194
-0.3584 0.5737 0.1096
-0.3895 0.6195 0.2513
-0.3138 0.3715 0.3741
-0.2405 0.2817 0.3967
-0.0163 0.2169 0.2672
0.1718 0.0477 0.1780
0.3081 -0.1789 0.2196
0.3850 -0.6047 0.2513
0.5836 -0.8582 0.1512
0.7607 -0.5106 0.1005
0.8151 -0.0726 0.2074
0.9586 -0.2058 0.2397
1.1969 -0.4556 0.2379
1.3734 -0.6438 0.3625
1.3789 -0.6303 0.4273
1.3612 -0.4752 0.4370
1.2048 0.1607 0.4212
1.1511 0.3996 0.3674
1.2280 0.2652 0.2898
0.9702 -0.5637 0.0669
0.8511 -0.6041 -0.2123
0.7699 -0.6505 -0.3925
0.6856 -0.8600 -0.5831
0.6080 -1.0085 -0.6998
0.6495 -1.0989 -0.8378
0.6709 -1.3365 -0.9270
0.6837 -1.5026 -0.9710
0.8566 -1.2559 -0.9906
1.1150 -1.1453 -0.9551
1.4766 -1.1471 -0.8836
1.7650 -1.1172 -0.6967
1.7552 -1.0103 -0.5562
1.6691 -0.9101 -0.4939
1.2280 -0.5735 -0.3504
0.9507 -0.5167 -0.2771
0.7644 -0.4715 -0.2404
0.7039 -0.4397 -0.2337
0.4571 -0.3848 -0.1543
0.2164 -0.3670 -0.1433
0.0106 -0.4599 -0.1732
-0.2032 -0.2308 -0.1995
-0.4207 -0.0592 -0.2227
-0.6156 0.0105 -0.2569
-0.8508 0.1045 -0.2514
-1.1421 0.0514 -0.2600
-1.3633 0.3220 -0.2722
-1.4152 0.5053 -0.2783
-1.3541 0.5578 -0.2465
-1.3028 0.7264 -0.2624
-1.1708 1.1729 -0.1225
-1.1043 0.9378 -0.0211
-1.7084 0.9750 0.1298
-2.5209 1.3269 0.2465
-3.2569 1.5920 0.2831
-4.2215 1.4124 0.2880
-4.3730 1.0526 0.2269
-4.4035 0.4002 0.0724
-2.0749 -5.2381 -0.0914
-1.3834 -2.0591 0.2122
-0.3914 -1.7067 1.5433
-0.0346 -0.5674 1.2623
0.7827 0.3354 0.2019
0.9880 -0.5863 -0.1250
0.8346 -0.7586 -0.2154
0.2341 -0.0964 -0.2636
-0.6498 0.9543 -0.5251
-1.3181 1.5217 -0.6045
-1.3706 1.5346 -0.3943
-0.8055 1.0160 -0.0822
-0.4800 0.6458 0.1903
0.9574 -0.5546 0.5311
1.6947 -0.7122 0.3790
2.2140 -0.7494 0.2727
2.3148 -0.7757 0.2012
2.2256 -0.7959 0.1530
1.9470 -0.4501 0.0827
1.6862 0.1125 0.0510
1.4730 0.3709 0.0528
1.1535 0.5328 0.0229
0.6874 0.6507 -0.0626
0.2299 0.6885 -0.1188
0.0014 0.7032 -0.1408
-0.1476 0.8700 -0.2606
-0.2118 0.9347 -0.3278
