D10
~A444
-0.0527 1.5156 7.7862
0.5435 4.2522 8.4111
0.7135 4.1612 8.7295
0.7063 4.2043 8.9785
0.6417 4.2498 9.2443
0.5722 4.2474 9.3520
0.3160 4.1948 9.3568
0.0072 4.2043 9.2611
-0.0670 4.2810 9.1892
0.0886 4.3863 9.2515
0.2538 4.4174 9.2180
0.2035 4.5635 9.0025
0.2083 4.6880 8.5787
0.2394 4.6904 8.2387
0.2825 4.7191 7.7910
0.3137 4.7407 7.5132
0.3352 4.7742 7.3815
0.3544 4.7814 7.4055
0.1868 4.7383 7.4845
-0.0311 4.6593 7.4534
-0.2251 4.5611 7.3121
-0.4549 4.4318 7.1517
-0.5698 4.3815 7.2020
-0.6129 4.2594 7.6617
-0.6010 4.0224 8.2962
-0.5866 3.7734 8.8612
-0.5579 3.5172 9.2347
-0.0024 3.0814 9.6393
0.2897 3.0192 9.6465
0.5531 2.9354 9.5101
0.8404 2.8755 9.2754
1.0535 2.8492 8.9091
1.1947 2.8085 8.5260
1.2881 2.7606 8.2339
1.2283 2.7726 8.1573
1.0200 2.8923 8.1764
0.4597 3.2131 8.3153
0.0862 3.4502 8.4326
-0.2729 3.7351 8.6769
-0.3687 4.0152 8.9594
-0.3208 4.2786 9.1150
-0.2825 4.4701 9.1605
-0.2849 4.7119 9.1605
-0.4525 4.7957 9.1916
-0.6105 4.7359 9.4071
-0.9122 4.6569 9.4167
-1.2618 4.5659 9.2084
-1.3911 4.3863 8.9354
-1.7095 4.1134 8.5500
-2.2315 3.9817 8.2770
-2.4733 3.9194 8.1788
-2.9761 3.9362 8.2100
-3.3041 3.9889 8.3536
-3.6201 4.0320 8.8229
-3.5363 3.9529 9.4023
-2.7917 3.8117 10.0153
-1.6664 3.8835 10.7144
-0.1891 3.9362 11.4829
1.3384 3.8955 12.2515
2.8396 3.8835 12.7495
3.1700 4.0008 12.3640
2.9545 4.0080 11.5404
2.5834 3.6944 10.5540
1.9034 3.2538 9.4813
1.4054 2.9282 8.8732
1.2474 2.8300 8.6050
1.4030 2.6385 8.4662
1.6209 2.5571 8.4135
1.8867 2.6122 8.3033
2.2434 2.9904 8.0496
2.6122 3.3927 7.7646
2.9090 3.7806 7.4486
3.0551 4.0966 7.4007
3.0383 4.1756 7.4318
2.5667 4.4294 7.8820
2.1716 4.0367 8.2914
1.7502 3.7399 8.7942
1.5635 3.6728 9.3233
1.5994 3.6345 9.6346
1.8675 3.6585 9.9458
2.0136 3.8548 9.9482
2.0758 4.0679 9.6322
2.1022 4.1565 9.4310
2.0806 4.3145 8.7152
1.6520 4.2163 7.8939
1.1349 4.1924 7.1134
0.5818 4.2020 6.3329
0.0168 4.2091 5.9210
-0.6560 4.3312 5.8947
-1.0655 4.3887 6.1509
-1.2139 4.2714 6.7614
-1.1923 4.2355 7.0655
-1.2259 4.4294 7.8724
-1.1947 4.6497 8.2914
-1.2522 4.8843 8.4278
-1.4868 5.0328 8.2579
-1.5060 5.0376 8.2291
-1.7047 5.5212 8.1788
-1.6951 5.7750 8.5428
-1.4701 5.8899 9.2347
-1.1588 5.8396 10.0679
-0.9649 5.8636 11.1166
-1.2259 6.0240 11.7774
-1.8412 6.6034 11.8517
-1.6592 6.7064 10.9825
-1.1876 6.4238 10.1805
-0.7925 6.3089 9.4478
-0.6704 6.7423 8.6026
-0.5842 6.8620 8.3991
-0.4669 6.6513 8.2555
-0.7829 6.3903 8.5954
-0.9218 6.0527 9.1749
-0.8260 5.9641 9.4095
-0.4022 5.8205 9.6441
0.1245 5.7080 9.6417
0.4118 5.6696 9.3951
0.5339 5.6337 9.1389
0.6034 5.6170 8.7894
0.7063 5.5930 8.2746
0.7997 5.5547 7.8508
0.8164 5.5571 7.7814
0.8404 5.2339 7.7239
0.8260 5.0807 7.7694
0.9409 5.0902 7.8460
1.0726 5.1070 7.9538
1.1469 5.1285 7.9322
1.0415 5.1621 7.7886
0.9338 5.1884 7.5779
0.6081 5.1381 7.2331
0.2921 5.1094 7.1062
0.0359 5.0447 7.0751
-0.2083 4.9298 7.2068
-0.2131 4.8340 7.3863
-0.0694 4.6210 7.6713
-0.1724 4.4917 7.8604
-0.3041 4.3983 7.9586
-0.4094 4.3097 7.9801
-1.4102 4.0008 7.6928
-1.8532 3.8859 7.4462
-2.3057 3.9841 7.1038
-2.5547 4.1397 6.8237
-2.4948 4.1684 6.9051
-2.3560 4.1948 7.2331
-1.9034 4.3935 8.5045
-1.4916 4.4917 9.5651
-1.2307 4.5994 10.4247
-1.3360 4.9992 10.7144
-1.4940 5.3105 10.1421
-1.7670 5.3847 9.0432
-1.5012 5.2339 7.7167
-1.1923 5.3584 7.1373
-1.0535 5.5787 7.0272
0.2251 6.5029 8.5260
1.1732 6.4981 10.1996
1.6880 6.2562 11.6003
1.6018 6.1437 12.2084
1.4653 5.8157 12.4622
1.4629 5.3464 12.3161
1.4126 5.0807 12.0456
1.3121 4.9178 11.8588
1.2498 4.8436 11.6841
1.2211 4.7478 11.3513
1.1469 4.7335 11.0831
0.9386 4.6664 10.2882
0.8619 4.5635 9.5963
0.7350 4.4893 8.8014
0.2490 4.6162 7.5922
-0.0215 4.8388 6.9027
0.0407 4.9657 6.1222
0.3807 4.8173 6.2251
0.4070 4.6449 7.1373
0.1077 4.4557 8.3728
0.0862 4.0487 9.4837
0.4142 3.5220 10.3959
0.4812 3.3616 10.3912
0.4429 3.3352 9.6896
0.4382 3.3280 9.4143
0.6201 3.3089 8.0879
0.4860 3.2802 7.8005
0.1963 3.2323 7.6808
-0.3304 3.1245 7.7670
-0.7614 3.0910 7.8580
-1.0367 3.1173 7.7670
-1.0224 3.2131 7.6114
-0.7398 3.3352 7.4773
-0.1891 3.4789 7.5827
0.0623 3.4430 8.0663
0.0742 3.4262 8.4877
-0.2706 3.4813 8.5835
-0.8380 3.6537 8.2124
-1.4437 3.7446 7.7167
-1.9513 4.1445 7.4414
-2.9617 5.2004 7.3744
-3.6920 6.6106 7.3792
-3.1988 6.6226 7.4199
-2.3608 6.4334 7.6976
-2.0351 7.0416 8.2986
-1.8196 7.9729 9.0360
-1.5347 8.2507 9.5627
-1.4437 8.2052 9.6920
-1.3623 8.0591 9.3880
-1.1109 7.9107 8.7343
-0.8572 7.8197 7.9610
-0.6704 7.7551 7.2977
-0.4645 7.6784 6.6082
-0.4382 7.6737 6.1030
-0.4477 7.6066 6.0072
-0.2658 7.4031 6.2658
-0.0575 7.2403 6.6154
0.1437 7.0056 7.1732
0.4429 6.5866 8.0903
0.5172 6.1964 8.6409
0.5962 5.9378 8.9115
0.5196 5.6984 8.9235
0.4094 5.5188 8.7152
0.4142 5.4206 8.5140
0.5004 5.2075 7.7886
0.5291 5.0615 7.1637
0.5627 5.0016 6.7279
0.6752 4.9466 6.4645
0.7638 4.8700 6.4598
0.8739 4.8939 6.7519
0.8164 4.9131 7.3432
0.6201 4.8676 8.0376
0.5459 4.8101 8.4135
0.3304 4.6569 8.6385
0.1221 4.5539 8.6409
-0.0958 4.6066 8.4422
-0.1077 4.6521 8.2555
-0.0503 4.6497 8.1669
-0.0407 4.6808 8.1190
-0.1939 4.7478 8.2315
-0.2945 4.7167 8.4326
-0.5531 4.6281 8.6146
-1.0511 4.6617 8.7319
-1.3097 4.7048 8.9163
-1.3480 4.4964 9.1868
-1.4030 4.2427 9.2204
-1.5563 4.1349 9.0839
-1.9968 4.0894 8.7607
-2.4541 4.1708 8.3369
-2.4924 4.1876 8.2890
-3.1437 4.5395 7.7862
-3.0575 4.5707 7.9753
-2.4493 4.5180 8.7032
-1.7502 4.6736 9.5579
-0.8787 4.7909 10.6713
-0.3567 4.7455 11.3393
0.2011 4.7478 12.2228
0.1748 4.7933 12.3257
-0.2035 5.0591 11.6888
-0.6010 5.4973 10.4342
-0.6584 5.6457 9.9243
-0.2729 5.6337 9.3832
0.2322 5.5164 9.3185
0.2825 5.5140 9.3209
1.0391 5.4206 9.2156
1.3312 5.2459 9.1701
1.4797 5.1118 9.0575
1.2761 4.9370 8.7032
1.0798 4.8843 8.5954
0.6345 4.6569 8.3249
0.3807 4.4390 8.3153
0.1844 4.0487 8.4374
0.1413 3.7734 8.7391
0.1915 3.5866 9.2563
0.2299 3.5268 9.4430
0.5435 3.2634 10.1637
0.6656 3.0695 10.4342
0.8404 2.8133 10.7120
0.9409 2.7271 10.7599
1.0870 2.5786 10.3624
1.1373 2.6505 9.3520
0.5962 2.8683 7.2403
0.1149 3.0671 6.0120
-0.2825 3.2993 4.7143
-0.5531 3.5914 3.9338
-0.7087 3.8237 3.5747
-0.8188 3.9841 3.4885
-1.0032 4.0415 3.6872
-1.4916 4.1828 4.4941
-1.8244 4.3288 5.3201
-1.8963 4.4438 6.1222
-1.8604 4.4941 6.4214
-2.1668 4.9585 7.9993
-2.7438 5.3297 8.2986
-3.3137 5.7534 8.0879
-3.6489 6.1485 7.4653
-3.8356 6.5483 7.0703
-3.8691 6.8357 7.0128
-3.5411 7.6952 7.5635
-3.3759 8.2602 7.9298
-2.8899 8.3656 8.3369
-1.7909 8.0041 9.1796
-0.7470 7.8077 10.2834
0.0263 7.8197 11.5021
0.0886 7.8173 11.6170
1.0463 6.9961 12.6777
1.1756 6.6130 12.6202
0.9745 6.2993 12.1533
0.9218 6.1748 11.8708
1.0822 5.8708 11.0663
1.4845 5.5787 10.0416
1.5802 5.4039 9.5508
1.7981 5.2363 8.9354
1.9034 5.2075 8.6122
1.9968 5.1716 7.7479
1.9705 5.1956 7.5731
1.8149 5.2554 6.7878
1.6975 5.2794 6.5196
1.6425 5.2530 6.5052
1.5802 5.2147 6.7423
1.5347 5.1214 7.1206
1.5108 5.1070 7.1565
1.2738 4.9753 7.9035
1.2761 4.9538 8.0304
1.1325 5.0208 8.0424
0.8859 5.1118 7.9442
0.7350 5.1405 7.8341
0.7039 5.0998 7.5899
0.7734 5.0088 7.2475
0.6345 4.9657 7.1182
0.4501 4.8412 7.1852
0.2466 4.6018 7.4677
0.0263 4.2714 7.8724
-0.7087 3.8979 8.3033
-1.1205 3.7877 8.3201
-1.4030 3.6177 7.9825
-1.5635 3.5914 7.4079
-1.5730 3.6393 7.2906
-1.6928 4.1828 6.7255
-1.4892 4.3935 6.7590
-0.7686 4.4342 7.1541
0.3304 4.2881 8.1046
0.9050 4.5994 9.0097
1.1852 5.2243 9.6441
1.3647 5.5260 10.1685
1.5587 5.5068 10.2762
1.7358 5.3464 10.2643
2.2219 5.2602 10.2499
2.1979 5.1884 10.2451
1.9418 5.0399 10.1158
1.1277 4.8173 9.7926
1.0822 4.6808 9.8692
1.3599 4.4988 10.1206
1.7933 4.4557 10.4342
2.3033 4.5587 10.6114
2.6002 4.5276 10.6856
2.7367 4.4749 10.6426
2.6816 4.4031 10.3217
2.6385 4.3983 10.1350
2.2267 4.2834 9.1174
1.9394 4.1636 8.5093
1.6616 3.9003 8.0687
1.5132 3.7614 7.8101
1.4030 3.6177 7.4893
1.4054 3.5483 7.4414
1.4342 3.5220 7.4055
1.1469 3.4262 6.5483
0.7566 3.4765 6.1030
-0.1293 3.5794 5.4542
-0.5986 3.7566 5.3991
-1.0128 3.8883 5.4996
-1.2977 4.0104 5.7918
-1.6305 4.2403 6.3688
-1.7382 4.6449 6.7303
-1.4845 5.1788 6.8069
-1.0726 5.4757 6.8907
-0.8739 5.5140 7.0104
-0.4908 5.8444 7.8245
-0.1891 6.0575 8.6314
-0.0503 6.1006 9.2467
-0.0910 6.0431 9.6346
0.2610 6.1198 10.1852
0.6967 6.0934 10.5803
1.0008 5.9689 10.6785
1.7239 5.7223 10.5947
1.6808 5.9881 10.2906
1.5635 5.9402 10.0847
1.5587 5.7582 10.0679
1.5443 5.4518 10.1781
1.5587 5.2387 10.1948
1.5563 5.2363 10.1829
1.5706 5.5882 9.1557
1.5970 5.8516 8.4853
1.5994 5.9929 8.2435
1.6832 6.0647 8.1621
1.6592 6.1437 8.3297
1.6329 6.1389 8.3919
1.0104 6.2610 8.7918
0.7087 6.0934 8.8516
0.5315 5.8779 8.7247
0.4836 5.6864 8.4638
0.8332 5.6433 7.4917
1.1588 5.7223 6.5675
1.4366 6.0096 6.0455
1.6616 6.3496 5.9306
1.7287 6.4095 6.0982
1.6161 6.1605 6.5747
1.2594 5.8899 6.8596
0.6776 5.3416 6.8692
0.0814 5.1190 6.8692
-0.2801 5.1788 7.1876
-0.2107 5.1094 7.5061
0.3951 4.8077 9.3760
0.8212 4.7670 9.8740
1.3528 4.7359 10.9562
1.3647 4.8388 11.3560
1.0224 5.1716 11.6051
0.9314 5.1645 11.2627
1.0726 5.3656 10.0320
1.7311 5.5164 9.7495
2.3105 5.5212 9.7303
2.6936 5.4829 9.9171
3.0886 5.2674 10.1781
3.1604 5.1094 10.2092
3.0719 4.9202 10.1038
2.7079 4.7239 9.5915
2.3153 4.6257 8.9115
1.6688 4.5132 7.3337
1.5036 4.5515 6.6848
1.3671 4.6018 6.0024
1.3599 4.6545 5.9163
1.4366 4.9274 5.6433
1.3887 4.9490 5.7175
1.3480 5.0519 6.2634
1.2929 4.9178 6.6800
1.1469 4.8005 6.8955
1.0200 4.7239 6.9386
0.5220 4.7790 6.9123
0.3208 4.8819 6.8213
0.1844 4.9609 6.7375
-0.1413 5.0064 6.7542
-0.7207 5.1908 6.8500
-0.8691 5.2961 6.9626
-0.9074 5.3368 6.9817
-1.1229 5.7678 7.1948
-1.0774 5.8947 7.3720
-0.6345 5.9665 7.7527
-0.1173 6.0216 8.0328
0.6776 6.1964 8.5595
0.7422 6.4143 8.7343
0.2706 6.6633 8.7319
0.2059 6.7112 8.7247
~M444
12.1800 -0.4800 -38.4000
12.4200 -0.7200 -38.3400
12.1800 -0.6000 -38.5800
12.2400 -0.6600 -38.3400
12.6600 -0.1200 -38.0400
12.7800 -0.3000 -37.7400
12.0000 -0.3000 -38.0400
12.1800 -0.3600 -38.7000
11.6400 0.2400 -39.1800
11.3400 1.0200 -38.5800
12.1200 1.5000 -38.2200
12.0600 2.2800 -38.8200
11.5200 2.2200 -39.1800
11.5200 1.8000 -39.4200
11.2800 2.0400 -39.1200
10.8000 1.7400 -38.4600
11.1000 1.4400 -38.7000
10.8000 1.5600 -39.3000
10.7400 1.9800 -39.9600
10.9800 2.4600 -39.6600
10.9800 2.7000 -39.4200
11.2800 2.9400 -38.5800
11.1000 3.0600 -39.0000
10.9200 3.1200 -39.6000
10.5600 2.7600 -40.3800
9.7800 2.8800 -41.1000
9.4800 3.2400 -40.5600
10.1400 2.3400 -39.4200
10.3800 1.6800 -39.8400
10.2600 1.8000 -40.0800
10.0200 1.9200 -40.2000
9.9600 2.1600 -40.1400
9.6000 1.4400 -40.2000
9.4800 1.2000 -40.0200
9.5400 1.3800 -39.6600
9.3000 1.7400 -40.0800
8.6400 2.0400 -40.7400
8.4600 2.2800 -41.2200
8.4600 1.9800 -41.1600
9.0600 1.5000 -39.8400
9.3000 1.5000 -39.6000
8.9400 2.4000 -40.0800
7.9200 2.2200 -41.1000
7.7400 2.0400 -41.2800
8.2800 2.5800 -41.2800
7.7400 2.5800 -41.4600
7.0200 1.8000 -41.1600
7.3800 1.1400 -41.4000
7.2000 1.1400 -41.3400
6.5400 0.7800 -40.9200
6.6000 0.3600 -41.1000
6.3600 -0.1800 -41.5200
7.1400 -0.7800 -41.1600
7.9800 -1.2000 -40.5600
7.9800 -1.6800 -40.9800
7.6200 -1.8000 -41.2200
7.5600 -2.0400 -41.8200
7.6800 -1.6800 -42.1800
7.9800 -1.8000 -41.7000
7.4400 -2.5800 -41.5200
7.0800 -2.4600 -41.8200
6.6600 -2.0400 -42.1200
6.1800 -1.9200 -42.4200
6.0600 -2.2200 -42.3000
6.2400 -1.9200 -41.6400
5.3400 -2.3400 -41.8800
4.0800 -3.2400 -42.4200
4.0200 -3.4200 -42.4200
3.9600 -3.9000 -42.1800
3.3000 -3.9000 -41.8800
2.2800 -3.9600 -41.8200
1.6800 -3.9000 -42.6600
1.0200 -3.6000 -43.2000
0.3600 -3.3600 -43.3200
0.1800 -3.1200 -42.9000
0.1800 -2.8800 -42.8400
-0.3000 -3.4200 -42.4200
-0.9600 -4.0200 -42.1800
-1.9800 -2.4600 -42.6600
-1.9200 -2.2800 -42.6000
-1.8000 -1.5600 -42.8400
-1.5000 -1.6200 -42.7800
-1.6800 -1.7400 -43.0200
-1.2000 -2.1000 -42.5400
-1.2600 -2.2200 -42.4200
-1.8600 -1.3200 -42.4200
-2.4600 -1.3200 -42.9600
-2.6400 -1.7400 -43.3200
-2.8200 -1.3200 -43.3200
-2.1000 -1.8000 -42.6600
-2.5800 -1.2600 -42.3600
-2.2800 -1.0800 -42.7200
-2.5200 -0.4200 -43.4400
-2.1600 -1.5600 -43.5600
-2.1600 -1.9800 -43.0200
-2.4000 -2.3400 -43.1400
-2.2200 -2.2200 -43.3200
-2.2800 -2.2200 -42.9600
-2.6400 -2.5200 -42.8400
-3.0600 -2.4000 -42.9600
-3.4200 -2.8800 -43.2600
-3.0000 -3.6600 -42.2400
-2.7600 -4.0800 -41.6400
-2.1000 -4.5000 -41.4000
-1.8000 -4.1400 -41.7600
-2.0400 -4.2000 -42.3600
-3.3000 -4.1400 -42.9600
-3.3000 -4.0200 -43.0200
-2.8800 -4.2000 -43.7400
-2.1000 -4.6200 -42.8400
-1.4400 -4.8000 -42.5400
-1.7400 -4.4400 -42.5400
-2.2200 -4.2000 -43.3200
-2.2200 -3.8400 -43.5600
-1.8600 -3.9600 -43.2600
-1.6200 -4.2000 -43.0200
-0.8400 -4.2000 -42.6600
-0.8400 -4.1400 -42.6000
-0.9600 -4.2600 -42.9600
-1.5000 -3.9000 -43.3200
-1.3800 -2.7600 -43.3800
-1.8000 -2.2800 -43.9200
-1.3800 -2.2200 -43.5000
-0.6600 -2.5800 -43.5000
0.4800 -2.1000 -42.9000
-0.2400 -1.1400 -44.0400
-0.5400 -1.0800 -44.1000
-0.9600 -0.5400 -43.9200
-1.0200 -0.3600 -43.9800
-0.3600 -1.0200 -43.5000
0.3600 -1.5000 -43.7400
-0.3000 -1.4400 -44.1600
-0.4800 -1.1400 -44.2800
-1.6200 -1.5000 -43.9800
-3.0000 -2.6400 -43.3800
-3.7200 -2.8800 -43.8600
-4.0200 -3.4200 -44.0400
-3.9000 -4.3200 -43.7400
-4.2600 -5.1600 -43.6200
-4.5600 -5.7600 -43.4400
-4.6800 -6.0600 -42.9000
-4.8600 -6.6600 -42.8400
-6.0600 -7.1400 -43.1400
-7.2000 -7.8600 -43.1400
-7.0200 -8.2800 -43.6800
-6.5400 -8.6400 -43.6800
-6.1800 -8.4000 -42.3000
-5.8800 -8.4000 -42.9600
-6.1200 -8.2800 -43.8000
-6.5400 -7.8000 -43.6200
-6.5400 -7.2600 -43.5000
-6.3000 -6.5400 -43.8600
-6.3000 -6.5400 -43.7400
-6.5400 -6.3000 -43.5600
-6.5400 -5.7600 -43.9800
-6.3000 -5.9400 -43.9200
-5.8200 -5.3400 -44.1600
-6.1200 -4.8600 -43.9800
-5.4600 -4.4400 -43.3800
-6.0000 -3.9600 -43.2000
-6.4200 -2.4000 -43.6800
-6.1200 -2.2200 -43.6800
-5.2800 -2.5800 -42.9000
-5.0400 -2.5200 -42.7200
-4.8600 -2.2800 -43.3200
-5.2200 -2.7600 -43.5000
-5.2800 -3.3000 -44.4600
-4.9200 -3.5400 -44.0400
-5.4000 -2.9400 -44.2800
-5.6400 -3.1800 -44.4600
-5.9400 -3.1800 -43.8600
-5.5800 -3.9000 -42.7200
-5.8800 -3.8400 -42.9000
-6.3600 -3.6000 -44.2800
-6.3600 -3.4800 -44.7600
-6.1200 -3.6600 -43.9200
-6.4200 -4.0200 -43.9200
-6.6600 -4.6800 -44.1000
-6.9000 -5.1000 -43.9800
-7.4400 -5.1000 -44.2800
-7.3200 -4.9800 -44.2800
-7.1400 -5.4000 -44.2200
-7.3200 -5.7600 -44.2200
-7.0800 -6.0600 -43.8000
-6.6600 -6.0000 -43.5600
-7.8000 -6.0000 -44.1600
-8.4600 -5.8200 -44.4000
-8.3400 -6.1800 -44.2800
-7.5000 -6.3000 -43.6200
-7.8000 -6.3600 -43.2600
-6.9000 -6.2400 -43.8600
-6.7800 -6.4800 -44.7600
-6.6000 -6.3600 -44.7000
-7.2000 -6.0600 -44.1600
-7.1400 -6.3600 -44.3400
-6.1200 -6.4800 -44.0400
-5.5800 -6.1200 -44.5200
-5.1600 -5.7600 -44.8800
-5.5200 -5.4000 -45.0000
-5.6400 -5.1000 -44.5800
-5.6400 -5.7000 -43.9200
-5.8200 -6.0000 -43.8000
-6.7200 -6.6000 -43.8000
-7.6800 -6.4200 -44.2200
-8.5200 -7.8000 -43.9800
-8.8200 -9.1200 -43.6200
-9.4200 -9.6600 -43.4400
-10.0800 -10.1400 -43.3800
-10.6800 -11.0400 -42.2400
-10.8000 -11.4000 -41.9400
-11.1600 -11.5800 -42.4200
-11.4600 -11.5800 -42.4200
-11.2800 -11.6400 -42.2400
-10.8000 -11.1600 -41.8200
-10.8600 -11.0400 -42.3000
-11.5200 -10.8600 -42.3000
-11.7000 -10.8600 -42.6600
-11.4600 -10.5000 -42.7200
-11.1600 -10.1400 -42.9600
-11.1600 -9.6000 -43.1400
-10.3800 -9.1200 -42.8400
-9.1800 -8.0400 -42.1800
-9.7200 -7.9200 -41.7000
-10.8600 -7.6200 -41.9400
-11.4600 -7.5600 -42.4200
-11.6400 -6.6600 -42.7200
-12.2400 -6.0000 -42.9000
-12.6600 -6.3600 -43.3200
-12.3600 -6.3600 -43.4400
-12.1200 -6.4800 -43.2000
-11.8800 -6.9600 -41.8800
-11.4000 -7.3200 -40.8000
-11.6400 -7.5000 -41.4000
-11.8200 -7.5000 -40.9200
-12.3600 -7.5000 -39.4800
-12.9600 -8.4600 -39.8400
-12.6000 -9.1800 -39.9600
-12.2400 -9.0000 -39.6600
-12.1800 -8.5800 -39.9000
-11.9400 -8.7600 -40.3800
-11.8800 -8.9400 -40.2000
-11.9400 -9.1800 -40.3200
-12.5400 -9.1800 -41.0400
-12.4200 -9.1800 -42.5400
-12.4200 -9.2400 -42.4200
-12.3000 -8.5200 -42.3600
-11.9400 -8.2800 -42.8400
-11.2200 -8.0400 -42.4800
-10.9800 -8.2800 -42.6600
-11.3400 -7.6800 -42.9000
-11.2200 -7.5600 -43.6800
-10.5000 -7.8000 -43.6800
-10.4400 -7.4400 -42.9000
-10.6200 -6.5400 -43.5600
-10.5000 -6.3000 -43.8000
-10.6200 -6.1800 -44.1000
-11.1600 -5.7000 -43.4400
-12.1200 -5.4600 -42.9600
-11.6400 -6.0000 -43.2000
-11.4600 -6.0600 -43.4400
-11.5800 -6.0600 -42.9000
-12.2400 -6.0600 -42.9000
-13.0200 -7.1400 -43.0800
-13.0800 -7.8600 -42.9600
-12.9000 -8.0400 -42.2400
-12.4200 -8.3400 -42.1200
-12.7200 -8.6400 -42.1800
-13.1400 -9.0000 -42.4200
-13.6200 -8.5200 -42.8400
-13.2000 -9.0600 -42.3000
-12.8400 -9.4200 -42.0000
-12.5400 -9.4200 -41.7600
-14.1000 -9.4800 -42.3600
-14.7000 -9.3000 -42.7800
-14.5800 -9.2400 -42.4200
-13.8000 -9.5400 -41.9400
-13.3200 -8.8800 -41.7000
-13.2600 -8.3400 -42.0000
-13.5600 -8.3400 -42.7200
-13.8000 -7.2600 -43.6800
-13.6800 -7.3200 -43.5000
-13.2600 -7.2000 -43.2600
-13.6200 -6.9600 -43.1400
-14.2800 -7.0200 -43.2600
-14.5800 -6.7800 -42.9000
-15.6000 -7.2600 -43.2600
-15.7800 -7.8000 -43.1400
-16.0800 -7.8000 -42.3600
-16.2600 -8.1000 -42.3600
-16.3200 -8.4600 -42.2400
-16.1400 -9.3000 -42.3600
-15.9600 -10.0200 -42.1200
-16.1400 -10.0800 -42.1800
-15.0000 -10.1400 -42.1200
-14.1600 -10.0800 -41.7000
-13.3800 -10.7400 -41.4000
-14.4600 -10.6200 -42.6600
-14.2800 -10.8000 -42.9000
-13.7400 -10.6200 -42.0000
-13.0200 -10.8000 -41.3400
-12.1800 -10.5600 -41.4600
-12.4200 -10.7400 -42.1800
-13.4400 -10.2000 -42.7200
-13.9200 -9.9000 -43.2000
-13.7400 -10.2000 -43.8600
-13.2000 -9.7800 -43.8600
-12.9600 -9.9000 -42.5400
-12.4200 -9.6000 -42.7800
-12.6600 -9.4800 -42.9600
-12.1800 -9.3600 -44.2200
-12.1200 -10.2600 -43.8000
-11.5200 -10.5000 -43.8000
-11.3400 -10.5000 -43.6200
-12.2400 -10.8600 -43.5000
-12.7200 -11.6400 -42.9600
-12.8400 -12.1800 -42.9600
-12.9000 -12.0000 -43.8000
-12.7200 -11.8200 -43.3800
-13.0800 -12.3600 -43.4400
-13.2000 -12.6600 -43.0800
-13.3800 -12.6600 -42.9000
-13.1400 -12.1200 -42.0000
-13.5000 -12.3000 -42.0600
-13.7400 -13.3200 -42.6600
-13.5000 -13.3800 -42.4200
-12.9600 -12.9600 -42.1800
-12.6000 -13.0800 -41.5200
-12.3600 -12.9600 -41.6400
-12.5400 -13.2000 -41.7000
-12.9000 -13.3200 -43.0200
-12.6000 -12.7800 -43.5600
-12.0600 -11.8200 -43.8000
-11.7600 -12.0000 -43.6800
-11.3400 -11.6400 -43.0200
-11.4600 -10.7400 -43.2000
-11.5800 -10.2000 -44.2200
-11.6400 -10.0800 -44.3400
-11.0400 -10.0200 -44.4000
-9.4800 -9.6600 -42.6000
-9.4800 -9.7800 -43.2000
-9.6600 -9.5400 -43.3800
-10.3200 -9.0000 -44.8200
-9.9000 -9.1800 -44.9400
-9.7800 -9.1800 -44.3400
-9.4200 -9.3600 -44.3400
-9.9000 -9.7800 -43.6800
-9.4200 -10.2600 -43.3200
-9.4800 -10.3200 -44.1600
-9.8400 -10.0800 -44.4000
-9.5400 -9.5400 -45.0000
-9.1800 -9.6600 -44.5200
-9.2400 -9.3000 -44.2800
-9.8400 -8.8800 -45.5400
-9.7200 -9.1200 -45.6000
-8.9400 -8.8200 -45.7200
-8.5200 -8.7600 -45.1200
-8.2800 -9.3000 -44.2200
-7.8600 -10.0200 -44.0400
-8.5200 -9.9000 -44.1000
-9.0000 -8.4000 -45.1200
-9.3000 -7.9200 -45.3000
-10.0800 -7.4400 -45.0600
-9.7800 -7.1400 -44.6400
-9.4800 -6.6600 -44.4000
-9.2400 -5.8200 -45.0000
-9.4200 -5.2800 -45.7800
-8.5200 -4.5600 -45.4800
-8.2800 -3.9000 -45.6600
-7.5600 -3.6000 -45.4200
-7.2000 -2.8200 -45.3000
-7.5600 -3.0600 -45.0000
-7.9200 -2.8800 -44.8200
-8.1000 -3.4800 -45.0600
-7.2600 -3.0600 -45.1800
-6.5400 -3.9600 -44.9400
-6.1800 -5.4000 -45.1800
-5.7600 -5.7000 -44.8200
-6.4200 -5.7000 -45.1800
-6.0000 -6.3000 -44.7600
-6.5400 -6.6600 -44.5200
-6.1800 -6.8400 -44.0400
-6.2400 -7.4400 -43.6800
-5.7600 -7.1400 -43.5600
-6.6600 -7.7400 -45.2400
-7.6200 -7.8600 -44.8200
-7.6200 -8.1600 -44.6400
-7.6800 -8.4000 -44.2800
-7.2600 -8.4600 -43.8600
-6.8400 -7.8000 -43.9200
-7.0200 -7.1400 -44.2200
-7.0800 -7.6200 -44.7600
-7.4400 -7.8600 -44.8200
-7.8000 -7.7400 -44.8200
-8.0400 -7.5600 -44.5800
-8.1600 -6.7200 -44.6400
-6.7200 -6.0000 -43.9800
-6.4800 -5.7600 -43.4400
-6.6000 -5.5200 -42.4200
-6.9000 -4.6200 -42.8400
-6.9000 -4.2600 -43.6200
-7.2000 -4.2000 -44.3400
-7.9800 -4.5000 -44.9400
-8.3400 -4.3200 -45.0000
-7.8600 -3.6000 -44.3400
-7.4400 -3.2400 -44.3400
-6.8400 -3.4800 -44.7600
-7.1400 -3.4200 -45.1200
-7.3200 -3.4200 -45.3600
-7.5600 -3.0000 -45.0600
-7.3200 -3.1800 -45.0600
-6.7200 -3.4200 -44.4000
-6.3600 -2.8200 -43.6800
-5.9400 -2.4000 -44.5200
-5.5800 -3.0000 -45.2400
-5.3400 -3.1200 -45.2400
-5.6400 -3.5400 -44.4000
-5.9400 -3.9000 -44.7600
-6.0000 -3.9000 -44.8200
-5.9400 -4.1400 -44.8200
-6.3600 -4.3200 -44.6400
-7.6800 -4.2600 -44.2200
-9.2400 -3.9600 -43.0200
-11.4600 -3.1200 -43.3200
-11.9400 -3.4200 -43.1400
-12.4200 -3.0600 -43.3800
-12.1800 -2.8800 -43.7400
-12.6600 -2.5200 -43.9200
-12.1200 -2.7000 -43.1400
-12.0600 -2.8200 -41.6400
-13.1400 -3.0000 -42.6000
-14.0400 -3.1800 -42.9600
-13.4400 -2.6400 -42.3600
-12.9600 -2.7000 -41.9400
-13.9800 -2.6400 -42.0000
-14.6400 -1.8600 -42.7200
-14.1600 -2.3400 -43.3200
-13.9800 -2.0400 -43.5000
-13.3200 -1.9200 -43.0200
-12.7200 -2.0400 -42.1200
-12.9000 -2.0400 -42.7200
-12.7200 -1.5600 -42.8400
-12.6600 -1.5600 -43.0200
-12.6000 -1.5000 -42.5400
-12.4800 -1.2600 -43.0200
~G444
-0.6110 -0.2010 0.4554
-0.6923 -0.1814 0.4347
-0.7228 -0.1668 0.3852
-0.7124 -0.1753 0.3479
-0.6532 -0.1533 0.2930
-0.5890 -0.1209 0.2319
-0.5231 -0.0977 0.2123
-0.4687 -0.1173 0.2484
-0.4119 -0.1625 0.2942
-0.3587 -0.2022 0.2997
-0.2720 -0.2248 0.2911
-0.1455 -0.1888 0.2923
-0.0637 -0.1631 0.2795
-0.0307 -0.1698 0.2557
-0.0264 -0.1588 0.2044
-0.0667 -0.1472 0.1635
-0.1193 -0.1460 0.1286
-0.1620 -0.1093 0.0633
-0.1639 -0.0556 -0.0003
-0.1535 0.0293 -0.0534
-0.1553 0.0941 -0.0717
-0.1724 0.1173 -0.0772
-0.2048 0.0513 -0.0626
-0.2243 -0.0812 -0.0644
-0.1962 -0.1729 -0.0821
-0.1126 -0.2071 -0.0748
-0.0209 -0.1820 -0.0485
0.2014 -0.0446 0.0089
0.3413 -0.0079 -0.0009
0.4439 -0.0507 -0.0558
0.5166 -0.1185 -0.1499
0.5331 -0.1710 -0.2464
0.4977 -0.1839 -0.3191
0.4189 -0.2010 -0.3943
0.2778 -0.1955 -0.4993
0.1868 -0.1686 -0.5513
0.0713 -0.1490 -0.5873
0.0206 -0.1906 -0.5934
-0.0118 -0.2718 -0.5965
-0.0191 -0.3464 -0.5995
-0.0283 -0.3751 -0.6148
-0.0600 -0.4087 -0.6374
-0.0973 -0.3861 -0.6771
-0.1217 -0.3702 -0.7095
-0.1119 -0.3482 -0.7302
-0.0393 -0.2260 -0.7364
0.0457 -0.1075 -0.6942
0.0890 -0.0397 -0.6759
0.1220 0.0128 -0.6508
0.1691 0.0965 -0.5464
0.2020 0.1185 -0.4468
0.2228 0.0800 -0.3393
0.2185 0.0440 -0.2318
0.2185 0.0171 -0.0571
0.2631 0.0031 0.1628
0.2967 -0.0605 0.3168
0.3199 -0.2908 0.5342
0.3328 -0.4752 0.6228
0.4146 -0.5015 0.5556
0.5478 -0.3708 0.3730
0.7622 -0.0916 0.0346
0.8190 0.0727 -0.2073
0.7708 0.1668 -0.3607
0.6443 0.1900 -0.4016
0.4604 0.1985 -0.3527
0.3560 0.1967 -0.2733
0.3120 0.1399 -0.2116
0.3016 0.0556 -0.1621
0.2937 -0.0446 -0.1182
0.2778 -0.0751 -0.1267
0.2375 -0.0959 -0.1896
0.1171 -0.1307 -0.3717
0.0591 -0.1503 -0.4700
-0.0710 -0.2278 -0.8542
-0.0667 -0.3384 -0.9410
-0.0460 -0.4734 -0.9392
0.0047 -0.5712 -0.9104
0.0683 -0.6445 -0.8927
0.2198 -0.7593 -0.8927
0.3480 -0.7501 -0.9147
0.4519 -0.6891 -0.9557
0.5698 -0.6420 -1.0601
0.6675 -0.5919 -1.1768
0.7549 -0.5815 -1.3203
0.7365 -0.6194 -1.3973
0.6015 -0.7318 -1.4798
0.4488 -0.7966 -1.5244
0.2772 -0.8589 -1.5250
0.0261 -0.9511 -1.4523
-0.1089 -1.0146 -1.3924
-0.1950 -1.0195 -1.3264
-0.1969 -0.9963 -1.3014
-0.1614 -0.9077 -1.2623
-0.0985 -0.7385 -1.2586
-0.0765 -0.5980 -1.2244
-0.1443 -0.5693 -1.1004
-0.2164 -0.6542 -1.0198
-0.3270 -0.8131 -0.9404
-0.4406 -0.9200 -0.8817
-0.5334 -0.9090 -0.8335
-0.5499 -0.7281 -0.8011
-0.4320 -0.2456 -0.6832
-0.2970 0.1258 -0.5280
-0.1761 0.3848 -0.3546
-0.1400 0.4062 -0.2678
-0.1370 0.3012 -0.2208
-0.1492 0.1381 -0.2385
-0.2323 -0.2559 -0.3772
-0.3086 -0.4190 -0.4010
-0.3227 -0.4154 -0.2984
-0.2854 -0.3274 -0.1475
-0.2176 -0.2040 -0.0100
-0.1309 -0.1008 0.0504
-0.0313 -0.0030 0.0730
0.0499 0.0391 0.0773
0.0866 0.0525 0.0798
0.1367 0.0593 0.0767
0.1489 0.0318 0.0682
0.1513 0.0183 0.0645
0.2222 -0.1142 0.0620
0.2735 -0.1979 0.0834
0.3193 -0.2468 0.0944
0.4116 -0.2737 0.0804
0.4745 -0.2492 0.0394
0.5362 -0.1888 -0.0552
0.5331 -0.0764 -0.1627
0.4824 0.0031 -0.2538
0.3651 0.0409 -0.3460
0.2191 0.0336 -0.4199
0.1636 -0.0232 -0.4474
0.0933 -0.1130 -0.5171
0.0487 -0.1393 -0.5794
0.0224 -0.0800 -0.6191
0.0145 -0.0354 -0.6331
0.0353 0.0758 -0.6417
0.0548 0.1307 -0.5910
0.0316 0.1906 -0.4847
-0.0557 0.2132 -0.4028
-0.3068 0.1936 -0.2751
-0.5005 0.0990 -0.1353
-0.5328 0.0428 -0.0687
-0.4394 0.0049 -0.0314
-0.2207 0.1161 -0.0039
0.1043 0.3348 0.0370
0.3651 0.4685 0.0413
0.5215 0.4655 0.0675
0.5307 0.3684 0.0871
0.2686 -0.0330 0.0999
0.2320 -0.0702 0.0981
-0.5316 -0.5314 0.0456
-0.8633 -0.4594 -0.0809
-1.0295 -0.1148 -0.2709
-0.9989 0.2211 -0.3802
-0.9030 0.4386 -0.4242
-0.8309 0.4783 -0.4389
-0.7815 0.4643 -0.4230
-0.7161 0.3830 -0.3668
-0.4950 0.2120 -0.2544
-0.3074 0.1307 -0.2061
-0.0637 0.0489 -0.1621
0.1141 0.0507 -0.1255
0.2442 0.1155 -0.0998
0.3248 0.2114 -0.0803
0.3621 0.2560 -0.0412
0.3083 0.1558 -0.0277
0.2143 -0.0079 -0.1017
0.0890 -0.3867 -0.3106
0.0420 -0.7691 -0.5207
0.1483 -1.1386 -0.6979
0.2442 -1.2773 -0.7321
0.5179 -1.3115 -0.7675
0.8221 -1.0843 -0.7425
0.9968 -0.8069 -0.6740
1.0072 -0.5382 -0.6356
0.9412 -0.4636 -0.6991
0.8477 -0.4728 -0.7773
0.7677 -0.5626 -0.8066
0.7561 -0.6463 -0.7968
0.7665 -0.7141 -0.7461
0.7304 -0.7336 -0.6771
0.6425 -0.7306 -0.6307
0.4824 -0.6994 -0.6252
0.3248 -0.6274 -0.6692
0.2491 -0.4630 -0.7357
0.2222 -0.2871 -0.8188
0.2027 -0.0935 -0.8610
0.1086 -0.0018 -0.8518
-0.0472 -0.0110 -0.7993
-0.1773 0.0122 -0.7284
-0.3068 0.1210 -0.5274
-0.3978 0.0525 -0.3943
-0.5548 -0.1454 -0.3149
-0.6923 -0.2859 -0.2171
-0.7362 -0.2358 -0.1047
-0.6355 -0.2022 -0.0876
-0.4870 -0.2193 -0.0748
-0.3416 -0.1894 -0.0021
-0.2250 -0.0556 0.0969
-0.1969 0.0305 0.1360
-0.2182 0.1222 0.1482
-0.3905 0.1845 0.1195
-0.4797 0.2132 0.1085
-0.6367 0.2230 0.0908
-0.8890 0.1142 0.0620
-0.9439 0.0477 0.0492
-1.0264 -0.1961 -0.0308
-0.9873 -0.2364 -0.0522
-0.8615 -0.2107 -0.0693
-0.7369 -0.1264 -0.0711
-0.4253 0.1136 -0.0406
-0.1877 0.1967 0.0309
0.0909 0.2126 0.1073
0.2967 0.1985 0.1726
0.3902 0.1546 0.2221
0.3981 0.0800 0.2215
0.3523 -0.0501 0.1854
0.2204 -0.2480 0.0602
0.1617 -0.2773 -0.0375
0.1678 -0.2566 -0.0925
0.2161 -0.1875 -0.1475
0.2558 -0.1503 -0.1902
0.2735 -0.1142 -0.2061
0.2674 -0.0947 -0.2098
0.1672 -0.0556 -0.2470
0.1208 -0.0574 -0.2794
-0.0344 -0.1209 -0.3943
-0.0887 -0.2144 -0.4755
-0.0942 -0.2926 -0.5641
-0.0619 -0.3402 -0.6123
-0.0246 -0.3616 -0.6056
0.1153 -0.3738 -0.5836
0.2100 -0.3512 -0.5678
0.2876 -0.2657 -0.5403
0.3364 -0.0831 -0.4737
0.3548 0.1167 -0.3766
0.3572 0.1478 -0.3527
0.2136 0.0812 -0.0546
0.1067 -0.1106 0.0999
0.0597 -0.2199 0.1671
-0.0252 -0.5345 0.2789
-0.0423 -0.6426 0.2746
0.0365 -0.6347 0.1702
0.1355 -0.4765 0.0926
0.3071 -0.0831 0.0364
0.3816 0.3213 0.0651
0.3279 0.5412 0.1054
0.2320 0.5699 0.1347
0.1654 0.5113 0.1329
0.1208 0.3910 0.0871
0.0273 0.1081 -0.1212
-0.0619 0.1326 -0.1945
-0.1498 0.2572 -0.2703
-0.1993 0.3769 -0.3423
-0.2586 0.4557 -0.4285
-0.2610 0.4588 -0.4352
-0.3154 0.3867 -0.4725
-0.3050 0.2407 -0.4584
-0.2836 -0.0379 -0.4431
-0.2408 -0.3525 -0.4218
-0.2072 -0.4551 -0.3949
-0.0423 -0.6610 -0.3271
0.1110 -0.7801 -0.3057
0.3077 -0.9224 -0.2849
0.4635 -0.9774 -0.2825
0.7897 -1.0153 -0.2562
1.0188 -0.9670 -0.2373
1.2680 -0.8515 -0.3252
1.2900 -0.7960 -0.3735
1.1868 -0.8088 -0.4309
0.9717 -0.8283 -0.5061
0.7323 -0.8412 -0.5873
0.3761 -0.8283 -0.7162
0.0689 -0.7941 -0.8408
-0.3300 -0.7043 -0.9954
-0.5683 -0.6267 -1.0650
-0.7020 -0.5962 -1.1023
-0.7332 -0.5846 -1.1108
-0.7356 -0.5278 -1.1652
-0.6220 -0.4270 -1.1572
-0.4241 -0.2541 -1.0735
-0.3148 -0.1002 -0.9404
-0.3404 0.0257 -0.7779
-0.4308 0.0892 -0.6368
-0.4736 0.1118 -0.5696
-0.6684 0.3482 -0.2293
-0.7027 0.4924 0.0077
-0.7894 0.2382 0.2080
-0.8615 -0.1252 0.2838
-0.8505 -0.4746 0.2545
-0.8444 -0.4966 0.2502
-0.7534 -0.6341 0.1971
-0.5023 -0.6347 0.1781
-0.4125 -0.4300 0.2606
-0.3172 -0.1741 0.4273
-0.2079 0.0532 0.6393
-0.1669 0.0812 0.6961
-0.0582 0.0031 0.7652
0.0267 -0.0684 0.7951
0.1165 -0.0629 0.8134
0.2271 0.0513 0.8085
0.2515 0.0867 0.8043
0.3480 0.1717 0.7633
0.3658 0.0898 0.7413
0.3627 -0.0202 0.7200
0.3572 -0.2224 0.6564
0.3590 -0.4282 0.5654
0.3829 -0.5174 0.4744
0.3780 -0.4392 0.4280
0.3450 -0.3262 0.3614
0.2931 -0.1655 0.2905
0.2607 -0.0214 0.2594
0.2356 0.0788 0.2300
0.2075 0.0849 0.1512
0.1605 0.0244 0.0431
0.0890 -0.0819 -0.0626
0.0231 -0.1521 -0.1499
-0.0069 -0.1600 -0.2275
0.0053 -0.1264 -0.2690
0.0866 0.0422 -0.2794
0.2063 0.2859 -0.2171
0.2900 0.4985 -0.1139
0.3419 0.6439 0.0236
0.3364 0.6958 0.1335
0.2784 0.6536 0.3198
0.1996 0.5113 0.4127
0.1074 0.3464 0.4536
-0.0179 0.1698 0.4573
-0.1810 0.2529 0.4652
-0.1694 0.4087 0.4390
-0.1199 0.4624 0.3889
-0.1156 0.3195 0.3278
-0.1602 0.1539 0.2459
-0.2775 0.0666 0.0175
-0.3618 0.1882 -0.0888
-0.4772 0.3714 -0.1114
-0.5035 0.3659 -0.0839
-0.5341 0.1399 0.0297
-0.4992 -0.0861 0.0908
-0.4467 -0.2547 0.1213
-0.3881 -0.3708 0.1244
-0.2818 -0.4270 0.0633
-0.1785 -0.3586 -0.0100
-0.0906 -0.2816 -0.0693
-0.0667 -0.2614 -0.0821
0.0903 -0.1851 -0.1823
0.1813 -0.2193 -0.2452
0.2613 -0.3781 -0.2953
0.3083 -0.5211 -0.3161
0.3755 -0.6469 -0.3686
0.3829 -0.6530 -0.3741
0.5606 -0.3427 -0.5836
0.5686 -0.1552 -0.6429
0.5258 -0.0458 -0.6484
0.4922 -0.0440 -0.6411
0.4055 -0.1301 -0.6209
0.3596 -0.2462 -0.5830
0.3352 -0.3121 -0.5250
0.3297 -0.2914 -0.4358
0.3034 -0.1393 -0.2666
0.2698 -0.0244 -0.1957
0.1324 0.1032 -0.0980
0.0114 0.0287 -0.0204
-0.0112 -0.1570 0.0089
0.0341 -0.4911 -0.0467
0.0689 -0.6933 -0.1163
0.0683 -0.8265 -0.1548
-0.1706 -0.7630 -0.0968
-0.3600 -0.3946 -0.0125
-0.4540 -0.1118 0.0547
-0.5634 0.4239 0.1555
-0.5603 0.4728 0.1073
-0.5163 0.3268 0.0730
-0.4632 0.1393 0.0523
-0.3801 -0.0819 0.0504
-0.3141 -0.1338 0.0804
-0.2512 -0.1381 0.1146
0.0005 0.0067 0.2581
0.0371 -0.0171 0.2856
0.0353 -0.0586 0.2954
-0.0246 -0.2181 0.3095
-0.0674 -0.3054 0.2985
-0.0851 -0.3818 0.2746
-0.0826 -0.4154 0.2636
0.0530 -0.5162 0.2087
0.3322 -0.5803 0.2288
0.6070 -0.6151 0.2868
0.8361 -0.5247 0.3388
1.0004 -0.3787 0.3614
1.0102 -0.2969 0.3534
0.8477 -0.1759 0.2930
0.6498 0.0299 0.1628
0.5325 0.2828 0.0156
0.5081 0.5064 -0.0711
0.5282 0.8210 -0.1560
0.4995 0.8259 -0.1829
0.3865 0.5944 -0.2018
0.2081 0.2101 -0.1982
0.1874 0.1704 -0.1982
-0.1920 -0.3073 -0.0846
-0.3031 -0.1796 -0.0632
-0.3141 0.0018 -0.0522
-0.2054 0.4478 -0.0100
-0.0606 0.6054 0.0449
0.1403 0.2853 0.1806
0.1055 0.0922 0.1989
-0.0142 -0.0324 0.1518
-0.1260 -0.0544 0.1097
-0.1645 -0.0428 0.0914
-0.3007 0.1381 -0.0198
-0.3044 0.1845 -0.0485
-0.2042 0.2926 -0.1206
-0.0906 0.3482 -0.1346
0.0731 0.4038 -0.1371
0.3639 0.3519 -0.0937
0.4629 0.2370 -0.0607
0.5429 0.0525 -0.0284
0.5423 0.0367 -0.0284
0.4439 -0.2572 -0.0620
0.4262 -0.2798 -0.0711
0.3413 -0.4624 -0.1383
0.3144 -0.4930 -0.1976
0.2998 -0.4551 -0.2501
0.2686 -0.4019 -0.2880
0.2454 -0.2584 -0.3216
0.2393 -0.1271 -0.3216
0.2179 -0.0776 -0.3344
0.2063 -0.0654 -0.3820
0.1990 -0.0776 -0.3961
0.1581 -0.0947 -0.3851
0.1281 -0.0544 -0.3637
0.0805 -0.0269 -0.3368
0.0114 -0.0018 -0.2843
-0.0472 -0.0440 -0.2061
-0.0814 -0.0709 -0.1689
-0.1113 -0.0654 -0.1762
-0.1046 0.0196 -0.2477
-0.1083 0.1045 -0.2941
-0.1107 0.1179 -0.3002
-0.1743 0.1594 -0.2819
-0.4534 0.2266 -0.1096
-0.4736 0.2334 -0.0949
-0.7460 0.3848 0.0315
-0.8151 0.3311 -0.0241
-0.8328 0.2828 -0.1035
