D10
~A397
1.1349 2.3655 9.4861
-0.6943 6.0072 6.4789
-1.1445 7.1278 6.8500
-1.8340 7.2714 7.6593
-1.9705 7.0440 7.7958
-1.6137 6.7590 7.9921
-0.8164 6.3209 7.8317
-0.1772 6.3209 7.5204
0.6800 6.5627 7.1134
1.2043 6.2036 8.7702
1.4940 6.1748 9.3880
1.5635 6.1820 9.8117
1.4797 5.9689 9.8069
1.3360 5.6361 9.6250
1.0319 5.2746 9.0264
0.5603 5.0184 8.3584
0.2155 4.7455 7.7455
0.0838 4.5467 7.2930
0.0958 4.4318 6.8045
0.3472 4.5036 6.6992
0.7781 4.6617 6.8404
0.8164 4.6760 6.8692
1.4390 4.7862 7.3672
1.7430 4.8795 7.6952
1.8939 5.0064 8.1621
2.0447 5.0232 8.4566
2.0974 5.0016 8.6721
2.1213 4.9250 8.8325
2.0639 4.8508 8.8780
1.8173 4.7383 8.7152
1.5323 4.6449 8.5595
1.1636 4.5515 8.3249
0.5148 4.5300 7.7718
-0.0215 4.5994 7.2092
-0.4741 4.6688 6.5579
-0.8141 4.7455 6.0743
-1.2283 4.9561 5.6385
-1.4342 5.0615 5.4518
-1.4485 5.1740 5.4901
-1.1971 5.1668 5.9546
-0.9386 5.1381 6.6657
-0.7997 5.2363 7.3432
-0.6848 5.2674 8.0783
-0.4908 5.2961 8.4302
-0.3663 5.2866 8.6745
-0.3807 5.2028 8.7199
-0.4358 5.1357 8.7056
-0.5650 4.9825 8.7295
-0.7135 4.8364 8.9330
-0.6081 4.9370 9.1868
-0.4190 4.9681 9.2515
-0.3831 5.0184 9.0551
-0.6345 5.2028 8.5715
-0.7781 5.5308 7.9658
-0.7398 5.9713 7.4893
-0.5100 6.2371 7.1709
-0.2682 6.2323 7.1038
-0.1628 6.4095 7.3001
-0.2179 6.8428 7.4630
-0.2825 6.9314 7.2427
-0.1939 6.8788 7.0128
0.0766 6.9506 7.0080
0.5411 7.2235 7.3480
1.0942 7.5132 7.8125
1.4222 7.3624 8.5811
0.7015 7.2451 8.7559
0.4812 7.4007 8.6601
0.6680 7.4653 8.6194
1.2115 7.4989 8.8014
1.8125 7.3648 9.2204
2.0902 7.1206 9.3329
2.1668 6.9865 9.1150
2.1285 6.9434 8.4925
2.0519 6.8668 7.8077
1.6161 6.6824 7.0775
0.7638 6.3927 7.1158
0.5722 6.3017 8.0304
1.0726 6.1605 8.7128
1.6568 6.1341 8.9618
1.8795 6.1988 8.8516
1.9729 6.2299 8.5380
1.9561 6.2515 8.1429
1.7526 6.2227 7.3193
1.3312 6.1030 6.6968
0.4166 6.0024 6.1868
-0.2299 5.8684 6.2658
-0.6417 5.6050 6.6226
-0.9050 5.3656 7.0392
-1.1636 5.0567 7.5515
-1.4629 4.8604 8.0424
-1.7670 4.7814 8.5188
-1.9513 4.8436 8.8899
-1.9370 5.1094 9.0432
-1.8149 5.3895 9.0599
-1.4653 5.4925 9.0288
-1.0128 5.5475 8.9809
0.2777 5.8588 8.8540
1.1588 6.1030 8.7008
1.8029 6.3065 8.3584
1.9226 6.4358 7.8628
1.6616 6.4023 7.4246
1.4030 6.3233 7.3025
1.3695 6.1653 7.4606
1.3959 6.0623 7.6521
1.0367 5.7941 8.3105
0.7614 5.7175 8.1621
0.6704 5.7463 7.8580
0.5818 5.8947 7.3504
0.6249 5.9905 7.1732
0.6393 5.9977 7.1756
1.0655 5.9809 7.2116
1.2618 5.9258 7.4725
1.3456 5.8923 7.6521
1.3959 5.8109 7.8125
1.2809 5.7415 7.8365
1.1421 5.6553 7.8365
0.9960 5.4853 7.9107
0.7255 5.3728 8.0136
0.5794 5.3775 8.1166
0.6321 5.3967 8.2243
0.7734 5.3225 8.2794
0.7829 5.2913 8.2986
0.7183 4.8795 7.8029
0.4908 4.6066 7.2211
0.3256 4.3312 6.5699
0.2275 4.1038 6.0288
0.1077 3.9913 5.5308
-0.1484 3.9218 5.2890
-0.4908 3.8572 5.3153
-0.7901 3.8452 5.5188
-1.1564 4.1900 5.8899
-1.1445 4.8077 6.4406
-0.2466 5.9210 8.2411
-0.2059 6.3544 8.7846
-0.2466 6.8596 8.8349
-0.5100 7.3959 8.3584
-0.8667 7.8556 7.7862
-0.8356 8.1597 7.5491
-0.4741 8.0663 7.8867
0.0048 7.7598 8.7367
0.2514 7.4677 9.8500
0.1700 7.4055 10.3504
-0.0910 7.3001 10.6402
-0.2059 7.0751 10.5588
-0.1365 6.9195 10.4199
-0.0886 6.8309 10.2786
-0.0862 6.8668 10.2571
0.0503 6.8668 10.1493
0.2921 6.7135 9.9482
0.4190 6.5890 9.6801
0.2801 6.5005 9.1389
-0.0886 6.5172 8.5069
-0.3927 6.5340 8.0663
-0.4956 6.4813 8.1214
-0.4310 6.4861 8.3345
-0.4860 6.5843 8.1310
-0.7159 6.7088 7.7239
-0.9433 6.8716 7.2451
-0.9146 6.8668 6.8524
-0.4932 6.7758 6.6896
0.1580 6.7782 6.7830
0.8883 6.7375 7.2044
1.4294 6.4167 7.5803
1.7191 5.9617 7.6737
1.6425 5.7319 7.5970
1.0966 5.3416 6.7590
0.5196 5.0854 5.9761
0.2969 5.0471 5.7558
0.3567 4.8628 5.8971
0.6919 4.4893 6.2874
1.2259 4.3217 6.6130
1.3983 4.3791 6.5938
1.4821 4.9585 6.1940
1.1349 5.4613 5.9186
0.9960 5.7271 5.8181
0.9960 5.7774 5.9761
1.4940 5.6816 6.4286
1.6999 5.7510 7.0248
1.3695 6.5962 7.8221
1.0822 7.0871 8.2866
1.4940 6.5364 8.5093
2.0016 5.9258 9.4287
2.0327 6.0910 10.3648
2.0040 6.1150 10.6569
1.9585 5.8827 11.0520
1.2714 5.6074 10.1924
0.6465 5.8540 9.3592
0.5459 6.0455 8.7750
0.8619 5.9306 8.3704
1.0631 5.7199 8.4231
1.3288 5.6361 8.7487
1.8173 5.6433 9.1198
2.2770 5.5404 9.2060
2.6912 5.4613 9.1796
2.8420 5.3392 8.8421
2.2578 5.2674 8.5571
1.3647 5.1645 8.4302
0.8093 4.9490 8.5188
0.5076 4.5970 8.8445
0.2921 4.2953 9.4263
0.3256 4.1684 9.7567
0.7159 4.0152 9.7567
0.8236 4.0751 9.5172
0.6800 4.1612 9.1437
0.6536 4.2355 8.5093
0.5890 4.2020 8.1549
0.3687 4.1134 7.7455
0.1820 4.0727 7.5491
-0.0383 4.1469 7.1182
-0.0192 4.2666 6.8500
0.0575 4.4222 6.8931
0.3184 4.5156 7.3337
0.5483 4.5108 7.8820
0.4525 4.5539 8.3536
0.0934 4.7455 8.6146
0.0192 4.7814 8.6361
-0.4310 4.9178 8.4853
-0.6728 5.2530 8.3393
-1.2139 6.2874 7.8532
-1.2977 6.7088 6.9602
-0.5914 6.1700 6.1940
0.3759 5.6337 5.6577
0.5962 5.8492 5.8157
0.1125 6.5005 6.9242
-0.3376 6.3999 7.6641
-0.9673 5.8803 8.2986
-2.5547 5.6026 8.6122
-2.6481 6.0240 8.4302
-2.1860 6.3305 8.1932
-1.4725 6.4741 8.0903
-0.9314 6.4645 8.1884
-0.5842 6.4238 8.3369
-0.1293 6.4717 8.2938
0.1053 6.5076 8.3273
0.2370 6.5507 8.3871
0.3160 6.5483 8.5931
0.3663 6.5388 8.7918
0.3567 6.1653 9.5340
0.2969 5.9522 9.8093
-0.2155 5.6912 9.6968
-0.4836 5.6265 9.5627
-1.3743 5.4230 8.7176
-1.5204 5.4661 8.1597
-1.5275 5.6146 7.6401
-1.5180 5.6744 7.1613
-1.5156 5.7223 6.5220
-1.5515 5.7822 6.1677
-1.4390 5.7534 6.0192
-1.2235 5.5380 6.2993
-1.0056 5.1525 7.0224
-0.9122 4.8771 7.5707
-0.8212 4.3265 8.1357
-0.8572 4.1493 8.0687
-1.1469 4.1493 7.3193
-1.2043 4.2091 6.5459
-1.2881 4.3097 5.9905
-1.4677 4.5587 5.7319
-1.6856 4.8580 5.6888
-1.7095 4.8939 5.7056
-1.6449 5.4326 6.6776
-0.9793 5.4996 7.5707
0.0694 5.6098 8.6649
0.7781 5.9067 9.6944
1.0367 5.9617 10.8940
0.9218 5.8636 11.5667
0.7231 5.4661 11.6362
0.7710 5.0567 10.9610
0.8667 4.8484 10.3816
0.9266 4.6760 10.0296
0.9960 4.5084 9.9793
1.0559 4.4342 10.1924
1.1325 4.0535 11.1525
1.0990 3.8596 11.5931
0.9793 3.6944 11.9738
0.9457 3.6608 12.2611
1.0104 3.6489 12.4239
1.5132 3.4238 12.5580
2.3296 3.2371 12.0240
2.9593 3.1557 11.1382
3.2371 3.0024 10.1996
3.1916 2.7486 9.0743
2.9186 2.5882 8.1788
2.7798 2.5427 7.4534
2.7821 2.4015 6.9793
2.7247 2.2027 6.2730
2.1836 1.9322 5.1788
1.6520 1.9154 4.4342
1.0319 1.9753 4.1086
0.3472 2.2770 4.1517
-0.0335 2.4924 4.4198
-0.2753 2.4924 4.8484
-0.6058 2.6313 5.4374
-1.1253 3.2035 6.4526
-1.3839 3.3664 6.7950
-2.1860 4.0248 7.3911
-2.4781 4.7455 7.4869
-2.0280 5.4374 7.3696
-1.6066 5.9019 7.3815
-1.6712 6.3089 7.6832
-2.1333 7.2451 8.2531
-2.5188 7.9155 8.9211
-1.1493 7.5875 9.7208
1.8867 7.6138 11.6290
2.2913 7.8293 12.4311
2.0974 7.5061 12.8549
1.7526 6.7973 13.0727
1.2833 6.3616 13.0656
0.7734 6.1006 12.6130
0.6249 5.8995 11.9905
0.8164 5.6265 11.4422
0.9098 5.4039 11.0831
0.8907 5.1860 10.5372
0.8428 5.1573 9.8429
0.7255 5.3249 8.8325
0.6273 5.5547 7.8173
0.5243 5.7103 7.0392
0.4932 6.1461 5.4877
0.7183 6.4358 4.8723
0.8715 6.7830 4.6784
0.9026 6.8620 5.3153
0.6536 6.6154 6.1796
-0.1915 6.0096 7.6066
-0.3352 5.7989 8.1812
-0.4286 5.1285 8.9211
-0.1245 4.6856 8.6457
0.1724 4.5324 8.2267
1.1325 4.4438 8.1764
1.8867 4.2858 8.6912
2.2770 4.0822 8.9019
2.2698 3.7135 8.7846
1.5539 3.5148 8.3895
0.5507 3.6465 7.9658
-0.0048 3.8237 7.8053
-1.1469 4.4294 7.6329
-0.9314 4.2522 7.5587
0.0623 3.7901 7.6353
0.9936 3.9075 7.9490
2.1261 4.8197 9.1677
3.1389 5.2794 10.3624
4.7742 4.5898 12.6513
4.1397 3.9960 12.6777
3.4094 3.9003 12.3138
1.7478 4.0367 10.8437
0.7614 4.0511 9.4382
0.3232 4.1636 9.0456
0.2179 4.1445 9.0408
0.5938 3.9194 9.1964
1.1301 3.5196 9.5723
1.9609 3.3592 9.2634
2.2243 3.2706 8.6721
2.1955 3.1221 7.7215
1.9657 3.0982 7.1014
1.4102 3.0144 6.5603
0.8811 2.9066 6.4262
0.4669 2.8779 6.6226
0.3160 2.9689 6.9434
0.4022 3.0407 7.1780
0.9936 3.4980 7.3600
1.3240 3.8572 7.4390
1.5323 4.1277 7.3792
1.2259 4.6664 6.6106
1.0535 4.7670 6.3712
0.9553 4.9657 5.8229
0.3017 5.6625 5.2028
-0.6584 6.3065 5.4853
-0.9386 6.4645 5.9258
-0.6800 6.4981 7.3552
0.2873 6.5651 8.6026
1.9226 6.8141 10.4079
2.7989 6.9530 11.1837
4.0822 7.2977 12.4742
4.9083 7.1517 14.0999
4.8125 6.6992 14.7487
4.3288 6.0431 15.2396
2.3919 5.0064 15.1893
0.8117 4.6066 14.0376
0.0479 4.3193 12.6346
-0.1293 4.3480 10.4223
-0.1245 4.4294 10.2451
0.7566 5.2195 7.8676
1.6257 5.4087 6.9171
2.8372 5.5475 6.0527
3.7351 5.4685 5.3057
3.7351 5.4494 5.2219
2.5667 5.0567 4.5659
1.7789 4.7024 4.2427
1.0966 4.2881 3.9122
0.1700 3.9386 3.7279
-1.2067 4.1996 4.0200
-1.6640 4.3217 4.4222
-1.7502 4.4581 5.5906
-1.2474 4.3815 6.7662
-0.7231 4.4174 7.4965
0.2083 4.9250 8.4398
0.7015 5.1046 8.7942
1.0535 5.0759 9.2682
1.2235 4.8676 10.1086
~M397
14.1600 -10.8000 -35.3400
14.1600 -10.5600 -35.8800
13.5000 -10.7400 -36.5400
13.7400 -10.5600 -36.8400
13.3800 -10.9800 -36.9600
12.6000 -10.6800 -37.4400
12.9600 -10.6800 -36.8400
13.7400 -10.3200 -35.8800
13.7400 -9.9600 -36.1200
13.1400 -10.1400 -36.7800
12.7200 -9.6600 -37.2000
12.5400 -9.8400 -37.2600
12.4200 -9.6000 -37.6800
12.0000 -9.1200 -38.2800
11.6400 -8.4600 -38.1000
11.2200 -7.4400 -38.2800
11.1600 -7.3800 -38.2200
10.7400 -7.8600 -39.3600
10.6200 -7.6800 -39.1200
11.2800 -6.5400 -39.3600
11.3400 -5.9400 -39.1800
10.4400 -6.3000 -39.4800
10.0200 -6.6000 -40.0200
9.3000 -6.7800 -39.9000
9.1200 -7.7400 -39.6000
8.6400 -7.5600 -39.7800
8.2800 -7.3800 -40.3200
7.3200 -7.5000 -39.9000
6.9600 -8.0400 -39.9000
6.1800 -8.0400 -39.9600
6.3000 -8.8200 -39.6000
6.3600 -9.9000 -39.0600
5.8200 -10.1400 -39.3600
4.8600 -9.9000 -39.8400
4.6800 -10.2600 -39.9600
4.4400 -10.1400 -39.7200
3.7800 -9.3000 -39.9000
3.6000 -9.0000 -40.0800
3.6000 -8.7000 -39.7800
3.0600 -8.3400 -40.2000
2.5200 -7.9800 -40.9800
2.2800 -7.9800 -41.3400
2.1000 -7.8600 -41.8800
1.7400 -7.9200 -41.5200
1.2600 -7.9800 -41.2200
1.6200 -8.5200 -41.1000
1.9200 -8.8200 -41.2800
2.1600 -8.8200 -40.9800
2.5800 -8.2800 -41.3400
3.3000 -7.8600 -40.9800
3.3600 -7.8000 -40.0800
3.3600 -7.6200 -40.1400
3.5400 -7.2000 -39.6000
3.3000 -7.2600 -40.3800
3.6600 -7.2000 -40.8600
3.3600 -6.1800 -41.1000
2.1600 -5.3400 -42.1200
1.8000 -5.3400 -42.3600
1.4400 -4.9200 -42.7800
1.4400 -4.9800 -42.6600
1.7400 -5.1000 -42.5400
2.2200 -5.1600 -42.3600
2.5200 -4.9800 -41.7600
1.6200 -4.3800 -42.8400
1.2600 -4.2000 -42.8400
1.0800 -4.3800 -42.9000
1.2600 -5.2200 -42.3000
0.7200 -6.6600 -40.8600
-0.7800 -7.0800 -40.8000
-1.7400 -7.0200 -42.4200
-2.2800 -6.7200 -42.1200
-2.4600 -6.7200 -42.2400
-2.5800 -7.1400 -42.0600
-2.1000 -7.5600 -41.5200
-2.2800 -7.8000 -40.9200
-2.8200 -7.5000 -40.8600
-3.4800 -8.2200 -41.6400
-3.8400 -8.3400 -41.7600
-3.6600 -9.3000 -42.0600
-3.5400 -10.2000 -41.4600
-3.2400 -10.5600 -40.7400
-3.2400 -10.2600 -40.7400
-3.7200 -9.9000 -41.5800
-3.5400 -9.7800 -42.1200
-2.7600 -9.0600 -42.4200
-2.8200 -8.8800 -42.1200
-2.8800 -8.4600 -42.0000
-2.5200 -7.8000 -42.1800
-2.8200 -7.9200 -42.0000
-2.8800 -7.7400 -42.0000
-3.1200 -7.7400 -41.7600
-2.7600 -7.6800 -41.5800
-3.0000 -7.3200 -42.1200
-3.5400 -7.1400 -42.4800
-4.5000 -8.0400 -42.3600
-4.6800 -8.5200 -42.3000
-5.2200 -9.6000 -41.2800
-6.5400 -9.7200 -40.8000
-7.3800 -9.5400 -41.1000
-7.0200 -9.4800 -42.3600
-6.6600 -9.7200 -42.6600
-7.4400 -9.4800 -41.9400
-7.9200 -9.0000 -41.5800
-8.4600 -8.6400 -42.0000
-8.3400 -8.5200 -42.0600
-7.7400 -7.9200 -42.6600
-7.1400 -7.3800 -43.5600
-7.0200 -7.3200 -43.2600
-7.2000 -6.8400 -42.6600
-6.4200 -5.8800 -41.8200
-5.7000 -4.7400 -42.0600
-4.6800 -3.7800 -42.4200
-4.9800 -3.1800 -42.9000
-5.7600 -2.7000 -42.9600
-5.5800 -2.9400 -43.1400
-5.9400 -2.2800 -43.8600
-5.6400 -2.5800 -44.1600
-5.7600 -2.7000 -43.6200
-5.4600 -3.3000 -43.9200
-5.4000 -3.9600 -43.8600
-5.7000 -4.6800 -43.5000
-6.7800 -4.9800 -43.2000
-6.7800 -4.9800 -43.2000
-7.0800 -5.8200 -42.9600
-7.3800 -6.9600 -42.8400
-6.9000 -7.2600 -42.0000
-6.7200 -7.5600 -41.6400
-6.5400 -7.7400 -42.1200
-7.0200 -8.1600 -42.9000
-6.9000 -9.0000 -42.2400
-6.8400 -8.9400 -42.3600
-6.5400 -8.8800 -42.0000
-6.2400 -9.0000 -42.1800
-6.8400 -9.0600 -43.0200
-6.6600 -8.6400 -42.9000
-6.7200 -8.5200 -43.2600
-7.0800 -8.4000 -43.3800
-6.1800 -7.7400 -43.2600
-5.5800 -6.3600 -43.8000
-5.8800 -6.3600 -44.3400
-5.7600 -6.6000 -44.1600
-6.4800 -6.9600 -43.8000
-6.6000 -6.7800 -43.5000
-7.2000 -6.6000 -43.6800
-7.0200 -6.1200 -43.5600
-7.5600 -5.7000 -43.7400
-7.5000 -6.0600 -43.8000
-7.4400 -6.5400 -44.2200
-7.8600 -6.4200 -44.2200
-7.6800 -6.6000 -43.4400
-8.0400 -6.6000 -42.6600
-8.8200 -6.9000 -43.1400
-9.4200 -6.7200 -43.3800
-9.1200 -7.1400 -43.0800
-9.4800 -6.5400 -43.3800
-9.4800 -6.7200 -43.0200
-9.8400 -7.7400 -42.4800
-9.9000 -9.1800 -41.8200
-10.9800 -10.1400 -42.0000
-11.7000 -10.6200 -41.8200
-12.1800 -10.5600 -41.6400
-12.3000 -10.8600 -41.4600
-11.9400 -11.8200 -40.8000
-11.7600 -12.0000 -41.8800
-12.0000 -12.4200 -42.3600
-11.2200 -12.9600 -41.3400
-10.8600 -12.5400 -41.6400
-10.3200 -12.3600 -41.1600
-9.1200 -11.7000 -40.7400
-8.7600 -10.5000 -40.9200
-10.0200 -9.9000 -42.3600
-9.8400 -9.1200 -43.2000
-9.6600 -8.5200 -43.3800
-9.4200 -8.6400 -43.0800
-9.7800 -7.8600 -43.0200
-9.9600 -7.5000 -42.9000
-10.2600 -6.7800 -42.9600
-10.0200 -6.9000 -42.7800
-10.0800 -6.7800 -42.4800
-10.2000 -5.8800 -43.2600
-9.6600 -5.7600 -43.3800
-9.7800 -5.7000 -43.3800
-9.7800 -5.2800 -43.4400
-9.9000 -6.1800 -43.8600
-9.9000 -6.3600 -44.0400
-9.4800 -6.6000 -43.3200
-9.5400 -6.9600 -43.8000
-9.9600 -6.4200 -44.2200
-9.7800 -6.6000 -43.2600
-9.9000 -8.2200 -42.9000
-9.7800 -8.4000 -42.9000
-9.4800 -8.7000 -43.0800
-9.3600 -8.4600 -43.0200
-9.6600 -8.2200 -43.0800
-10.3200 -7.7400 -43.9200
-10.5000 -7.3800 -43.8600
-10.8600 -8.0400 -43.7400
-11.1600 -7.6800 -43.3800
-10.6200 -7.9200 -43.2600
-10.0800 -7.3200 -43.4400
-10.1400 -6.4200 -43.7400
-9.9000 -5.8800 -44.1000
-10.0800 -5.8800 -44.2800
-10.2000 -5.3400 -44.7000
-8.9400 -5.3400 -43.3200
-8.8800 -5.4000 -42.9000
-9.8400 -5.0400 -43.1400
-9.7800 -5.1000 -43.8000
-10.7400 -5.6400 -44.2200
-12.0600 -6.7200 -43.1400
-12.8400 -8.4600 -41.8800
-14.0400 -9.1800 -42.4800
-14.2800 -8.7600 -42.6600
-13.6800 -9.0000 -42.0600
-13.8000 -9.0600 -41.8200
-14.0400 -9.7800 -42.1200
-14.5200 -10.3200 -42.4200
-14.4000 -10.5600 -41.8800
-14.5200 -10.3200 -41.6400
-14.5200 -10.0200 -41.2800
-14.8800 -10.6200 -41.1600
-15.3000 -10.7400 -40.5000
-15.1800 -10.6800 -40.6200
-15.1200 -10.0800 -40.7400
-15.7800 -9.4800 -41.3400
-16.3800 -9.3600 -41.4000
-17.1000 -8.7600 -41.3400
-16.8600 -8.5200 -40.5000
-16.0800 -8.5800 -39.6600
-16.3200 -7.8000 -40.0800
-16.7400 -7.8000 -41.4000
-16.4400 -7.5000 -41.7000
-17.3400 -7.3800 -41.7600
-17.3400 -7.0800 -41.3400
-17.2800 -7.7400 -40.6800
-17.1000 -7.8000 -40.3200
-17.7600 -7.6200 -40.7400
-18.0000 -7.7400 -40.9200
-18.4200 -7.8600 -40.8600
-18.5400 -7.6200 -41.2800
-18.5400 -7.6200 -41.1600
-18.0000 -7.1400 -40.9200
-18.0600 -7.0200 -41.5200
-18.2400 -7.6800 -41.9400
-17.5200 -7.9800 -41.8200
-17.4000 -8.2800 -41.9400
-17.1000 -8.8800 -42.2400
-15.9000 -9.1200 -42.0600
-15.3600 -8.8800 -42.1200
-13.9800 -8.7000 -42.0000
-14.2800 -9.2400 -42.3000
-14.3400 -8.9400 -42.3600
-15.0000 -8.5200 -42.1200
-14.4600 -8.4000 -41.4600
-14.4000 -7.9200 -42.4800
-14.1600 -7.9200 -42.5400
-14.0400 -7.5000 -43.3800
-13.8000 -7.1400 -43.4400
-13.8000 -6.4800 -43.2000
-13.9200 -6.7800 -42.1800
-14.5800 -7.3200 -41.9400
-14.9400 -7.1400 -42.7200
-15.3600 -6.9000 -42.7200
-15.8400 -7.3800 -42.3600
-16.0200 -7.5000 -42.5400
-16.0800 -8.1600 -42.4200
-16.2600 -8.1600 -41.8200
-16.2000 -8.2200 -41.9400
-16.3200 -8.2800 -43.0200
-16.6800 -8.8800 -42.6000
-15.6000 -9.1200 -41.8800
-14.7600 -9.3600 -41.7000
-14.3400 -9.5400 -41.8200
-15.7200 -9.1200 -41.8800
-16.5000 -8.1600 -41.5800
-17.1000 -7.3200 -42.5400
-18.0000 -6.7200 -42.8400
-17.2800 -6.1800 -41.8200
-16.7400 -6.3000 -42.0600
-17.8200 -6.6000 -42.7200
-17.8800 -6.6600 -42.0600
-18.1200 -6.6000 -42.3000
-17.6400 -6.7200 -41.8200
-17.2200 -6.7800 -41.1600
-17.4000 -6.6600 -42.1200
-16.7400 -7.2000 -41.8200
-15.3600 -7.7400 -41.8200
-15.0000 -7.9800 -41.8800
-13.9800 -8.4600 -41.4000
-14.1000 -8.8800 -42.0000
-14.4600 -9.2400 -43.5000
-13.9200 -9.6000 -43.8000
-13.8000 -9.7200 -44.2800
-12.7800 -9.2400 -43.6800
-12.2400 -9.1200 -43.5600
-11.9400 -8.8200 -43.2600
-12.0000 -8.5800 -43.8000
-12.1200 -8.3400 -43.8600
-11.9400 -8.0400 -43.9200
-12.3000 -7.9200 -44.2800
-12.0000 -7.2000 -44.1600
-11.7600 -6.7800 -44.5200
-10.7400 -6.6600 -44.6400
-10.9200 -6.6600 -45.1800
-10.9800 -6.9000 -45.0600
-10.9800 -6.7200 -45.5400
-11.7000 -6.4200 -44.7600
-11.9400 -6.3000 -44.2200
-11.8200 -6.6600 -43.9200
-12.1200 -6.9600 -44.5200
-12.7800 -7.3800 -44.4600
-13.9800 -7.5600 -44.4000
-14.2200 -7.6800 -44.2800
-13.5000 -7.7400 -43.0800
-14.2200 -8.2800 -42.7200
-14.6400 -8.2200 -43.2600
-15.3000 -8.4600 -43.5000
-15.4200 -8.5800 -43.4400
-15.2400 -8.6400 -43.2600
-15.1800 -9.3000 -43.3200
-14.8200 -9.7200 -43.3800
-15.2400 -9.8400 -43.1400
-15.7200 -10.0800 -43.2600
-16.3200 -9.5400 -43.5000
-16.5000 -8.8200 -43.5000
-16.0200 -8.2200 -43.2000
-15.6000 -7.9800 -43.2600
-15.1800 -6.3000 -43.0800
-15.2400 -5.6400 -43.2600
-15.8400 -5.8800 -43.5000
-15.2400 -4.9200 -43.6800
-15.1200 -5.0400 -43.2600
-14.8800 -4.7400 -42.4200
-14.7000 -4.8600 -42.4200
-14.6400 -4.5600 -43.2600
-14.3400 -4.6200 -43.4400
-14.2200 -4.8600 -44.2200
-14.4000 -4.6200 -44.2200
-14.7600 -4.2600 -44.1000
-13.3200 -4.3200 -43.3800
-13.2000 -3.7800 -43.5000
-13.2600 -4.6200 -44.1000
-13.6800 -5.5200 -43.7400
-13.3800 -5.7600 -43.6200
-12.9600 -6.5400 -43.2600
-12.6600 -8.2200 -42.6600
-12.4800 -8.4600 -42.6600
-11.5800 -9.0600 -41.9400
-10.8000 -9.1800 -41.8200
-11.0400 -9.6600 -41.4600
-11.4000 -9.2400 -41.5800
-11.3400 -9.2400 -40.8600
-12.0600 -9.3000 -41.0400
-12.4200 -9.3000 -42.3600
-12.6600 -9.7200 -43.3800
-11.8200 -9.5400 -43.3200
-11.3400 -9.0600 -43.6800
-10.5600 -8.5800 -42.8400
-8.7000 -8.0400 -41.5200
-8.3400 -6.7800 -42.8400
-7.8600 -6.6600 -43.3800
-7.9200 -6.3600 -44.2200
-7.5600 -6.3000 -44.3400
-6.3000 -6.5400 -44.1000
-5.7000 -6.2400 -44.1600
-5.7600 -5.1000 -44.9400
-5.1000 -4.0200 -45.1200
-4.4400 -3.1800 -45.3600
-3.9000 -1.9200 -45.8400
-3.3600 -1.5000 -45.6000
-2.9400 -1.2000 -45.0600
-2.5800 -0.4200 -44.7000
-3.2400 0.4200 -44.6400
-3.3600 1.0200 -45.4200
-3.1800 0.7200 -45.4200
-2.6400 0.9600 -45.4200
-2.5200 1.5000 -45.5400
-2.1000 0.7200 -44.4600
-2.8200 0.8400 -44.5200
-3.2400 1.0800 -45.0000
-2.1000 1.8000 -45.3600
-2.0400 1.8000 -44.9400
-1.9800 1.7400 -44.8800
-0.6600 1.4400 -44.1600
-0.1200 1.8600 -44.4000
0.4200 2.5200 -44.1000
-0.1200 3.1200 -44.5200
0.7800 4.1400 -44.3400
1.1400 4.4400 -44.4000
0.8400 4.6800 -44.7000
1.0800 5.2800 -43.5000
1.8600 6.4800 -43.9800
2.8200 7.2000 -43.8600
3.5400 7.6200 -43.6800
4.8000 7.8000 -42.8400
4.3200 7.0200 -42.7800
3.7800 6.9000 -43.9200
~G397
-0.2824 0.0257 -0.8781
-0.2952 0.0758 -0.7327
-0.3465 0.2205 -0.6374
-0.2457 0.4032 -0.4419
-0.1339 0.4154 -0.2678
-0.1022 -0.1136 -0.1359
-0.1248 -0.9041 -0.1322
-0.1932 -1.3176 -0.1988
-0.4443 -0.3635 -0.0766
-0.5634 -0.6432 -0.1041
-0.7479 -0.7929 -0.2263
-0.7509 -0.7196 -0.3656
-0.6550 -0.5137 -0.4676
-0.5823 -0.4203 -0.5073
-0.4895 -0.2798 -0.5054
-0.3887 -0.1429 -0.4413
-0.3093 -0.1173 -0.3686
-0.2146 -0.1802 -0.2574
-0.1394 -0.2816 -0.1841
-0.0606 -0.3671 -0.1414
0.0218 -0.4575 -0.1554
0.0481 -0.4838 -0.1744
0.1446 -0.5675 -0.2593
0.2222 -0.6518 -0.4059
0.2595 -0.6732 -0.4602
0.3352 -0.7214 -0.5323
0.4024 -0.8167 -0.6013
0.4885 -0.9016 -0.6985
0.5667 -0.9316 -0.7840
0.6584 -0.9273 -0.8756
0.7317 -0.8558 -0.9361
0.8086 -0.7135 -0.9880
0.8557 -0.6206 -1.0100
0.8893 -0.5669 -1.0235
0.8709 -0.5938 -1.0235
0.7787 -0.6799 -1.0045
0.6577 -0.7960 -0.9685
0.5008 -0.9242 -0.9159
0.1410 -1.0989 -0.8182
-0.1205 -1.0898 -0.7675
-0.2903 -1.0287 -0.7571
-0.3881 -0.9688 -0.7547
-0.5078 -0.8619 -0.7736
-0.5341 -0.7501 -0.8109
-0.5200 -0.6445 -0.8799
-0.5035 -0.5602 -0.9398
-0.4876 -0.4930 -0.9685
-0.4565 -0.4484 -0.9697
-0.4033 -0.4441 -0.9318
-0.3404 -0.4545 -0.8897
-0.2396 -0.4258 -0.8573
-0.0344 -0.2688 -0.8335
0.1232 -0.0757 -0.7822
0.2027 0.0690 -0.6795
0.2039 0.1405 -0.5910
0.1666 0.1814 -0.5244
0.0994 0.1991 -0.4828
-0.0136 0.1729 -0.4334
-0.0948 0.1778 -0.3784
-0.1321 0.2877 -0.2971
-0.1462 0.2505 -0.2324
-0.2103 0.1008 -0.1695
-0.3447 -0.1057 -0.0839
-0.3856 -0.1558 -0.0595
-0.4632 -0.2450 -0.0528
-0.5634 -0.2529 -0.2159
-0.5567 -0.0739 -0.2318
-0.5481 -0.0159 -0.1621
-0.5530 -0.0611 -0.0717
-0.5756 -0.1924 0.0004
-0.5670 -0.2761 0.0181
-0.4950 -0.2272 -0.0100
-0.3752 -0.0794 -0.0626
-0.2451 0.1075 -0.1200
-0.1779 0.1985 -0.1835
-0.1529 0.1924 -0.2800
-0.1785 -0.0434 -0.2794
-0.1639 -0.3170 -0.1921
-0.0674 -0.5211 -0.0998
0.0964 -0.7349 -0.0485
0.3786 -0.8809 -0.0675
0.5154 -0.8894 -0.0894
0.6596 -0.8344 -0.1298
0.6993 -0.7300 -0.2324
0.6413 -0.6738 -0.3564
0.4488 -0.6567 -0.5268
0.2833 -0.6432 -0.5842
0.0964 -0.5828 -0.6075
0.0151 -0.5162 -0.6111
-0.0252 -0.4190 -0.6062
0.0029 -0.3635 -0.5757
0.1110 -0.3060 -0.5140
0.2912 -0.2578 -0.4309
0.4433 -0.2785 -0.3546
0.6315 -0.3873 -0.2495
0.7317 -0.5345 -0.1353
0.7646 -0.5907 -0.0247
0.7292 -0.5088 -0.0009
0.6553 -0.3659 -0.0375
0.4476 -0.0562 -0.2385
0.2717 0.0904 -0.4010
0.1208 0.1338 -0.5079
-0.1321 0.0428 -0.6172
-0.2360 -0.0079 -0.6594
-0.3477 -0.0366 -0.7009
-0.5872 0.1851 -0.7486
-0.5634 0.2822 -0.6966
-0.5218 0.2725 -0.6417
-0.4553 -0.0018 -0.5409
-0.4424 -0.1582 -0.5042
-0.4675 -0.3005 -0.4566
-0.4699 -0.3054 -0.4523
-0.4369 -0.2926 -0.4492
-0.3606 -0.2816 -0.4651
-0.2524 -0.3079 -0.4975
-0.1883 -0.3347 -0.5134
-0.1278 -0.3738 -0.5146
-0.0545 -0.4325 -0.5042
0.0353 -0.4942 -0.4871
0.1220 -0.5235 -0.4999
0.1428 -0.5241 -0.5048
0.3328 -0.5821 -0.5745
0.4103 -0.6255 -0.5977
0.4733 -0.7031 -0.6209
0.4665 -0.7501 -0.6459
0.3957 -0.7905 -0.6820
0.2595 -0.7947 -0.7180
0.1293 -0.7666 -0.7315
0.0011 -0.6787 -0.6954
-0.1596 -0.5925 -0.5678
-0.2970 -0.5614 -0.4645
-0.3093 -0.5620 -0.4535
-0.5408 -0.3861 -0.3283
-0.5310 -0.2077 -0.3668
-0.5066 0.0232 -0.4047
-0.4956 0.2358 -0.4437
-0.5475 0.3073 -0.4450
-0.6807 0.2224 -0.4095
-0.8847 0.0391 -0.3753
-1.0545 -0.0654 -0.3631
-1.2121 -0.0336 -0.3582
-1.2359 0.0379 -0.3417
-1.2121 0.2407 -0.2825
-1.1468 0.3763 -0.2012
-1.0557 0.4246 -0.1053
-0.9360 0.3794 -0.0088
-0.7662 0.2486 0.0798
-0.6104 0.1448 0.1335
-0.3655 0.0324 0.1451
-0.1810 0.0623 0.1329
-0.0478 0.1448 0.1250
0.0872 0.1863 0.1482
0.1904 0.0996 0.2038
0.3089 -0.0635 0.2844
0.4702 -0.1503 0.3376
0.6632 -0.1521 0.3504
0.8160 -0.1735 0.3559
0.9155 -0.2486 0.3876
0.9210 -0.3115 0.4267
0.8673 -0.3714 0.4634
0.7433 -0.4539 0.4640
0.6278 -0.4575 0.4133
0.5618 -0.3726 0.3125
0.5423 -0.1790 0.1128
0.6113 0.1509 -0.1817
0.6241 0.2578 -0.2709
0.5594 0.1613 -0.2660
0.4965 0.0043 -0.2312
0.4617 -0.1509 -0.1854
0.4470 -0.2364 -0.1389
0.4488 -0.2028 -0.1359
0.4360 -0.0342 -0.1872
0.3584 0.1423 -0.2501
0.2686 0.1662 -0.2837
0.0829 0.1057 -0.2825
-0.0930 -0.0055 -0.2721
-0.2854 -0.0819 -0.2953
-0.4284 -0.0165 -0.3295
-0.4766 0.0623 -0.3167
-0.5609 -0.0079 -0.3265
-0.7937 -0.2450 -0.4010
-0.9439 -0.2437 -0.4169
-0.9708 -0.1521 -0.4156
-0.9006 0.1967 -0.4450
-0.8700 0.2425 -0.4554
-0.4937 0.3848 -0.5103
-0.3386 0.2376 -0.4486
-0.2378 -0.0067 -0.3558
-0.2048 -0.4453 -0.2721
-0.2292 -0.6842 -0.2196
-0.2225 -0.7935 -0.1866
-0.1975 -0.7911 -0.1689
-0.1651 -0.6756 -0.1835
-0.1584 -0.5644 -0.2312
-0.1724 -0.3207 -0.4352
-0.1718 -0.2150 -0.6111
-0.1761 -0.2504 -0.7406
-0.1743 -0.3683 -0.7504
-0.1565 -0.5767 -0.7241
-0.1199 -0.7220 -0.7076
-0.0331 -0.7905 -0.6533
0.0915 -0.4752 -0.5824
0.1593 -0.2553 -0.5280
0.2314 -0.1588 -0.4615
0.3126 -0.2022 -0.4572
0.3340 -0.2272 -0.4578
0.5826 -0.5999 -0.4975
0.7744 -0.9163 -0.5195
0.7982 -1.0531 -0.5470
0.6645 -1.0922 -0.5989
0.4782 -0.9933 -0.6527
0.2973 -0.6976 -0.7461
0.2167 -0.4649 -0.8164
0.1959 -0.2596 -0.8732
0.2863 -0.1509 -0.8885
0.3523 -0.2065 -0.8591
0.4061 -0.2297 -0.8243
0.4152 -0.0715 -0.8097
0.3419 0.1228 -0.8023
0.1990 0.1356 -0.8219
-0.3404 -0.0342 -0.9459
-0.7301 -0.0641 -1.0882
-1.1443 0.1087 -1.2910
-1.2793 0.2590 -1.3393
-1.3019 0.2975 -1.3295
-1.2848 0.4026 -0.9550
-1.1577 0.2285 -0.5671
-1.1015 0.1350 -0.4486
-0.9610 -0.2352 -0.2556
-0.8621 -0.4032 -0.1811
-0.8114 -0.3989 -0.1243
-0.7979 -0.3549 -0.1072
-0.7924 -0.2462 -0.1108
-0.7931 -0.2162 -0.1090
-0.7961 -0.1381 -0.1127
-0.6953 -0.0715 -0.1426
-0.5719 -0.0177 -0.1701
-0.3844 0.0446 -0.1994
-0.2256 0.0794 -0.1957
0.0872 0.0690 -0.0497
0.2332 0.0208 0.0633
0.3053 0.0079 0.1347
0.3285 0.0477 0.1732
0.3144 0.1222 0.2233
0.1886 0.0886 0.2563
0.0658 -0.0440 0.2453
-0.0252 -0.1918 0.2093
-0.0564 -0.3012 0.1592
0.0212 -0.2669 0.1439
0.1067 -0.2077 0.1378
0.2167 -0.1057 0.1347
0.4464 0.1008 0.1775
0.5325 0.1753 0.2453
0.5264 0.1930 0.2948
0.4672 0.1680 0.3394
0.3615 0.1100 0.3846
0.1220 -0.1277 0.4787
0.0365 -0.2169 0.5068
-0.0845 -0.3347 0.4768
-0.2188 -0.4056 0.3669
-0.3013 -0.3897 0.1958
-0.3056 -0.2474 0.0052
-0.2604 -0.0794 -0.1114
-0.2201 0.0916 -0.1951
-0.2317 0.1381 -0.2226
-0.3826 0.2364 -0.2587
-0.5432 0.3091 -0.2715
-0.6489 0.3396 -0.2727
-0.8016 0.3372 -0.2544
-0.8144 0.3085 -0.2312
-0.7491 0.2645 -0.1737
-0.6465 0.1857 -0.0846
-0.4320 -0.0287 0.1060
-0.1620 -0.1771 0.3076
0.0567 -0.2046 0.4377
0.2802 -0.2364 0.5159
0.5692 -0.3152 0.4860
0.7390 -0.4288 0.3730
0.8355 -0.6041 0.2600
0.9375 -0.9542 0.1182
1.0120 -1.1790 -0.0186
1.0316 -1.3286 -0.2391
0.9888 -1.2853 -0.4352
0.7934 -0.8998 -0.6942
0.5606 -0.5730 -0.8249
0.2961 -0.3763 -0.9056
0.0609 -0.3641 -0.9819
-0.0582 -0.4197 -1.0253
-0.1211 -0.4966 -1.0448
-0.1688 -0.5974 -1.0436
-0.1840 -0.6176 -1.0265
-0.1614 -0.5785 -0.9880
-0.0930 -0.4820 -0.8988
-0.0344 -0.3641 -0.7443
-0.0393 -0.2767 -0.5830
-0.0521 -0.2682 -0.5592
-0.2225 -0.2553 -0.4273
-0.3581 -0.3176 -0.3167
-0.4198 -0.4013 -0.1921
-0.4601 -0.5980 -0.0027
-0.4742 -0.6451 0.0285
-0.7546 -0.8503 0.0627
-0.8236 -0.6719 -0.1230
-0.8444 -0.5198 -0.3124
-0.8444 -0.4386 -0.3961
-0.8297 -0.3250 -0.4382
-0.6959 0.0031 -0.3252
-0.5695 0.1662 -0.1371
-0.4742 0.1643 -0.0100
-0.3374 0.1057 0.1073
-0.2738 0.0678 0.1494
0.0060 -0.0409 0.3259
0.2057 -0.0489 0.4457
0.4152 -0.0220 0.5795
0.5258 -0.0067 0.6625
0.5728 -0.0110 0.7065
0.6144 -0.0739 0.7994
0.5545 -0.1289 0.8067
0.3902 -0.2437 0.7401
0.1629 -0.3360 0.5758
0.0518 -0.3500 0.4280
-0.0032 -0.2834 0.2313
0.0603 -0.0654 0.1561
0.3205 0.3409 0.1592
0.4806 0.5131 0.1903
0.5851 0.5400 0.2252
0.5105 0.3244 0.2294
0.4507 0.3024 0.1543
0.4268 0.3549 0.0553
0.3969 0.5168 -0.1218
0.3670 0.6933 -0.2495
0.3138 0.8546 -0.3020
0.2454 0.9798 -0.2868
0.1562 0.9994 -0.1157
0.1422 0.8851 0.1268
0.1147 0.5925 0.3259
-0.0014 0.0666 0.4890
-0.2579 -0.6518 0.5984
-0.4614 -0.9322 0.5587
-0.6538 -0.7251 0.2392
-0.6935 -0.1393 -0.0803
-0.6544 0.5308 -0.2666
-0.5292 1.0281 -0.1963
-0.4381 0.9291 -0.0607
-0.3270 0.5376 0.0828
-0.1651 -0.1234 0.2080
0.0035 -0.5754 0.2685
0.2039 -0.9053 0.3211
0.3034 -0.9865 0.3400
0.4409 -0.7966 0.3027
0.4555 -0.4820 0.2416
0.3920 -0.2559 0.1677
0.2992 -0.1435 0.0926
0.2625 -0.1851 0.0590
0.2717 -0.3030 0.0614
0.3438 -0.4551 0.0853
0.4342 -0.5003 0.1195
0.5325 -0.4972 0.1628
0.5594 -0.3311 0.1598
0.5973 -0.1185 0.1286
0.6584 0.1753 0.0498
0.6571 0.3879 0.0254
0.6474 0.4282 0.0193
0.3322 0.5467 -0.1847
0.2033 0.4490 -0.2593
-0.2237 -0.1356 -0.3503
-0.5286 -0.6750 -0.1676
-0.7124 -0.9212 -0.0375
-0.7680 -0.9242 0.0126
-0.9329 -0.7752 0.1573
-1.0796 -0.6988 0.1042
-1.1394 -0.6188 -0.1817
-1.1205 -0.5168 -0.4890
-1.0380 -0.3720 -0.7247
-0.6953 -0.0299 -0.8885
-0.2121 0.3366 -0.5604
0.0994 0.4417 -0.0894
0.2509 0.4032 0.2025
0.3395 0.3378 0.3766
0.6168 -0.0379 0.8134
0.6272 -0.2957 0.8385
0.5783 -0.3164 0.7603
0.4226 -0.1344 0.4200
0.2546 0.4111 -0.1322
0.2436 0.6567 -0.3338
0.2686 0.8094 -0.4315
0.3260 0.8687 -0.4926
0.3468 0.8198 -0.4926
0.3621 0.5150 -0.3766
0.3114 0.2254 -0.1976
0.3395 0.1307 -0.0455
0.4128 0.1570 0.0187
0.4348 0.1717 0.0370
0.4189 0.2566 0.0669
0.2008 0.3360 -0.0100
-0.0252 0.4307 -0.1292
-0.2036 0.4551 -0.2819
