D10
~A379
-0.5770 3.1509 9.2922
-0.0431 4.0846 8.0807
0.2586 4.1253 7.9131
0.4310 4.1828 7.6880
0.4573 4.2738 7.5659
0.4860 4.3265 7.4223
0.6153 4.2977 7.4199
0.6441 4.2211 7.4270
0.5698 4.1636 7.4630
0.4836 4.1134 7.5707
0.3639 4.0774 7.9945
0.3017 3.8835 8.4398
0.2275 3.7446 8.8684
-0.0790 3.7399 9.0144
-0.2897 3.7375 8.9019
-0.3974 3.7399 8.7367
-0.4429 3.7231 8.5835
-0.4789 3.7135 8.5021
-0.4597 3.6537 8.4733
-0.3903 3.5986 8.5811
-0.3376 3.5483 8.6792
-0.2059 3.5100 8.8780
0.0814 3.5028 8.9761
0.3113 3.4741 8.9402
0.4693 3.4789 8.8229
0.5387 3.5770 8.7511
0.5914 3.5004 9.1988
0.5698 3.4549 9.6777
0.5842 3.5770 10.0440
0.7686 3.7830 10.1613
0.9936 3.9338 10.1948
1.2259 4.1804 10.2690
1.3983 4.4653 10.3576
1.4533 4.8388 10.1805
1.3408 5.2028 9.8524
1.1133 5.6361 9.4358
0.9433 5.9617 9.0863
0.8667 6.0336 8.9594
0.7734 5.9234 8.8636
0.4741 5.7151 8.7367
0.1173 5.5356 8.6338
-0.2777 5.2985 8.5332
-0.5627 4.9849 8.3225
-0.7279 4.6952 8.0256
-0.7901 4.5779 7.8820
-1.0870 4.1086 7.6353
-1.3599 3.7590 7.5420
-1.6042 3.5100 7.3528
-1.8771 3.5747 6.9123
-1.7574 3.7087 6.5771
-1.4150 3.9146 6.1317
-0.9098 4.0607 5.6649
0.1101 4.2235 5.7415
1.5395 4.6521 6.7159
2.5643 4.8580 7.8963
3.4549 4.6233 9.1940
3.7279 4.2450 9.9841
3.2395 4.0272 10.6258
2.4422 4.3576 10.6593
2.7127 4.1756 10.2475
3.6297 3.8021 9.9219
4.6808 3.6154 9.8524
5.0974 3.4717 10.1230
4.8843 3.0359 10.6018
4.3432 2.4254 11.0041
2.8707 2.0782 11.2387
1.2450 2.2171 10.9107
0.6967 2.2865 10.4989
0.7446 2.5307 10.0871
1.0415 3.0623 9.4885
1.6281 3.4118 8.6505
2.1548 3.6824 7.8005
2.5691 4.0296 7.0823
2.8899 4.1158 6.3281
2.8731 3.8979 5.8181
2.6122 3.6680 5.5858
2.1381 3.1916 5.6984
1.4581 2.5307 6.1054
0.7207 1.8795 6.6297
-0.0144 1.5659 7.0847
-0.9553 1.5922 7.4342
-2.6074 2.0806 7.9777
-3.0742 2.6936 8.2938
-3.0647 3.6728 8.4135
-2.9833 4.4270 7.9849
-3.0503 5.1142 7.2666
-3.2083 5.7367 6.6226
-3.2706 5.9115 6.4909
-3.5052 6.5316 6.5723
-3.7231 6.7399 7.1852
-4.2067 7.5061 8.0735
-4.4174 8.2052 8.6601
-3.5507 7.8508 8.6433
-2.6888 7.7144 8.4853
-2.2865 8.3680 8.3967
-1.9394 8.6146 8.4087
-1.8364 8.1669 8.7199
-2.4493 7.4965 9.7160
-2.8803 6.5866 11.1741
-2.9378 5.7822 12.5652
-2.7941 4.8939 14.0903
-2.5882 4.1158 15.0839
-2.3272 3.5555 15.3258
-1.9561 3.5531 14.9379
-1.1588 3.9913 13.3696
-0.6034 4.4246 11.6936
0.2921 4.8628 9.5699
1.0319 5.1908 7.9370
1.5826 5.5236 6.5938
1.6712 5.7032 5.9354
1.4390 5.5763 5.9665
1.0152 5.0495 6.3592
0.3831 4.5060 6.8716
-0.1939 4.3696 7.1278
-0.4956 4.1804 7.3265
-0.4358 4.0296 7.4199
-0.3735 4.0296 7.4462
-0.5267 4.0655 7.6689
-0.7614 4.1397 7.8891
-1.0008 4.3097 8.3704
-0.7135 4.0367 8.9259
-0.2825 3.7638 9.2491
-0.0742 3.7949 9.2299
0.1461 4.1110 8.8660
-0.2993 4.7359 8.2842
-1.2019 5.5164 7.8149
-1.4485 5.6720 7.3073
-0.8452 5.4015 6.9865
0.3520 5.1884 6.9817
0.5004 5.1980 7.0056
0.7614 5.0663 7.7431
-0.0048 5.0160 8.1645
-0.8811 5.1142 8.6338
-1.1277 5.1908 8.9259
-0.8380 4.7048 10.5228
-0.1245 4.1684 10.9682
0.3687 3.6010 11.5284
0.5603 3.1413 11.9833
0.4645 2.6002 12.2802
0.2299 2.3416 12.0671
0.0599 2.1908 11.2004
-0.0359 2.0830 10.1062
-0.5818 2.0567 8.3848
-0.8141 2.1548 6.7279
-1.0822 2.4134 5.2147
-1.4150 2.8396 4.0176
-1.5706 3.1772 3.3927
-1.2690 4.4390 2.8181
-0.9074 5.0759 3.2610
-0.6656 5.3225 4.3791
-0.5722 5.2123 5.8325
-0.8212 5.0998 8.2602
-1.2426 5.3009 9.6729
-2.0519 5.6649 11.2555
-2.9210 6.2778 11.8804
-3.2969 6.8117 11.0328
-2.7295 6.8740 9.8764
-1.8867 7.4941 8.9450
-0.4717 8.5595 8.6888
0.4358 8.8660 9.0073
0.6608 8.5643 9.6777
0.3400 8.0328 10.5013
0.0742 7.6760 11.1238
0.0982 7.2235 12.0504
0.5794 6.9290 12.4407
1.0990 6.7399 12.3401
1.3935 6.6393 11.7056
1.3097 6.5316 10.3983
1.0295 6.4214 9.2204
0.7159 6.2802 8.2579
0.2873 6.1246 7.3289
-0.1556 6.1413 6.7399
-0.5172 6.0886 6.4693
-0.7063 5.9498 6.4406
-0.6680 5.8205 6.3903
-0.6081 5.7989 6.3975
-0.3927 5.5332 6.3209
-0.3256 5.2075 6.4119
-0.4190 5.0232 6.4765
-0.9242 4.7598 6.6800
-1.7335 4.3791 6.7279
-2.3751 4.1062 6.7542
-2.9761 4.2067 6.6776
-3.2347 4.6736 6.5076
-2.6313 5.3320 6.8021
-1.7550 5.5356 7.3241
-0.6943 5.5499 8.0783
0.5674 5.7056 8.9354
1.8891 5.7894 9.7734
2.5691 5.7463 10.3983
2.8228 5.7463 10.8389
2.4374 5.6385 10.9754
2.0303 5.4781 10.5707
1.9801 5.2937 10.1829
2.0136 5.1477 9.5388
2.0447 5.1573 9.2587
2.1955 4.7862 8.9953
2.2746 4.3719 9.1294
2.0998 3.7470 9.6202
1.8196 3.3520 9.9985
1.7167 3.1604 10.0847
1.6904 3.0838 9.9338
1.7119 3.0766 9.9075
2.2961 3.1604 8.8349
2.3895 3.1700 8.1501
2.3009 2.9976 7.0775
2.1716 2.8228 6.4574
2.0471 2.7031 6.0862
1.8891 2.5355 5.7415
1.5802 2.3272 5.3608
1.1923 2.2195 5.0567
0.9074 2.1884 4.7550
0.7853 2.2770 4.5802
0.8476 2.4517 4.3983
1.0319 2.5044 4.6305
0.9529 2.6672 5.1908
0.3184 3.1245 6.3712
-0.8787 4.0966 8.2172
-1.2905 4.3456 8.6697
-1.5036 4.5012 8.6769
-1.7191 5.3297 8.1453
-1.7694 6.6202 7.6976
-1.9226 7.2786 7.4917
-2.4446 8.3081 7.1421
-2.2363 8.4877 7.0487
-1.6736 8.5045 7.4199
-1.5228 8.7080 8.5571
-1.4414 8.6888 9.8333
-1.3599 8.1597 11.5404
-1.4294 8.0304 11.8804
-2.0567 7.0033 14.1885
-1.9633 6.6369 14.3345
-1.2642 6.5866 13.4941
-0.3567 6.6393 12.0504
0.1173 6.7997 10.9035
0.3927 6.8572 9.9315
0.7087 6.6776 8.3608
0.7614 6.5651 7.4486
1.0439 6.4238 6.5483
1.4988 6.3448 6.2107
1.9418 6.2060 6.2347
2.2147 5.7702 6.7255
1.7191 5.4685 7.1014
-0.6273 4.6856 7.7527
-1.7574 4.4246 7.8125
-2.4086 4.3600 7.7431
-2.7223 4.3863 7.7048
-2.3823 4.4486 7.7239
-1.9130 4.5587 7.8867
-1.6066 4.7048 8.3967
-1.4294 4.8508 9.0647
-1.2881 4.7598 9.9889
-0.9960 4.4198 11.1501
-0.6249 4.0200 12.0504
-0.3160 3.9290 12.1509
0.0096 4.0008 11.7631
0.1915 4.7957 10.5157
0.1173 5.5451 9.7686
0.7374 5.3751 9.2108
1.9274 5.1261 8.8301
2.5834 5.2746 8.8301
3.2490 5.4111 9.1988
3.0527 4.9202 10.0751
2.3129 4.2929 10.5707
1.1756 3.7734 10.9227
-0.1868 3.5770 10.9610
-0.7111 3.4717 10.8413
-0.9936 3.3472 10.5157
-1.0631 3.4980 10.0919
-1.0487 3.7542 9.8884
-0.8404 3.9937 9.8117
-0.3304 4.3073 9.7878
0.1772 4.5156 9.8524
0.3639 4.5850 9.8764
1.0008 4.7071 9.8453
1.4222 4.7383 9.7662
1.7263 4.7024 9.5340
2.0327 4.6018 8.9211
1.8149 4.5348 7.6784
1.2785 4.4893 6.7112
0.4741 4.2403 5.1477
0.0096 4.2115 4.6880
-0.5603 4.2977 4.6521
-0.7207 4.3025 4.7119
-1.4509 4.1277 5.6361
-1.8460 4.4988 6.7447
-1.9465 4.7167 7.0440
-1.9226 4.7622 6.9410
-1.9226 4.7718 6.7351
-2.0471 5.0112 6.5747
-1.4797 5.2842 6.6896
-1.3935 5.2913 6.7040
0.7566 5.4182 7.9322
0.8524 5.3512 8.4925
0.2969 5.0471 8.9426
-0.5627 5.2171 8.8923
-1.2019 5.3895 8.6769
-1.1923 5.2794 8.4781
-1.1947 5.1190 8.6816
-1.3025 5.1668 9.1342
-1.0846 5.3584 9.4813
-0.5770 5.7271 9.8668
-0.0646 5.9953 10.0751
0.4501 6.3807 10.1613
1.2043 6.6657 9.9099
1.3456 6.6776 9.7639
1.1636 6.7447 8.7439
0.9553 6.7112 8.2962
0.4022 6.3520 7.5587
0.2011 6.1509 7.3959
0.0551 5.3560 7.8341
0.1652 4.8460 8.1741
0.4262 4.2834 8.4997
0.6081 3.9146 8.7104
0.6752 3.6297 9.0384
1.0176 3.4166 8.6673
1.2666 2.9833 7.8101
1.2331 2.6936 6.9913
1.3576 2.9521 6.3065
1.9801 3.5747 6.2443
3.2155 4.2450 6.5507
3.9649 4.5467 6.9434
4.2642 4.5563 7.8101
3.9960 4.3672 8.7032
3.4549 4.3432 9.5579
2.9234 4.5395 9.9410
2.6936 4.7622 10.0176
3.2131 4.4222 9.4718
3.3448 4.4294 9.3377
3.4142 4.4007 9.6537
3.1868 4.1804 10.5013
1.2019 3.6944 12.4119
0.7350 3.7638 12.8644
0.7039 3.8332 13.1805
1.2283 3.9817 13.1709
1.7646 4.1182 12.6849
2.4541 4.2953 11.4446
2.7534 4.3049 9.9410
2.6768 4.1876 8.7415
2.2602 3.9817 7.5779
1.9274 3.8452 7.0799
1.0894 3.6704 6.2012
0.4501 3.5890 5.6505
-0.1317 3.6728 5.2506
-0.5722 3.8931 4.9825
-0.7494 4.0966 4.8676
-0.7781 4.2881 4.8412
-0.9146 4.4845 5.0112
-1.2690 4.7167 5.2387
-1.5204 4.7814 5.4566
-1.9992 5.0399 6.0048
-2.5978 5.5882 6.8524
-2.7726 5.9258 7.3385
-2.5260 6.0743 7.6832
-2.1908 6.1389 7.7263
-1.0271 6.6082 7.7096
-0.2466 6.8955 7.9897
0.6105 7.0871 8.5021
1.2354 7.0631 9.2419
1.4581 6.7375 10.4773
1.1493 6.1246 11.4805
0.9266 5.1884 12.0695
0.7470 4.6090 12.1509
0.5411 4.0703 12.1390
0.8332 4.0655 12.1031
1.4509 4.2163 11.8804
1.5132 4.2307 11.8493
2.4278 4.4486 10.8796
2.8588 4.6736 9.9051
3.0000 4.8149 9.4167
3.0551 4.9442 8.4781
2.8492 4.9897 7.9849
2.0591 5.0399 7.4630
1.2570 5.1214 7.1637
0.6129 5.2028 6.9506
0.2322 5.2267 6.7973
0.4070 5.1980 6.6872
0.6632 5.0663 7.0416
0.7255 5.0160 7.2618
~M379
20.3400 -2.4600 -36.6600
19.7400 -1.8000 -36.6000
18.5400 -1.6800 -36.3600
18.4800 -1.0800 -36.0600
18.1800 -0.9600 -36.2400
17.5200 -1.0800 -37.3200
17.4600 -1.7400 -36.9600
17.9400 -1.8600 -36.1200
17.8200 -1.5600 -36.1800
17.2200 -1.5600 -36.4200
16.5000 -1.1400 -37.3800
16.3800 -1.2000 -37.2600
16.3200 -1.5000 -37.1400
15.7800 -1.0200 -36.6600
15.2400 -0.2400 -36.7800
15.4200 -0.2400 -36.6000
15.7200 0.4800 -37.5000
15.2400 0.4800 -37.9200
15.1800 0.3000 -37.4400
13.8600 0.6000 -37.9800
13.8000 0.8400 -39.9000
13.8600 0.3600 -40.0200
13.6200 -0.1800 -40.0800
13.2000 0.0600 -40.1400
12.7800 -0.1800 -40.1400
12.6000 -0.4200 -40.5600
12.4200 -0.7800 -40.2000
12.9600 -0.7200 -39.5400
12.9600 -0.6600 -39.0600
12.3600 -1.5000 -39.2400
12.3600 -1.8600 -40.2600
12.6600 -1.7400 -40.7400
12.7200 -2.1000 -41.2800
12.9600 -2.8200 -40.4400
12.6000 -2.7000 -40.5600
11.8200 -2.7600 -40.6200
11.5200 -3.0600 -41.1600
11.7000 -3.7200 -40.9800
12.1200 -4.7400 -40.5000
13.1400 -4.9800 -40.2600
14.2200 -5.5200 -39.9600
15.1200 -6.3600 -39.1200
15.9000 -7.4400 -38.7600
16.1400 -7.7400 -38.3400
16.0800 -8.0400 -38.1000
15.6000 -8.7000 -38.8200
15.1200 -9.1200 -39.4800
15.3000 -8.5200 -39.0600
15.4800 -8.1600 -39.3000
15.5400 -7.5000 -39.4800
15.5400 -6.5400 -39.6600
15.1200 -5.5800 -39.9600
15.5400 -4.9800 -40.4400
15.4200 -4.4400 -40.1400
15.2400 -5.2800 -39.8400
14.4000 -5.9400 -40.1400
13.7400 -6.3000 -40.0800
13.1400 -6.9000 -40.3200
12.8400 -7.0200 -39.8400
11.7600 -6.0600 -40.3200
10.8600 -5.5200 -41.1000
9.3000 -4.9800 -41.7600
8.5200 -5.2200 -41.8200
7.9200 -4.8000 -41.4000
6.6600 -4.7400 -42.0000
5.9400 -4.8600 -42.4200
5.7000 -5.2200 -42.3000
5.2800 -5.2200 -42.4800
5.5200 -5.2800 -43.0200
5.3400 -4.6200 -42.9000
4.4400 -4.2600 -43.2600
4.8000 -3.6600 -43.4400
5.3400 -2.8200 -43.6200
5.3400 -2.0400 -43.8000
5.8200 -0.6600 -43.8000
5.2800 0.4800 -43.8600
4.2600 1.6200 -44.1600
3.7800 1.9800 -44.1000
4.3200 2.2200 -44.2800
4.8600 1.5600 -43.6800
4.3800 0.6000 -43.0200
3.6600 0.0600 -43.1400
3.3000 -0.1200 -43.9800
2.7000 -0.6000 -44.4600
2.5200 -0.6000 -44.8800
2.6400 -0.7200 -45.0000
2.3400 -0.7800 -44.2200
2.2800 -1.0200 -43.9200
1.8600 -1.0200 -43.9800
1.6800 -1.3800 -43.9800
0.8400 -1.2000 -44.0400
0.3000 -1.8600 -43.8600
0.3000 -2.1000 -44.2800
0.9600 -2.1600 -43.4400
1.3200 -2.1600 -43.8600
1.5000 -2.4000 -44.5800
2.0400 -2.5800 -44.7600
1.0200 -2.9400 -44.1600
1.0200 -2.4600 -43.8000
1.4400 -2.7600 -42.9600
0.5400 -1.5000 -43.5000
-0.2400 -1.0800 -44.2800
-0.9000 -0.6000 -44.8200
-1.2600 -0.3000 -44.3400
-2.2800 0.1200 -44.5200
-3.0000 0.0600 -44.8200
-2.3400 -1.0800 -44.6400
-2.3400 -2.3400 -44.2200
-2.2800 -3.2400 -43.6200
-2.4000 -4.3800 -43.9200
-2.7000 -4.5600 -44.4600
-3.0000 -4.6200 -44.7600
-3.4800 -4.5600 -44.9400
-3.1200 -4.7400 -45.0600
-3.4800 -4.9200 -44.3400
-3.2400 -3.7800 -43.7400
-2.5800 -3.5400 -44.7600
-2.2200 -4.4400 -45.0000
-2.6400 -4.5000 -44.7000
-3.3600 -4.0800 -45.1200
-3.1200 -3.3000 -44.6400
-2.8800 -2.3400 -44.4600
-2.9400 -1.6800 -44.8800
-2.3400 -1.2600 -44.8800
-2.5800 -1.3200 -45.6600
-2.5800 -1.8000 -45.7200
-1.9800 -2.6400 -45.1200
-1.1400 -3.4200 -44.8800
-1.0200 -3.9000 -45.0000
-1.4400 -3.8400 -44.8200
-1.4400 -4.1400 -45.1200
-1.6200 -4.1400 -45.1800
-1.5600 -4.9200 -44.0400
-1.7400 -5.6400 -44.1600
-2.7000 -6.3600 -44.8200
-3.2400 -7.1400 -44.4000
-3.7800 -8.0400 -43.5600
-4.0200 -9.3000 -42.0600
-3.6600 -9.2400 -42.6600
-4.3200 -9.0600 -44.4000
-4.6800 -9.6600 -43.9800
-4.3800 -9.2400 -43.6800
-3.9600 -9.0600 -43.6200
-3.7200 -8.9400 -43.8600
-3.8400 -8.8200 -44.4000
-4.2600 -8.7000 -44.2800
-4.5000 -8.4600 -43.9200
-5.1000 -8.2200 -43.8600
-5.6400 -8.7000 -43.8000
-6.2400 -9.0000 -43.6200
-7.2000 -8.8800 -43.9800
-8.2800 -8.9400 -44.1600
-8.4600 -8.5200 -44.0400
-8.0400 -9.1800 -43.3800
-7.5600 -9.4200 -42.1200
-7.9200 -9.6000 -41.3400
-9.0000 -8.5200 -42.2400
-9.2400 -8.7600 -42.4200
-10.2000 -8.6400 -43.0200
-10.9200 -8.7600 -43.0200
-11.1000 -9.4200 -42.9600
-11.1600 -9.9000 -42.5400
-11.2800 -9.7800 -42.7200
-11.9400 -9.4800 -43.3800
-11.8200 -8.7600 -43.0200
-12.2400 -8.2800 -43.5600
-12.1800 -7.5600 -43.2600
-11.7600 -6.6600 -43.6200
-11.6400 -6.3600 -43.7400
-11.7600 -5.5800 -44.1000
-11.9400 -6.0000 -43.5000
-12.1800 -5.9400 -43.2000
-11.7600 -4.9200 -43.5000
-10.6200 -4.6800 -44.1000
-10.4400 -4.5600 -43.6800
-10.8600 -4.1400 -44.5800
-11.0400 -4.0800 -44.5200
-10.8600 -3.7800 -44.5800
-10.8600 -3.9000 -44.3400
-10.6200 -4.0800 -43.6200
-10.2600 -4.3800 -43.6200
-10.5600 -3.8400 -43.5600
-10.4400 -4.0200 -43.6800
-10.6200 -4.9800 -44.2800
-10.6800 -5.0400 -44.4000
-10.0800 -5.5200 -43.8600
-9.1200 -6.1800 -43.8000
-8.4000 -6.3000 -44.2200
-8.1000 -6.7200 -44.3400
-7.8000 -6.7800 -44.5800
-8.0400 -6.5400 -44.8200
-7.7400 -6.0600 -45.0000
-7.0800 -6.1200 -45.3000
-6.6000 -5.7000 -45.4800
-6.1200 -6.0000 -45.6000
-6.4800 -6.1200 -45.1800
-6.8400 -6.1200 -44.8800
-6.9600 -6.6600 -44.1000
-6.7800 -6.2400 -44.5200
-7.9800 -6.1800 -44.7000
-9.0000 -6.1800 -44.7600
-9.4200 -6.1800 -45.0600
-8.8200 -6.8400 -44.4000
-8.1600 -8.0400 -43.8600
-9.3000 -8.9400 -44.2200
-10.8000 -9.5400 -43.8600
-12.0600 -9.8400 -43.2600
-12.3600 -10.5600 -42.8400
-12.4800 -10.6800 -43.0200
-13.2000 -11.4600 -43.6800
-13.3800 -11.8200 -43.5600
-13.0800 -11.7000 -42.8400
-12.7200 -12.0600 -42.0600
-12.0000 -12.1200 -41.4000
-11.4600 -10.5000 -41.1000
-10.8600 -9.6600 -42.0600
-10.3800 -9.9600 -42.7800
-10.5000 -9.8400 -42.9000
-10.3200 -9.0600 -42.8400
-10.4400 -7.2600 -43.2600
-10.9800 -6.4200 -42.9000
-11.5800 -6.4200 -42.1800
-12.4200 -6.0600 -41.4000
-11.8200 -5.5800 -41.8200
-11.6400 -5.4600 -41.8200
-11.4600 -5.4000 -41.8800
-11.7000 -5.5800 -42.2400
-11.6400 -5.7000 -42.9000
-11.1600 -6.6600 -42.5400
-11.1600 -7.9200 -42.3000
-11.1000 -9.0600 -42.0000
-10.9200 -9.6600 -41.8200
-10.9200 -9.4200 -42.3000
-10.6200 -9.1200 -42.3600
-10.0800 -8.4000 -42.5400
-9.6600 -8.4600 -43.1400
-9.3600 -8.3400 -43.1400
-9.8400 -8.5800 -42.9000
-9.7800 -7.9200 -43.4400
-9.7800 -6.2400 -44.9400
-9.3000 -4.5000 -45.4800
-9.4800 -4.2600 -45.4200
-9.3000 -3.2400 -45.2400
-9.3600 -2.6400 -45.7200
-9.5400 -3.0000 -45.3600
-9.6600 -3.0000 -45.7200
-9.9600 -3.4200 -46.2600
-9.4800 -3.4200 -46.6200
-9.8400 -3.9600 -46.6800
-9.9600 -4.3200 -46.0200
-9.8400 -6.0600 -44.5200
-10.3800 -6.9600 -44.5200
-10.9200 -6.1200 -45.6600
-11.7000 -6.6600 -45.0600
-12.0600 -6.8400 -44.2800
-11.4600 -6.4800 -44.1600
-11.5200 -6.7800 -44.2800
-11.3400 -7.1400 -45.0600
-11.5800 -7.0800 -45.2400
-10.5600 -6.5400 -45.9000
-10.4400 -6.3600 -45.7200
-9.2400 -5.9400 -45.1200
-8.7600 -5.2200 -44.7600
-8.5200 -4.7400 -45.3000
-7.8600 -3.9000 -45.3600
-7.4400 -3.6600 -46.5000
-6.4800 -4.0200 -46.6800
-6.9000 -3.9000 -46.8000
-6.1200 -3.2400 -47.4000
-5.4000 -2.8200 -46.9800
-5.5800 -2.8200 -46.7400
-5.7600 -1.8600 -46.5600
-5.5800 -1.9200 -46.2600
-5.2200 -2.1600 -45.3000
-5.2800 -2.5800 -44.8200
-5.2800 -2.3400 -44.7000
-5.7600 -2.2200 -45.9600
-6.1200 -1.9200 -46.3800
-6.2400 -2.2800 -46.9200
-6.4200 -2.1600 -47.0400
-6.0600 -2.4000 -47.5800
-6.3000 -2.8800 -47.6400
-5.1000 -4.0800 -46.1400
-4.4400 -4.0200 -46.2600
-4.3200 -3.4200 -47.1600
-4.3800 -3.3600 -46.9800
-2.8800 -2.6400 -47.8200
-0.9600 -1.9800 -46.8000
-0.0600 -1.3800 -46.3200
-0.3600 -1.2600 -46.9800
0.3600 -1.6200 -47.2800
0.0000 -1.1400 -46.6800
0.4200 -1.3800 -45.8400
0.1200 -1.5600 -46.2000
0.7200 -1.1400 -46.2600
0.6600 -0.6000 -46.5000
0.5400 -0.5400 -46.2000
0.5400 -0.4800 -46.3800
0.1800 -0.5400 -46.5600
-0.3000 -1.6200 -46.9200
-0.1800 -2.1600 -46.9800
-0.5400 -2.7600 -46.8000
-1.6800 -3.6000 -46.7400
-2.4600 -4.5600 -46.6200
-3.0600 -5.5200 -45.7200
-2.9400 -6.0000 -46.3800
-3.0600 -6.0600 -46.3800
-3.4800 -6.1200 -45.5400
-4.3800 -5.8200 -45.9000
-3.9600 -5.7600 -45.8400
-3.8400 -6.0000 -45.1800
-3.4800 -5.8800 -45.0000
-3.6600 -5.1000 -45.5400
-3.8400 -4.3800 -45.3000
-3.7200 -4.1400 -45.4800
-4.1400 -3.7800 -45.4800
-4.5600 -3.0000 -45.7200
-4.6200 -2.8800 -45.4200
-5.5200 -2.4000 -45.8400
-5.7000 -2.4000 -45.4800
-5.7000 -2.1600 -45.4800
-5.6400 -2.2200 -45.2400
-5.8200 -2.1600 -45.0600
-6.2400 -1.5000 -45.7200
-6.4800 -1.4400 -45.9600
-6.4800 -1.6200 -46.3200
-5.8200 -2.9400 -45.6600
-5.7000 -3.3000 -45.4800
-6.3000 -3.1800 -45.3600
-6.3600 -4.2000 -44.3400
-6.1800 -4.3800 -43.7400
-5.5800 -5.1000 -43.3800
-6.1200 -5.2200 -43.5000
-6.9600 -5.4600 -44.7600
-6.7200 -5.7000 -44.6400
-7.0800 -5.5200 -43.8000
-7.9800 -5.4000 -44.0400
-8.1000 -4.8600 -44.1600
-8.2200 -4.5600 -44.0400
-8.5800 -3.4200 -45.0600
-9.2400 -3.1800 -44.9400
-8.1000 -2.5800 -44.2200
-7.4400 -2.7000 -43.9800
-7.5600 -3.0000 -44.7000
-7.5600 -3.5400 -44.8200
-7.0200 -3.3600 -45.2400
-6.9600 -3.1200 -45.2400
-7.4400 -3.0000 -44.7600
-7.6200 -2.7600 -44.2800
-7.9800 -2.7600 -44.4000
-8.4600 -2.3400 -44.9400
-8.7600 -2.1600 -45.0000
-9.0000 -2.3400 -44.6400
-10.0800 -2.7000 -44.5800
-10.6800 -3.3000 -44.2800
-11.1600 -3.4800 -44.5200
-10.9800 -3.6000 -44.4000
-11.8200 -4.3800 -43.7400
-12.8400 -5.1000 -43.2600
-13.1400 -5.6400 -43.2600
-13.6800 -6.7200 -42.2400
-13.8600 -6.6600 -41.9400
-14.6400 -6.9000 -42.1200
-15.3000 -6.8400 -42.3000
-15.2400 -7.5600 -42.0000
-14.4000 -8.7600 -41.4000
-14.4000 -9.2400 -42.3000
-13.8000 -10.0800 -40.6200
-14.4600 -9.8400 -40.6800
-14.2800 -10.1400 -40.0800
-14.6400 -10.4400 -41.9400
-14.0400 -10.6200 -42.0000
-14.0400 -10.3800 -42.0600
-13.8000 -11.1000 -41.6400
-13.9200 -10.8600 -41.4600
-13.4400 -11.2200 -41.4600
-13.6800 -11.0400 -41.7000
-12.9000 -11.8200 -41.1600
-13.1400 -12.8400 -41.1000
~G379
-0.0313 -0.3488 0.2074
-0.0472 -0.4759 0.1964
-0.0594 -0.6029 0.1445
-0.0680 -0.6884 0.1164
-0.1174 -0.8405 0.0559
-0.1987 -0.8405 0.0040
-0.2952 -0.7355 -0.0583
-0.3954 -0.5657 -0.1267
-0.5133 -0.3995 -0.1744
-0.6110 -0.3250 -0.2116
-0.6654 -0.2737 -0.2342
-0.6520 -0.1894 -0.2611
-0.5334 -0.1032 -0.2715
-0.4033 -0.0574 -0.2593
-0.2298 -0.0635 -0.2403
-0.0881 -0.1271 -0.2189
0.0133 -0.1820 -0.2122
0.0768 -0.1955 -0.1908
0.1342 -0.2346 -0.1444
0.1868 -0.2688 -0.1023
0.2607 -0.2865 -0.0675
0.3004 -0.2431 -0.0595
0.3395 -0.1368 -0.0620
0.3493 -0.0556 -0.0601
0.3138 -0.0153 -0.0577
0.2851 -0.0464 -0.0534
0.3169 -0.0721 -0.0241
0.3761 -0.1179 0.0242
0.4195 -0.1613 0.0504
0.4165 -0.1851 0.0590
0.4024 -0.2046 0.0614
0.4000 -0.2034 0.0480
0.4287 -0.1863 0.0077
0.4610 -0.2034 -0.0497
0.4757 -0.2504 -0.1065
0.4513 -0.2877 -0.1872
0.4183 -0.2700 -0.2696
0.3572 -0.1881 -0.3937
0.3218 -0.1228 -0.4804
0.3096 -0.0318 -0.5598
0.3517 0.0684 -0.5855
0.4604 0.1943 -0.5989
0.5893 0.2492 -0.5940
0.6797 0.2596 -0.5830
0.8257 0.3800 -0.4932
0.9131 0.5217 -0.3961
1.0316 0.7104 -0.2342
1.1507 0.8473 0.0217
1.2185 0.8986 0.2142
1.2204 0.9010 0.3229
1.1055 0.7599 0.4273
0.8648 0.3983 0.4634
0.6602 0.0544 0.3901
0.4562 -0.2645 0.1451
0.3199 -0.3268 -0.2330
0.2619 -0.1802 -0.4767
0.2472 0.1283 -0.6386
0.2411 0.4484 -0.5879
0.1458 0.4093 -0.5635
-0.0356 0.0929 -0.6905
-0.2775 -0.2724 -0.9709
-0.5115 -0.3903 -1.2977
-0.6776 -0.3140 -1.5341
-0.7686 -0.1051 -1.7290
-0.6965 0.1197 -1.7168
-0.5041 0.2248 -1.5054
-0.2543 0.0574 -1.2263
0.1086 -0.4698 -0.9709
0.3755 -0.8925 -0.8610
0.6962 -1.3408 -0.8035
0.8239 -1.5125 -0.8475
0.8239 -1.5308 -0.9899
0.7402 -1.4960 -1.1621
0.5814 -1.4752 -1.4126
0.3560 -1.4960 -1.7180
0.1397 -1.5327 -2.0051
-0.0264 -1.5504 -2.2061
-0.1431 -1.5821 -2.3551
-0.2060 -1.5345 -2.4370
-0.2054 -1.4422 -2.4517
-0.1352 -1.3079 -2.3350
0.0072 -1.2199 -2.1163
0.0664 -1.1973 -2.0491
0.4555 -1.0812 -1.8121
0.6101 -1.0067 -1.7626
0.5997 -0.9927 -1.7522
0.4543 -0.9432 -1.7412
-0.2469 -0.6060 -1.6435
-0.4589 -0.4533 -1.5708
-0.6794 -0.1466 -1.3649
-0.6324 0.0513 -1.0833
-0.6049 0.0024 -0.9153
-0.6593 -0.0238 -0.8420
-0.7900 0.0849 -0.8597
-0.8908 0.1051 -0.9153
-1.2359 -0.0049 -1.1395
-1.4968 -0.1417 -1.1695
-1.6428 -0.2694 -1.0870
-1.6580 -0.3738 -0.9104
-1.3850 -0.3311 -0.6001
-1.0056 -0.2278 -0.3039
-0.4998 -0.1179 0.0126
0.0218 -0.0611 0.2875
0.6437 -0.1075 0.5074
0.8789 -0.1662 0.5685
1.2503 -0.4404 0.5953
1.1770 -0.6512 0.3950
0.9687 -0.6750 0.2368
0.5612 -0.6255 -0.0510
0.2265 -0.5217 -0.2929
0.0023 -0.3818 -0.4792
-0.0356 -0.3219 -0.5500
-0.0270 -0.2932 -0.5726
0.0475 -0.2767 -0.5806
0.0896 -0.2932 -0.6062
0.1287 -0.3274 -0.6710
0.1532 -0.3604 -0.6930
0.2185 -0.4618 -0.6386
0.2949 -0.5400 -0.5830
0.3890 -0.5699 -0.5317
0.4342 -0.4942 -0.4969
0.4391 -0.1643 -0.4670
0.4183 0.1393 -0.4957
0.3951 0.4484 -0.5109
0.3737 0.5492 -0.4181
0.3273 0.4026 -0.3155
0.2802 0.2169 -0.2953
0.0530 -0.4997 -0.4291
-0.0057 -0.6280 -0.4890
-0.5029 -0.6689 -0.8445
-0.7564 -0.2309 -0.9392
-0.8731 0.0354 -0.8738
-0.8884 0.0483 -0.7993
-0.5157 -0.7923 -0.6649
-0.4699 -1.1051 -0.7070
-0.4840 -1.1955 -0.7309
-0.4235 -1.0110 -0.7174
-0.2628 -0.7196 -0.6661
-0.0002 -0.3842 -0.5849
0.4213 -0.0507 -0.4853
0.8325 0.1423 -0.4309
1.2326 0.2309 -0.3430
1.5307 0.1289 -0.2923
1.6535 -0.0489 -0.2910
1.6467 -0.3109 -0.2971
1.5172 -0.5027 -0.2990
0.7378 -0.5852 -0.3167
0.2094 -0.3903 -0.3497
-0.3294 -0.2175 -0.4340
-0.6752 -0.0861 -0.4975
-0.9268 0.0574 -0.5800
-0.8871 0.0672 -0.5965
-0.6507 0.0660 -0.5800
-0.2305 0.0189 -0.4798
0.3089 -0.0342 -0.1689
0.3902 -0.0794 -0.0161
0.2821 -0.1680 0.1390
0.0292 -0.2462 0.1732
-0.2763 -0.2902 0.0382
-0.5481 -0.3060 -0.1267
-0.8731 -0.1747 -0.2501
-1.0643 0.0605 -0.2428
-1.1559 0.3861 -0.0894
-1.0496 0.5266 0.1024
-0.7760 0.5974 0.2539
-0.3832 0.6170 0.3223
-0.0429 0.5864 0.3143
0.2576 0.5089 0.2759
0.5276 0.3696 0.2337
0.6834 0.1955 0.2013
0.7201 0.0800 0.1989
0.6962 -0.1124 0.2282
0.6449 -0.1619 0.2618
0.5808 -0.1857 0.3290
0.5600 -0.1778 0.3547
0.5533 -0.1716 0.3608
0.5606 -0.2480 0.2661
0.5716 -0.3641 0.1409
0.6162 -0.3775 0.0327
0.7029 -0.3720 -0.0369
0.8007 -0.3628 -0.0216
0.8966 -0.3598 0.0706
0.9522 -0.3103 0.2166
0.9210 -0.2547 0.5031
0.8147 -0.3335 0.6473
0.6730 -0.4056 0.6851
0.5405 -0.4417 0.6711
0.3706 -0.4441 0.5721
0.2295 -0.3806 0.3137
0.1825 -0.2859 0.0749
0.1855 -0.1362 -0.2080
0.2094 -0.0709 -0.3124
0.2063 -0.0043 -0.3741
0.1061 0.0318 -0.4089
0.0322 0.0415 -0.4352
-0.2182 0.0354 -0.5366
-0.4339 0.0018 -0.6258
-0.6086 -0.0586 -0.6966
-0.6825 -0.1423 -0.6765
-0.6355 -0.2260 -0.6093
-0.4919 -0.3861 -0.4914
-0.4198 -0.4594 -0.4437
-0.1236 -0.7880 -0.3442
-0.0014 -0.9481 -0.3637
0.0786 -1.0953 -0.4340
0.0493 -1.1167 -0.5042
-0.0386 -1.0739 -0.6007
-0.1303 -0.9975 -0.6881
-0.2305 -0.8326 -0.8097
-0.2518 -0.7269 -0.8769
-0.2488 -0.7000 -0.9092
-0.2372 -0.6939 -0.9276
-0.2695 -0.6591 -0.9703
-0.3459 -0.6249 -1.0271
-0.4351 -0.6072 -1.1169
-0.4705 -0.7245 -1.2043
-0.2567 -0.8570 -1.2214
0.0023 -0.9273 -1.1884
0.1012 -0.9615 -1.1566
0.1709 -0.9322 -1.0076
0.0683 -0.7758 -0.8940
-0.0533 -0.6322 -0.8787
-0.1009 -0.6035 -0.8842
-0.4424 -0.5473 -0.8769
-0.7717 -0.5736 -0.8915
-1.1333 -0.5400 -0.9343
-1.3789 -0.4490 -0.9679
-1.5585 -0.2944 -0.9990
-1.5548 -0.2804 -1.0009
-1.2097 -0.3152 -0.8121
-0.9018 -0.3415 -0.5910
-0.4559 -0.2969 -0.2135
-0.2335 -0.1558 0.0156
-0.1547 0.0073 0.1421
-0.1400 0.2034 0.2190
-0.1724 0.4264 0.2410
-0.2408 0.5308 0.2184
-0.3838 0.5913 0.1964
-0.5414 0.5742 0.1635
-0.6623 0.5046 0.0596
-0.7161 0.3677 -0.1713
-0.6862 0.2676 -0.3472
-0.3905 0.0764 -0.5342
-0.1333 -0.0330 -0.4108
0.0505 -0.0825 -0.2434
0.1629 -0.0666 -0.0449
0.2075 -0.0037 0.0828
0.2179 0.0544 0.1537
0.2191 0.0861 0.1567
0.2130 0.1124 0.1427
0.2094 0.0929 0.1390
0.2534 0.0690 0.1518
0.5008 0.2193 0.2319
0.6058 0.3250 0.2734
0.7860 0.6054 0.3547
0.7958 0.7911 0.3846
0.7304 0.9432 0.4408
0.6577 0.9157 0.4451
0.4555 0.7086 0.3437
0.2393 0.4441 0.1806
-0.2451 0.1649 -0.3393
-0.4858 0.3189 -0.6539
-0.5805 0.5864 -0.8017
-0.5597 0.7159 -0.7877
-0.4675 0.7233 -0.6337
-0.2531 0.4075 -0.3265
-0.1400 0.1228 -0.1725
-0.0252 -0.1900 0.0187
0.0414 -0.3714 0.1720
0.1031 -0.5388 0.3327
0.1446 -0.6090 0.4157
0.1684 -0.6145 0.4622
0.1990 -0.5809 0.5349
0.2430 -0.5547 0.5428
0.3138 -0.5046 0.5159
0.4904 -0.3628 0.3931
0.6504 -0.2388 0.2545
0.7934 -0.1558 0.1341
0.8868 -0.1319 0.0730
0.9277 -0.3384 -0.0620
0.8325 -0.5815 -0.1921
0.7054 -0.7446 -0.2813
0.5563 -0.8112 -0.2660
0.5435 -0.8057 -0.2489
0.6162 -0.5247 -0.0956
0.7182 -0.3268 -0.0229
0.7573 -0.1381 0.0627
0.7005 -0.0366 0.1690
0.6596 -0.0464 0.2252
0.5533 -0.1515 0.3046
0.0005 -0.6744 0.0456
-0.2054 -0.5950 -0.1395
-0.4137 -0.0867 -0.3546
-0.4601 0.1692 -0.3894
-0.5023 0.3470 -0.2923
-0.5976 0.3360 -0.1554
-0.8114 0.1698 0.0285
-0.9531 0.0837 0.1903
-1.0246 0.0031 0.3620
-1.0521 -0.1826 0.5697
-0.9965 -0.3555 0.7334
-0.8590 -0.5033 0.8580
-0.8267 -0.5229 0.8776
-0.5573 -0.5669 0.9032
-0.3251 -0.5058 0.8311
-0.1468 -0.3012 0.7566
-0.0881 -0.1448 0.7261
-0.0405 0.2120 0.7432
-0.0362 0.2419 0.7597
0.0664 0.1802 0.8513
0.3407 0.0342 0.9460
0.5319 -0.0232 0.9881
0.7665 -0.0476 1.0107
1.1177 0.0507 1.0480
1.5704 0.4111 1.1494
1.6803 0.4881 1.1628
1.6015 0.4991 1.2031
1.4103 0.4087 1.2367
1.1446 0.3036 1.2251
0.5789 0.1533 0.9148
0.2570 0.1295 0.6283
-0.0912 0.1723 0.2832
-0.2903 0.2523 0.0413
-0.3441 0.2981 -0.1065
-0.3013 0.2993 -0.1762
-0.2989 0.2902 -0.2159
-0.4565 0.2608 -0.3423
-0.8627 0.2541 -0.4987
-1.1755 0.2908 -0.6227
-1.4785 0.3549 -0.7730
-1.5059 0.3616 -0.7895
-1.7246 0.2566 -0.7809
-1.3642 -0.0018 -0.4340
-1.1645 -0.0977 -0.3057
-0.5450 -0.3158 -0.0638
-0.1773 -0.4300 -0.0131
0.2265 -0.4722 -0.1237
0.3236 -0.3812 -0.2348
0.3468 -0.1930 -0.4004
0.3034 0.0214 -0.5225
0.2576 0.1643 -0.5665
0.2711 0.1295 -0.5360
0.3395 -0.0666 -0.4718
0.4427 -0.3653 -0.3973
0.5160 -0.5895 -0.3320
0.5576 -0.7233 -0.2941
0.5734 -0.6677 -0.3124
0.5386 -0.5143 -0.3381
0.4678 -0.3995 -0.3430
0.3499 -0.2248 -0.3155
0.2784 -0.0672 -0.2464
0.2564 0.0886 -0.1554
0.2601 0.2737 -0.0412
0.2595 0.4502 0.0651
0.1929 0.5980 0.1977
0.0707 0.6072 0.2569
-0.1028 0.5272 0.1799
-0.2604 0.3794 0.0132
-0.4870 0.2022 -0.2770
-0.6403 0.2938 -0.4260
-0.7417 0.5418 -0.4382
-0.7943 0.8112 -0.3485
-0.8126 0.9346 -0.1744
-0.7821 0.9560 0.1390
-0.7094 0.8845 0.3534
-0.5835 0.7343 0.5385
-0.2781 0.4288 0.7303
-0.1388 0.2773 0.7615
-0.0985 0.2175 0.7230
-0.1297 0.1619 0.5959
-0.2201 0.1503 0.4750
-0.3526 0.1955 0.3333
-0.4009 0.2065 0.2624
-0.4021 0.1478 0.2410
-0.3551 0.0654 0.2545
-0.2360 -0.1649 0.2746
-0.1535 -0.3262 0.2465
0.0334 -0.4374 0.1586
0.1898 -0.3793 0.0761
