D10
~A391
-0.8260 2.0519 8.3512
-0.0359 3.6321 7.8460
-0.0024 3.6513 7.6425
0.0527 3.6608 7.3600
0.1293 3.7015 7.1373
0.2275 3.8284 7.0009
0.3256 3.9913 7.0679
0.4118 4.1900 7.2427
0.3974 4.3959 7.6329
0.2873 4.4845 7.9418
0.1437 4.6257 8.3105
0.1077 4.8436 8.8804
0.1915 5.0232 9.2395
0.4908 5.3344 9.5077
0.7973 5.5116 9.5436
1.0176 5.6529 9.4502
1.0247 5.8372 9.0623
0.6896 6.0264 8.3848
-0.0479 6.3281 7.4438
-0.3951 6.4430 7.0272
-1.1085 6.5076 6.2993
-1.7191 6.4813 5.7798
-2.3344 6.0862 5.2913
-2.6385 5.5667 5.2267
-2.7438 5.0639 5.2506
-2.7199 4.4797 5.3632
-2.7247 4.1421 5.4996
-2.8971 3.9673 5.8253
-3.1413 3.9769 6.2945
-3.6608 4.1229 6.9266
-4.1756 4.1876 7.2954
-4.7167 4.2331 7.2834
-4.7191 4.4079 6.6944
-3.9122 4.8604 6.5986
-2.5834 5.3584 7.1038
-0.9386 5.6457 7.8149
1.0367 5.4781 9.3784
2.5978 4.6640 11.5165
2.7343 4.0415 12.7328
1.7095 4.0607 12.6322
0.7374 4.3360 11.8517
0.5770 4.6114 10.7575
0.7710 4.8053 9.9458
1.0631 4.7718 9.7040
2.9210 4.1253 9.9698
3.5459 3.6680 11.0089
2.9521 3.1676 11.6721
1.6425 3.0551 11.8517
0.4836 3.2083 11.7128
-0.1221 3.4909 11.0089
-0.2466 3.9577 9.6992
0.0455 4.3983 8.6505
0.7925 4.6832 7.8556
1.9753 4.8029 7.0056
2.3943 4.8628 6.6226
2.2674 4.8340 6.4191
1.6353 4.8149 6.2898
0.8260 4.7431 6.1461
0.2466 4.5084 6.0647
-0.4573 4.1469 6.0599
-0.8260 3.9841 6.0384
-0.8979 3.9027 5.9498
-0.7805 3.7830 5.9929
-1.0032 3.7039 6.2419
-1.8604 4.0248 6.4502
-2.3871 4.5874 6.2778
-3.0192 5.2985 5.8372
-3.8189 5.7175 5.6361
-4.3193 5.9067 5.6601
-4.8149 6.1605 5.8588
-5.5044 6.7878 6.5316
-5.6074 7.2570 7.2187
-5.0088 7.2235 7.9753
-4.0176 6.9841 8.5547
-3.3280 6.9266 8.7511
-1.4845 7.1445 8.6721
-0.4717 7.2642 8.9522
0.1053 7.2211 9.3808
1.0128 6.8380 10.9251
1.0415 6.2467 12.2060
0.9457 5.7080 12.7375
0.9433 5.5020 12.5053
1.0655 5.7367 11.5260
1.0415 5.9115 10.6090
0.5291 6.0408 9.7878
-0.0790 6.3065 9.4167
-0.6632 6.5196 9.2802
-0.9888 6.5316 9.2395
-1.0104 6.4526 9.2275
-0.8979 6.4023 9.1581
-0.6919 6.2347 8.7223
-0.5698 5.9306 7.7503
-0.6848 5.9474 6.9003
-0.8188 6.0839 6.0144
-0.7710 5.8851 4.9346
-0.9649 5.4877 4.1301
-1.7191 4.9609 3.7351
-2.5738 4.2953 4.0655
-3.0934 3.9242 4.5874
-3.4358 3.6513 5.6792
-3.4118 3.8141 6.4143
-3.0144 4.1948 7.2451
-2.1525 4.5324 7.9538
-0.9577 4.7335 8.9091
-0.2011 4.7885 9.8093
0.1341 4.7718 10.4606
0.3974 4.7574 11.9450
0.1245 4.7478 12.6585
-0.1556 4.7598 12.8094
-0.3591 4.7742 12.3161
-0.4214 4.7407 11.3704
-0.1604 4.9250 10.2571
0.1341 5.1357 9.6106
0.4501 5.3751 9.0815
0.2825 5.4135 8.8492
-0.1700 5.3656 8.5907
-0.6297 5.3536 8.2842
-0.8164 5.4015 8.1118
-0.8859 5.4542 8.1118
-0.8548 5.4589 8.1884
-0.8332 5.5092 8.5787
-0.9409 5.5882 8.7870
-0.9481 5.5834 8.7894
-0.8763 5.5451 8.7870
-0.6728 5.4494 8.9115
-0.4717 5.2674 9.1294
-0.4118 5.0759 9.2754
-0.4884 4.7718 9.3520
-0.6991 4.4797 9.1581
-0.9553 4.2666 8.9043
-1.2570 4.0607 8.4039
-1.4940 3.9482 7.7958
-1.6329 4.0320 7.1828
-1.5611 4.0894 6.9362
-1.0607 4.5156 6.8117
-0.9026 4.4581 7.1852
-0.9386 4.3815 7.5156
-1.2809 4.3624 8.0088
-2.0567 4.7670 8.2195
-2.6145 5.1357 8.1525
-2.9162 5.4374 7.5851
-2.3105 5.4805 7.3169
-1.8556 5.8971 7.5420
-1.8220 6.4837 7.8604
-2.4446 7.1948 8.0735
-2.8061 7.5731 8.0160
-2.3177 7.2331 7.8915
-1.3169 6.7614 7.7527
-1.0056 6.8668 7.8029
-0.9457 7.5803 8.0256
-1.3312 7.7982 8.0759
-1.8268 7.6760 8.0615
-1.9849 7.5970 8.1166
-1.7718 7.7215 8.2483
-1.0032 7.8412 8.4614
-0.3089 7.9322 8.8014
0.0766 7.8867 9.3425
0.2394 7.5970 9.9315
0.2682 7.2954 10.4582
0.1437 7.0080 10.6306
-0.0766 6.9506 10.1086
-0.4908 6.9171 9.1318
-0.5866 6.7375 8.3632
-0.3113 6.3664 7.7886
-0.0120 6.1317 7.4653
0.0527 5.9881 7.3241
-0.0335 5.9258 7.3624
0.0000 5.8420 7.3073
0.2442 5.6625 6.8883
0.5531 5.5787 6.2610
0.8715 5.5763 5.6218
1.3552 5.5571 5.0974
1.5850 5.5308 4.9131
1.8484 5.3704 4.7885
1.5946 5.3201 4.9418
0.8500 5.2770 5.3680
0.0024 5.0088 5.8253
-0.6872 4.7718 6.0910
-1.4821 4.6257 6.3927
-1.8196 4.6257 6.5555
-2.2913 4.7742 7.0176
-2.4924 5.1549 7.7096
-2.2386 5.1668 8.0280
-0.5507 5.0304 8.6816
0.9026 5.5691 9.2180
0.6656 6.2012 9.0719
0.0311 7.0464 8.5763
-0.0239 7.2523 7.6641
0.6153 6.7686 7.1230
1.3935 6.4167 7.1469
1.3599 6.6058 7.7551
1.0295 6.4502 8.5931
0.5746 5.8037 9.2395
-0.0862 5.4901 9.5915
-0.7063 5.4925 9.7950
-0.8045 5.4422 9.7926
-0.6225 5.3368 9.6561
-0.4932 5.4637 9.5819
-0.2538 5.5595 9.6082
0.0934 5.4661 9.5675
0.4310 5.3895 9.4478
0.6297 5.2794 9.2323
0.6776 5.0687 8.9881
0.6417 4.7862 8.7822
0.5746 4.5515 8.6433
0.4645 4.3193 8.4446
0.2706 4.1038 8.0352
0.1317 4.0367 7.6665
0.0144 3.9577 7.4055
-0.1101 3.8811 7.1613
-0.2346 3.8284 6.7566
-0.3735 3.8572 6.4478
-0.5770 3.9242 6.1030
-0.7231 3.9960 5.7080
-0.7877 4.0320 5.4135
-0.7757 4.0415 5.1621
-0.7781 4.2283 5.0783
-0.9984 4.5563 5.1716
-1.3336 5.1836 5.1788
-1.4174 5.6625 5.3608
-0.9649 5.8899 5.7056
-0.2466 6.1748 6.1413
-0.0479 7.1278 6.4885
0.0335 8.0041 6.6297
0.5052 7.8748 6.7016
1.5754 7.3672 6.9673
1.5419 7.6282 7.2379
0.9864 8.1214 7.6282
0.1939 7.9203 8.3057
-0.4884 6.9554 9.3018
-1.1660 6.1964 10.7647
-1.3288 5.7941 13.4941
-0.9697 5.8253 14.8277
-0.3280 5.7343 15.0767
0.2227 5.7582 14.2244
0.5938 6.0408 12.4359
0.7303 6.2371 11.2004
1.1062 6.4286 9.0623
1.3049 6.4765 7.6665
1.4030 6.4741 6.7351
1.3647 6.3496 5.9785
1.2738 6.1413 5.6888
1.1301 5.8732 5.5978
1.0224 5.4925 5.6409
0.8308 5.2028 5.5834
0.6512 5.0399 5.5427
0.5459 4.9370 5.4973
0.4645 4.9035 5.5834
0.3855 5.0304 5.7127
0.2634 5.2387 6.0240
0.1604 5.0950 5.9067
-0.1963 5.1836 5.7151
-0.6105 5.3632 5.7343
-1.0224 5.5882 6.0695
-1.1349 5.6696 6.3353
-0.1963 5.9282 8.6912
0.7614 6.1389 9.8788
1.4342 6.3113 10.6210
1.9705 6.2371 11.3417
1.9418 5.9905 11.8181
1.3552 5.8516 11.6074
1.1540 5.8516 11.4734
-0.2753 6.2419 9.9338
-0.3137 5.6672 9.2443
-0.1915 5.2052 9.0336
-0.1077 5.1477 9.0671
-0.0359 5.2004 9.3520
0.1844 5.0088 9.7591
-0.4453 5.0376 9.3832
-0.8332 5.1621 8.6721
-1.0463 5.1812 8.2028
-1.2905 5.3464 7.7718
-1.2618 5.3895 7.7335
-0.7494 5.3680 8.1238
-0.4621 5.3320 8.5643
-0.1006 5.3201 8.8995
0.2203 5.3033 9.5029
0.3663 5.1453 9.7710
0.3807 5.0423 9.8261
0.4405 4.9849 9.7184
0.6919 4.9178 9.3113
0.7087 4.7550 8.4255
0.4453 4.6353 7.6784
0.0814 4.4629 6.7255
-0.2682 4.1541 5.8971
-0.6105 3.8859 5.3464
-0.7997 3.7806 5.0663
-1.0894 3.7638 4.8101
-1.1995 3.7925 4.8316
-1.1804 3.7853 5.5475
-1.0870 3.7015 6.5364
-1.1732 3.6632 7.3696
-1.9130 3.9625 8.5595
-2.2075 4.2115 8.5643
-2.7845 5.1525 8.0831
-3.0072 5.9785 7.7096
-2.8659 6.5076 7.5707
-2.5331 6.9338 7.5563
-1.6305 7.3385 7.6760
-0.0575 7.0942 7.9705
0.5028 6.8955 8.1238
1.8077 6.3113 9.1988
1.5587 6.1748 9.8548
0.6105 5.7630 10.5252
-0.7063 5.2171 10.5923
-2.0375 5.3536 10.1350
-2.2315 5.5643 9.5292
-1.6425 5.7798 8.8875
-0.8236 6.0551 8.4853
-0.0862 6.3017 8.2531
0.8667 6.6441 8.1956
1.1349 6.7926 8.4973
0.8284 6.5747 9.1006
0.0742 6.2586 9.5556
-0.7422 5.7343 9.8046
-0.8715 5.6218 9.8117
-1.7311 4.3624 9.3257
-2.1189 3.8093 8.7750
-2.3775 3.5268 8.3057
-2.3919 3.3065 7.9514
-2.0615 3.2466 7.9969
-1.6113 3.2873 8.0376
-1.4773 3.4693 7.7718
-1.4437 3.9218 7.2666
-1.3839 4.4438 6.8069
-1.3743 4.7191 6.7040
-1.2761 4.9322 6.8165
-1.2283 4.9681 7.0272
-1.0559 5.2387 7.6737
-0.7207 5.3871 8.6792
-0.3160 5.3344 9.7112
-0.2562 5.3201 9.9291
0.2777 4.9657 10.8604
0.1365 5.0687 10.7886
-0.0096 5.2459 10.1900
-0.1149 5.4230 9.3353
-0.4070 5.8253 8.4997
-0.6297 6.2131 7.9610
-0.4262 6.1269 7.9610
0.1772 5.7798 8.2339
0.7901 5.5715 8.6864
1.3623 5.4063 9.4646
1.4605 5.2123 10.0607
1.4509 5.1788 10.1421
1.1612 4.5683 10.9131
0.4573 4.4294 10.8628
0.0718 4.3408 10.2595
0.0599 4.1541 9.3880
0.1317 3.9673 8.5332
0.3280 3.7949 7.9586
0.6656 3.6058 7.7407
0.9002 3.4621 7.4007
1.0846 3.2418 6.6537
1.0511 3.1341 6.1509
0.6608 2.9641 5.2578
0.2370 3.0503 4.6712
0.6943 3.9889 4.8580
1.1469 4.3049 5.0807
1.1852 4.3312 5.1261
0.8979 4.4438 6.6010
-0.0120 4.6090 8.1741
-1.3528 4.9202 9.6298
-1.9968 5.1070 10.2020
-2.7079 5.4805 9.9362
-2.8899 5.7630 9.2347
-2.9162 6.3736 7.9466
-2.5140 6.9171 6.7112
-2.2913 7.0966 6.2898
-2.3320 7.3121 6.2922
-2.8923 7.4007 7.1709
-2.9785 7.3049 7.4965
-2.8109 6.6920 8.6505
-2.8564 6.6561 9.4382
-2.8875 6.6704 9.5005
-3.0527 6.6872 10.4582
-2.9282 6.4454 10.7886
-2.5331 6.3807 11.0376
-1.3767 6.3640 11.1166
-0.5339 6.3113 11.1142
-0.4501 6.3161 11.1190
0.6800 6.1485 10.8580
0.7063 6.0934 10.5803
0.3927 6.0431 9.4694
0.2107 6.0958 8.6816
0.2035 6.1006 8.5859
0.4214 5.9019 6.8955
0.6824 5.8420 6.7183
0.7159 5.8229 6.7088
1.5970 5.3009 7.2882
1.5754 4.7191 7.4246
1.1900 4.3791 7.4390
~M391
18.2400 -3.1800 -36.2400
18.5400 -3.7200 -35.8800
17.7000 -3.9000 -37.2000
17.2800 -3.8400 -37.8600
17.2800 -3.4200 -37.8000
17.2800 -3.8400 -37.2000
17.2200 -4.3200 -37.7400
17.1600 -3.8400 -37.9800
16.8600 -4.4400 -37.7400
16.3800 -5.2200 -37.5000
16.8600 -5.2200 -37.3800
17.2800 -5.5200 -36.5400
17.3400 -5.3400 -37.0800
16.3200 -4.7400 -37.9800
15.6600 -5.1000 -38.2200
15.9600 -5.4000 -38.5200
15.5400 -5.2800 -39.0000
15.9600 -5.9400 -38.1000
16.6200 -6.1200 -37.5600
16.3200 -5.7000 -37.8600
15.9600 -5.0400 -37.4400
15.7800 -4.7400 -38.3400
15.8400 -4.9200 -38.3400
16.3200 -5.0400 -38.3400
16.3200 -4.5600 -38.3400
15.5400 -4.5000 -38.7000
16.2000 -4.8000 -38.5200
16.9200 -5.5800 -38.2200
16.5000 -6.6600 -38.1600
15.6000 -7.7400 -39.2400
14.3400 -7.1400 -40.3200
14.1000 -6.9600 -40.2600
14.4600 -6.4200 -40.1400
14.5200 -6.7200 -39.7200
14.6400 -6.5400 -39.6600
13.8600 -7.2600 -39.0600
12.9000 -7.0200 -39.8400
12.4200 -6.4200 -40.6800
12.0600 -5.4000 -41.0400
12.3000 -4.2600 -41.1600
12.0600 -4.1400 -41.2200
11.7000 -4.0800 -40.8600
10.8600 -4.5000 -40.8000
9.2400 -5.4600 -41.5200
8.6400 -6.0000 -41.4600
9.0600 -5.7600 -40.8600
8.7600 -6.1200 -40.4400
8.5200 -5.7600 -40.9800
7.3800 -5.1000 -41.9400
6.2400 -5.1000 -41.8200
5.3400 -4.6800 -42.4800
5.3400 -4.1400 -42.9600
5.7600 -3.9600 -42.6000
5.8800 -3.8400 -42.5400
6.3600 -3.4800 -42.8400
6.9000 -2.8200 -42.1200
7.2600 -2.5200 -42.2400
7.2000 -2.7000 -42.7200
7.3200 -3.6000 -42.6000
7.2000 -3.5400 -42.2400
7.8000 -3.8400 -42.0000
7.9800 -2.5800 -42.9600
7.7400 -1.2600 -43.2000
7.4400 -0.9600 -43.5000
8.0400 -1.0200 -43.0800
8.2200 -0.7200 -43.0200
8.0400 -0.2400 -43.2000
7.6200 0.3000 -43.7400
7.4400 -0.7800 -43.4400
8.1000 -1.0800 -42.8400
8.1000 -1.8000 -42.0600
7.8600 -2.1000 -41.6400
7.8600 -3.4200 -41.1600
7.0800 -4.3200 -40.7400
6.6600 -5.2800 -40.7400
6.1200 -6.0600 -41.1000
6.6600 -6.2400 -40.6800
6.6000 -6.4800 -40.8000
6.7200 -6.4200 -41.4000
5.6400 -6.7200 -42.0000
5.8800 -7.0800 -41.5200
5.7000 -6.7800 -41.1000
5.0400 -5.9400 -41.5800
5.4000 -5.8200 -41.4600
4.4400 -6.0000 -42.5400
3.2400 -5.7000 -44.1600
3.4800 -5.7000 -44.4600
3.4800 -5.7000 -44.6400
3.5400 -5.4600 -44.5200
5.0400 -5.4600 -42.6000
6.1800 -5.2800 -41.7000
5.7600 -5.1000 -42.6000
4.9800 -5.1000 -42.2400
4.9200 -4.9800 -42.0000
4.2000 -5.1600 -41.8200
4.0800 -5.2200 -42.1800
4.1400 -5.2200 -42.7800
3.6600 -5.1000 -42.8400
3.4200 -5.1000 -42.7800
3.2400 -5.5200 -42.6600
1.9200 -6.9000 -42.2400
1.7400 -6.7200 -42.1800
0.4200 -6.8400 -42.6000
0.0600 -6.3600 -43.0800
-0.1800 -6.6000 -43.3800
-0.4800 -7.2600 -44.1000
-0.9600 -7.8600 -44.4600
-1.5600 -7.9200 -43.9800
-1.3800 -8.1000 -43.9200
-0.6600 -7.8600 -44.6400
-0.7800 -7.0800 -44.6400
0.1800 -6.8400 -44.1600
-0.0600 -6.7200 -43.8000
0.0000 -6.6600 -43.9800
-1.0200 -6.0600 -45.0600
-1.3200 -5.1000 -44.7000
-1.0200 -4.1400 -43.8000
-0.4200 -3.7800 -43.8000
-0.1200 -4.0200 -44.4000
0.2400 -4.1400 -44.4000
0.7200 -4.2600 -44.7000
1.2000 -4.9800 -44.3400
1.5000 -5.2800 -44.3400
1.3200 -6.0000 -43.1400
1.8600 -6.0600 -43.4400
1.6800 -5.8200 -43.9200
1.1400 -6.9600 -43.8000
0.7200 -8.3400 -43.6800
0.6600 -8.7600 -43.9200
0.7200 -8.7000 -43.8000
0.8400 -8.2200 -44.0400
0.7800 -8.2200 -44.2800
1.3800 -9.2400 -43.2600
1.2600 -9.4200 -42.6600
0.2400 -9.3600 -41.7600
-0.7200 -9.6000 -42.2400
-1.3200 -10.2600 -43.7400
-1.5600 -10.4400 -44.4000
-1.9200 -10.4400 -43.8600
-2.4600 -10.8600 -43.6200
-3.0600 -11.1000 -43.0200
-2.2200 -11.9400 -42.5400
-1.8600 -10.9800 -43.2000
-1.9800 -10.3200 -43.9800
-2.0400 -9.3000 -44.5200
-2.4000 -9.4200 -44.4000
-2.7600 -8.8800 -44.3400
-2.5200 -8.5200 -43.5600
-2.8800 -8.2800 -43.2600
-3.7200 -8.3400 -43.5600
-4.1400 -8.7600 -43.9200
-4.5600 -8.8800 -44.2200
-4.8000 -9.1200 -44.3400
-5.7000 -8.8200 -43.6200
-6.3000 -9.1200 -43.3800
-6.4800 -9.4200 -43.6200
-7.0800 -10.5000 -43.6800
-7.7400 -12.0600 -43.3200
-7.9800 -12.5400 -42.8400
-7.5600 -13.5600 -42.2400
-7.9200 -13.5000 -42.1200
-8.3400 -13.9800 -42.6000
-7.3800 -14.1600 -42.3000
-7.5600 -14.0400 -41.8800
-7.6200 -13.9200 -41.6400
-7.8000 -13.5000 -42.6000
-7.5000 -12.3600 -42.9000
-7.3800 -11.2200 -43.2600
-7.7400 -10.2600 -43.1400
-8.5800 -8.8200 -43.2000
-8.5800 -8.1000 -42.9000
-9.3600 -7.4400 -42.8400
-10.3200 -6.9000 -43.5600
-10.3200 -6.9000 -43.5000
-10.5600 -7.4400 -43.8600
-10.8000 -7.6800 -44.2200
-10.2600 -8.4600 -43.0800
-10.6200 -9.0600 -42.7200
-11.1000 -8.7600 -42.6600
-11.4000 -9.1200 -42.9600
-11.8800 -9.1800 -43.0200
-11.7600 -9.2400 -42.7800
-10.9800 -10.0800 -41.5200
-11.4600 -10.6200 -41.5800
-11.5800 -10.6800 -41.7000
-11.8800 -10.6800 -42.0600
-11.6400 -11.0400 -42.1200
-11.8200 -10.9800 -42.7200
-11.8800 -10.7400 -42.9000
-11.4000 -10.6800 -43.1400
-11.6400 -10.0200 -42.9600
-10.7400 -9.4800 -42.8400
-10.2000 -9.9000 -42.1200
-8.5800 -10.3800 -41.2800
-8.5200 -10.6800 -41.4000
-7.3800 -9.9600 -41.5200
-8.3400 -9.0600 -42.8400
-9.1800 -9.0600 -44.0400
-8.1000 -8.4600 -43.9800
-7.3200 -7.8600 -43.6200
-6.7200 -8.6400 -42.7200
-6.0000 -9.1200 -42.1800
-6.0600 -8.8800 -41.9400
-7.2000 -8.2800 -42.1200
-7.5000 -8.1000 -42.0600
-7.5600 -8.5800 -41.7600
-7.5600 -8.8800 -41.7600
-7.6800 -9.6000 -42.3000
-7.9200 -10.7400 -42.5400
-7.2000 -11.4000 -42.1200
-6.4200 -12.0600 -41.9400
-7.0200 -12.4200 -41.8200
-7.0800 -12.3000 -42.3000
-6.7800 -11.3400 -43.9200
-6.0600 -11.3400 -44.4000
-6.2400 -11.2800 -44.0400
-6.0600 -11.6400 -44.1000
-5.8200 -11.9400 -44.3400
-5.0400 -11.5800 -43.0200
-5.3400 -11.2200 -43.4400
-5.8800 -10.6200 -44.2200
-5.4000 -10.0200 -43.9800
-5.2800 -9.2400 -43.6200
-4.6800 -8.4000 -44.1600
-3.7800 -8.0400 -45.3600
-4.3800 -7.0200 -46.0200
-4.4400 -6.8400 -45.9600
-5.0400 -6.5400 -45.6600
-5.2200 -6.6600 -45.8400
-5.3400 -6.3000 -45.7200
-5.5200 -6.1200 -45.3600
-5.4000 -6.4800 -45.1200
-5.7600 -6.7200 -45.1200
-6.2400 -6.4800 -45.4200
-6.8400 -5.8800 -45.4800
-7.0200 -6.3000 -45.3600
-6.3600 -7.1400 -44.7600
-6.6600 -8.2200 -45.0000
-7.6200 -8.7600 -45.3000
-7.8600 -9.0000 -45.1200
-7.5000 -8.9400 -45.6000
-6.9000 -8.6400 -45.1800
-6.4800 -8.7600 -45.2400
-7.0200 -9.3000 -44.5800
-6.9600 -9.1800 -45.7200
-6.4200 -9.7200 -45.8400
-5.4000 -9.4800 -46.4400
-4.9800 -9.4800 -46.5000
-3.6000 -9.6000 -45.0000
-3.3000 -9.7800 -43.5600
-3.9000 -9.0000 -43.6800
-3.6600 -8.3400 -44.2200
-3.9600 -8.3400 -45.1200
-4.5000 -8.4600 -45.4800
-4.2000 -8.4600 -46.0800
-4.1400 -8.6400 -45.7200
-5.3400 -8.8200 -45.4200
-5.2800 -9.4200 -45.2400
-5.7000 -9.5400 -44.8800
-5.4000 -9.9000 -45.1200
-5.9400 -9.7200 -45.3600
-5.6400 -9.5400 -46.2000
-5.1600 -9.5400 -46.2000
-4.3800 -9.3600 -46.2000
-4.2000 -9.1800 -45.7200
-4.0800 -8.6400 -46.6200
-3.3600 -9.2400 -46.0800
-3.0600 -10.8600 -45.3600
-3.0600 -11.2200 -45.4800
-3.4800 -11.2800 -45.6000
-3.4800 -10.8000 -45.9600
-3.7200 -10.3800 -45.9000
-3.3000 -9.9600 -45.3600
-3.0600 -9.7200 -45.7800
-3.5400 -8.6400 -46.4400
-3.7800 -8.5200 -46.4400
-4.6800 -8.5200 -46.2600
-4.2600 -9.0000 -46.8000
-3.4200 -9.6000 -45.8400
-3.4800 -9.3600 -45.5400
-3.0000 -8.6400 -46.0800
-3.0600 -8.8800 -45.9000
-2.4600 -9.4800 -45.7200
-2.7000 -9.7800 -46.1400
-3.0000 -9.7800 -46.3800
-3.0600 -9.7200 -45.7200
-2.3400 -9.7800 -45.4200
-2.1600 -10.4400 -45.9600
-1.9800 -10.5000 -46.3200
-2.2200 -10.5000 -46.3200
-1.8600 -10.5000 -45.9600
-1.5000 -10.6200 -45.5400
-0.4200 -11.0400 -44.7000
0.6600 -11.1000 -43.8600
1.0800 -10.4400 -44.2200
1.3800 -10.3800 -44.7000
1.5600 -10.6200 -44.8200
1.4400 -10.1400 -43.8600
1.3800 -9.9000 -43.7400
0.7200 -9.7200 -44.1600
0.6000 -8.5200 -44.7000
1.2600 -7.1400 -44.9400
1.1400 -6.7200 -44.7000
1.5000 -6.6000 -45.0600
1.9800 -6.4800 -44.7600
2.2800 -6.8400 -45.5400
2.1600 -6.9600 -45.5400
1.5600 -7.2600 -45.3000
1.5600 -7.3200 -44.2800
1.8000 -6.6000 -44.4600
1.3200 -6.3000 -44.4000
0.9600 -6.7200 -44.4600
0.3600 -8.5800 -43.8600
-0.1800 -9.9000 -43.8000
-0.6600 -10.0200 -44.1000
-1.3200 -10.6800 -43.8600
-2.4000 -11.7600 -43.5600
-2.6400 -12.1200 -43.3800
-3.3600 -12.3000 -43.0800
-3.8400 -12.2400 -43.0200
-4.6200 -12.1800 -43.2000
-5.1000 -12.4200 -42.7200
-4.8000 -12.6000 -42.3000
-4.6200 -12.2400 -42.4800
-5.1000 -12.4800 -41.7600
-4.8600 -12.5400 -42.0000
-4.8000 -12.5400 -42.6000
-4.0200 -11.5800 -42.6600
-4.0800 -10.7400 -42.6600
-3.5400 -10.0800 -42.6600
-3.3000 -9.7800 -42.3600
-3.5400 -8.9400 -42.6000
-3.9600 -8.5200 -42.8400
-4.5600 -8.3400 -42.9000
-5.1000 -8.7000 -43.5600
-5.0400 -9.3600 -43.6800
-4.2000 -9.6600 -43.0800
-4.6800 -9.7800 -42.3600
-4.8600 -10.1400 -42.0600
-5.2800 -10.5600 -41.7600
-5.6400 -11.1600 -41.7600
-6.3600 -10.6200 -42.6000
-6.6600 -10.3200 -42.2400
-6.5400 -10.8000 -42.2400
-6.0000 -11.4000 -41.7600
-6.3600 -12.1800 -41.7600
-6.9000 -12.6600 -42.1200
-7.2000 -13.3200 -41.7600
-6.9600 -13.6800 -41.2200
-6.3600 -13.7400 -41.2200
-6.3600 -13.6800 -41.2800
-5.9400 -13.1400 -41.5800
-5.4000 -12.8400 -41.9400
-4.9800 -12.9600 -41.7600
-5.2800 -12.6600 -41.3400
-5.7000 -11.7000 -41.6400
-5.7600 -9.6600 -42.6600
-6.1800 -8.1600 -43.5600
-6.7800 -7.6200 -44.1000
-6.9600 -6.0600 -44.1600
-6.8400 -5.6400 -44.3400
-7.0200 -5.6400 -44.1600
-7.3800 -5.4600 -44.3400
-7.8600 -4.9800 -43.8600
-8.0400 -4.7400 -44.4600
-7.6800 -4.1400 -44.8800
-7.9800 -4.2000 -44.5200
-7.9800 -4.5000 -44.9400
-8.3400 -5.0400 -44.4000
-8.3400 -5.2200 -44.1000
-9.9600 -5.5800 -43.7400
-10.4400 -5.7000 -43.3800
-11.8800 -5.6400 -42.0000
-12.7200 -6.7200 -41.2800
-12.4200 -7.0800 -40.9200
-13.1400 -7.6200 -41.7000
-13.5600 -8.1000 -42.4800
-13.5600 -8.2200 -42.6600
-13.3800 -8.3400 -42.7200
-13.8000 -8.7600 -41.8800
-13.2000 -9.3600 -40.8600
-13.3200 -10.0800 -41.4000
-13.1400 -10.2600 -41.7600
-13.2600 -10.6800 -41.9400
-13.1400 -10.3200 -41.9400
-13.5000 -10.2600 -42.4200
-12.7800 -10.3800 -41.5800
-10.8600 -10.5600 -40.9800
-10.6800 -10.6200 -41.0400
-11.7600 -10.3200 -42.1800
-12.4800 -11.1600 -41.9400
~G391
0.4323 -0.0965 -0.2025
0.5252 -0.1405 -0.2055
0.5820 -0.1643 -0.2037
0.5869 -0.1649 -0.2006
0.5447 -0.1295 -0.1915
0.4482 -0.1002 -0.1976
0.3205 -0.0819 -0.2025
0.2155 -0.0855 -0.2043
0.0805 -0.1674 -0.2006
0.0499 -0.2065 -0.1951
-0.0399 -0.3329 -0.1279
-0.0777 -0.4563 -0.0730
-0.0551 -0.5107 -0.0406
-0.0044 -0.5644 -0.0467
0.0530 -0.5834 -0.1304
0.1147 -0.5223 -0.2251
0.1904 -0.4184 -0.3442
0.2228 -0.3378 -0.4389
0.2277 -0.1655 -0.6172
0.2106 -0.0819 -0.6942
0.1739 0.0519 -0.8335
0.1458 0.0776 -0.9196
0.0994 -0.0183 -0.9856
0.0469 -0.1582 -1.0064
0.0194 -0.1735 -0.9850
0.0414 -0.0128 -0.9239
0.0872 0.1741 -0.8488
0.1489 0.3213 -0.7809
0.2967 0.5284 -0.6612
0.4623 0.6017 -0.5513
0.5771 0.6341 -0.4816
0.8929 0.7178 -0.2629
1.1110 0.6072 0.0016
1.0945 -0.0018 0.2923
0.8832 -0.8124 0.4829
0.4629 -1.7159 0.5898
-0.0368 -1.8796 0.5013
-0.4009 -1.2327 0.3149
-0.5237 -0.5058 0.0248
-0.4308 -0.0489 -0.1860
-0.2524 0.1912 -0.2696
-0.0002 0.0666 -0.2483
0.0866 -0.1472 -0.2275
0.0884 -0.2346 -0.2257
0.0475 -0.4478 -0.2422
-0.3978 -1.3305 -0.4963
-0.7833 -1.2425 -0.8213
-0.9238 -0.7312 -1.0577
-0.7375 -0.2517 -1.1114
-0.3251 -0.1008 -0.9813
0.1605 -0.2364 -0.7993
0.6596 -0.6640 -0.6459
0.9656 -1.2565 -0.5873
1.0261 -1.6725 -0.6233
0.8722 -1.8479 -0.8439
0.6119 -1.5571 -1.0876
0.3291 -1.0971 -1.3051
0.1104 -0.7593 -1.4682
-0.0478 -0.5681 -1.6184
-0.1144 -0.5467 -1.7211
-0.1217 -0.7098 -1.7864
-0.1016 -0.9407 -1.8060
-0.0906 -1.0788 -1.8078
-0.1492 -1.1124 -1.8451
-0.2372 -0.9200 -1.9049
-0.2549 -0.8100 -1.9184
-0.2738 -0.0568 -1.8231
-0.2958 0.3244 -1.6801
-0.3050 0.6017 -1.5855
-0.3135 0.9163 -1.4590
-0.3172 1.0892 -1.3313
-0.3056 1.0586 -1.1340
-0.2433 0.7666 -0.9257
-0.0783 0.2957 -0.6930
0.0487 0.0055 -0.5409
0.1428 -0.1497 -0.4071
0.2020 -0.1784 -0.2953
0.1428 -0.0983 -0.1004
-0.0783 -0.1655 -0.1017
-0.2622 -0.2883 -0.1426
-0.6074 -0.4728 -0.3436
-0.6941 -0.3977 -0.4761
-0.6025 -0.1185 -0.4657
-0.4858 0.0990 -0.3985
-0.3710 0.2700 -0.3271
-0.3325 0.3464 -0.3326
-0.3294 0.3244 -0.3356
-0.3099 0.2425 -0.2935
-0.2341 0.0666 -0.1744
-0.1058 -0.1747 -0.0418
0.0915 -0.4380 0.1121
0.2967 -0.5760 0.2416
0.5698 -0.6023 0.3498
0.8166 -0.5088 0.4090
1.0194 -0.3842 0.4054
1.1849 -0.2932 0.3351
1.2808 -0.3317 0.1103
1.2112 -0.4759 -0.1854
1.0292 -0.5925 -0.4688
0.7494 -0.7269 -0.5989
0.5734 -0.7709 -0.5714
0.2955 -0.6005 -0.3833
0.1318 -0.2559 -0.1976
0.0047 -0.0757 -0.0656
-0.1144 -0.0202 0.0028
-0.2127 -0.0311 -0.0204
-0.3086 -0.2077 -0.1249
-0.3404 -0.3402 -0.1939
-0.3422 -0.6524 -0.4492
-0.2494 -0.5821 -0.5433
-0.0698 -0.2767 -0.5445
0.0903 -0.0049 -0.4938
0.2063 0.1533 -0.4297
0.2301 0.1552 -0.3949
0.1642 0.0507 -0.4279
0.0261 -0.0366 -0.5317
-0.1089 -0.0428 -0.6698
-0.1852 0.0562 -0.7284
-0.2268 0.1167 -0.7009
-0.2408 0.0635 -0.6539
-0.2396 -0.0898 -0.6001
-0.2127 -0.2211 -0.5763
-0.1284 -0.5278 -0.5732
-0.0863 -0.5974 -0.5665
-0.0582 -0.5791 -0.5470
-0.0582 -0.5608 -0.5305
-0.0936 -0.5742 -0.5268
-0.1248 -0.5437 -0.5445
-0.1303 -0.4606 -0.5989
-0.0704 -0.4001 -0.6557
0.0573 -0.3665 -0.6881
0.1843 -0.3635 -0.6985
0.4244 -0.3781 -0.6551
0.5673 -0.4600 -0.5830
0.6382 -0.5864 -0.4938
0.6413 -0.6664 -0.4382
0.3071 -0.6469 -0.4523
0.2063 -0.5931 -0.5067
0.1312 -0.5119 -0.5574
0.1012 -0.3714 -0.6013
0.1904 -0.1741 -0.5842
0.2576 -0.1136 -0.5415
0.3181 -0.2987 -0.3576
0.1410 -0.3818 -0.3014
-0.0130 -0.2547 -0.2916
-0.1290 0.0122 -0.2886
-0.1681 0.1368 -0.2507
-0.1791 0.1484 -0.1481
-0.2372 0.0751 -0.0577
-0.3233 0.0037 -0.0290
-0.4217 0.0183 -0.0449
-0.4443 0.0721 -0.0809
-0.4589 0.0397 -0.0601
-0.5231 -0.0770 0.0578
-0.6037 -0.0959 0.1928
-0.7356 0.0000 0.3333
-0.8297 0.0501 0.3565
-0.8596 0.0959 0.3241
-0.7741 0.1710 0.2826
-0.6184 0.2657 0.2661
-0.2182 0.4685 0.2734
0.1648 0.5791 0.2978
0.3609 0.5932 0.3290
0.5234 0.5205 0.4041
0.5692 0.4075 0.4457
0.5533 0.2700 0.4280
0.5337 0.1344 0.3931
0.5453 0.0489 0.3889
0.6351 0.0214 0.4261
0.7109 0.0367 0.4451
0.7738 0.0012 0.4377
0.7787 -0.1106 0.4151
0.7304 -0.2895 0.3559
0.6645 -0.4117 0.2838
0.5087 -0.5907 0.0877
0.2882 -0.6426 -0.2159
0.1727 -0.4814 -0.4083
0.1300 -0.2755 -0.5287
0.1446 -0.1381 -0.5476
0.1929 -0.0580 -0.4725
0.2485 -0.1283 -0.3656
0.3841 -0.3793 -0.1365
0.4232 -0.4643 -0.0778
0.4714 -0.8784 0.0920
0.4690 -0.8992 0.0944
0.3896 -0.8143 -0.0259
0.3792 -0.4081 -0.1365
0.3987 -0.0715 -0.1695
0.3719 0.0605 -0.1939
0.2509 -0.0745 -0.2556
-0.2195 -0.5473 -0.5580
-0.5334 -0.5369 -0.7559
-0.7069 -0.3659 -0.8628
-0.8205 -0.1032 -0.9410
-0.8254 0.0843 -0.9007
-0.7204 0.0696 -0.7076
-0.6074 -0.0666 -0.5885
-0.4174 -0.4581 -0.4273
-0.3453 -0.6371 -0.3546
-0.2757 -0.7459 -0.2855
-0.2366 -0.7593 -0.2574
-0.1926 -0.7159 -0.2580
-0.1645 -0.6958 -0.2874
-0.1578 -0.7037 -0.3032
-0.1462 -0.7898 -0.3594
-0.1187 -0.8100 -0.3802
0.0139 -0.7605 -0.3955
0.1318 -0.7245 -0.4053
0.2387 -0.7196 -0.4218
0.3651 -0.6976 -0.4254
0.5606 -0.6310 -0.4126
0.7353 -0.6139 -0.4034
0.8874 -0.6432 -0.3943
1.0047 -0.6622 -0.3814
1.0395 -0.6793 -0.3735
0.9980 -0.6756 -0.3759
0.8697 -0.6194 -0.3875
0.7249 -0.4991 -0.3918
0.5930 -0.2614 -0.3656
0.4256 -0.0990 -0.2831
0.2808 -0.1527 -0.2086
0.0829 -0.2260 -0.1566
-0.1003 -0.2388 -0.1762
-0.2720 -0.1564 -0.2153
-0.3966 -0.0837 -0.2642
-0.7204 -0.1069 -0.4480
-0.9983 -0.1209 -0.6148
-1.2017 -0.0391 -0.7681
-1.4730 0.0263 -0.9648
-1.7924 -0.1142 -1.0454
-1.9397 -0.2999 -0.9355
-1.9018 -0.6952 -0.4920
-1.4265 -0.7196 -0.1157
-0.9873 -0.6408 0.1109
-0.4107 -0.4563 0.3528
0.1080 -0.2572 0.5349
0.4537 -0.2071 0.6289
0.7097 -0.2352 0.6485
0.7549 -0.3482 0.5715
0.6968 -0.4343 0.4652
0.5234 -0.4899 0.3137
0.3450 -0.4887 0.2062
0.1226 -0.3989 0.0816
0.0322 -0.2871 -0.0070
0.0261 -0.2248 -0.0687
0.0646 -0.2480 -0.1133
0.1410 -0.3195 -0.1414
0.2393 -0.3903 -0.1713
0.3169 -0.4142 -0.2000
0.4592 -0.3867 -0.3136
0.5276 -0.2162 -0.3906
0.5227 -0.1307 -0.4108
0.3658 0.0196 -0.4077
0.1770 0.0550 -0.3619
0.0744 0.0617 -0.3185
-0.2555 0.0012 -0.1322
-0.3441 -0.0782 -0.0827
-0.4424 -0.1319 -0.1267
-0.5005 0.0098 -0.3106
-0.4730 0.2315 -0.4670
-0.3850 0.4960 -0.5995
-0.3221 0.6426 -0.6527
-0.1407 0.8894 -0.6490
-0.1083 0.8216 -0.5867
-0.1694 0.5058 -0.5586
-0.2775 0.1820 -0.5433
-0.4272 -0.0024 -0.5061
-0.5622 0.1741 -0.4963
-0.5396 0.4484 -0.4883
-0.4656 0.6775 -0.4382
-0.3374 0.7673 -0.3503
-0.2433 0.5980 -0.2776
-0.1743 0.3641 -0.2080
-0.1523 0.2608 -0.1811
-0.1168 -0.3439 -0.0925
-0.1248 -0.4374 -0.0522
-0.1333 -0.4410 -0.0638
-0.1132 -0.3958 -0.0858
-0.0472 -0.3018 -0.0974
0.1373 -0.1594 -0.0852
0.3291 -0.0654 -0.0681
0.5472 -0.0079 -0.1212
0.7066 0.0141 -0.2159
0.8190 -0.0043 -0.2984
0.8856 -0.0214 -0.4126
0.8172 -0.0421 -0.4657
0.7011 -0.0342 -0.4841
0.4274 0.0550 -0.4657
0.2808 0.1197 -0.4456
-0.1455 0.3720 -0.3894
-0.3276 0.4905 -0.3882
-0.3764 0.5192 -0.3930
-0.3343 0.5027 -0.3949
-0.0209 0.4508 -0.3448
0.2656 0.3201 -0.2440
0.3871 0.1417 -0.1780
0.4171 -0.1961 -0.0748
0.3731 -0.2969 -0.0284
0.1025 -0.3201 0.0883
-0.1211 -0.2138 0.1152
-0.3093 -0.1368 0.0773
-0.7753 -0.0953 -0.1945
-0.9378 -0.0672 -0.3509
-1.0771 0.0104 -0.5775
-1.0777 0.1368 -0.7284
-0.9574 0.2615 -0.7357
-0.7479 0.3958 -0.5238
-0.6159 0.4319 -0.3014
-0.4235 0.4239 0.0639
-0.3526 0.3335 0.2606
-0.3251 0.1961 0.4225
-0.3435 0.0678 0.4756
-0.4705 -0.2169 0.3565
-0.5426 -0.3060 0.2062
-0.5634 -0.3647 0.0223
-0.4858 -0.3775 -0.1340
-0.3257 -0.4148 -0.1829
-0.2897 -0.4215 -0.1847
0.0927 -0.4936 -0.1591
0.2320 -0.5266 -0.0772
0.2735 -0.5376 0.0193
0.2741 -0.6127 0.1922
0.2674 -0.6310 0.2642
0.3340 -0.5217 0.3467
0.4635 -0.3005 0.4011
0.5637 -0.0721 0.4524
0.6205 0.1155 0.5013
0.6498 0.2120 0.5367
0.6223 0.0996 0.5721
0.5600 -0.0128 0.5623
0.4000 -0.2022 0.5110
0.2552 -0.2095 0.4774
0.2020 -0.0953 0.4573
0.2014 -0.0751 0.4567
0.3309 0.3018 0.4218
0.4250 0.4539 0.4170
0.5429 0.7141 0.4322
0.5460 0.7868 0.4243
0.4317 0.7972 0.3522
0.2228 0.7184 0.2850
0.0102 0.5156 0.2252
-0.1657 0.3012 0.1720
-0.3740 0.0507 0.0712
-0.6452 -0.1313 -0.1285
-0.6837 -0.1277 -0.1713
-0.6880 0.0513 -0.3112
-0.4314 0.2053 -0.2996
-0.1926 0.2108 -0.2318
-0.0203 0.1008 -0.1646
0.1092 -0.1600 -0.1065
0.1538 -0.3213 -0.0833
0.1929 -0.4264 -0.0711
0.2448 -0.4172 -0.0876
0.3181 -0.2895 -0.1243
0.3767 -0.1240 -0.1829
0.3865 -0.0892 -0.1945
0.4384 -0.0098 -0.2428
0.4372 -0.1014 -0.1982
0.3419 -0.3054 -0.0241
0.2607 -0.2413 0.0297
0.2295 -0.2016 0.0364
-0.1981 0.1796 -0.0595
-0.4436 0.4716 -0.2409
-0.3887 0.6176 -0.3136
-0.1242 0.6176 -0.2715
0.0017 0.5980 -0.2348
0.7414 0.4435 0.0333
1.0652 0.2676 0.1916
1.0548 0.1521 0.2447
0.7940 0.0159 0.1830
0.5490 -0.0544 0.1066
0.0114 -0.1497 -0.0534
-0.2915 -0.1112 -0.0943
-0.6074 0.0562 -0.0772
-0.6972 0.1185 -0.0577
-0.7069 0.1283 -0.0485
-0.6776 0.1936 0.0920
-0.5744 0.1320 0.2111
-0.4088 -0.0293 0.3950
-0.3288 -0.1069 0.4780
-0.1480 -0.2358 0.6528
-0.0539 -0.2639 0.6876
-0.0393 -0.2614 0.6876
0.0762 0.0006 0.5917
0.1617 0.1961 0.5422
0.2717 0.3690 0.5104
0.3248 0.4117 0.5080
0.3419 0.4184 0.5080
0.2998 0.2938 0.4060
0.2063 0.1998 0.3241
0.1813 0.1710 0.2997
