D10
~A86
-0.7326 2.6696 12.7854
-1.6544 0.9936 4.4917
-1.6113 0.8691 4.5587
-1.5467 0.7662 4.7814
-1.4916 0.7542 5.2698
-1.4246 0.7997 5.7439
-1.1947 0.9002 6.4526
-0.8021 0.7973 7.3001
-0.4070 0.5387 8.1717
-0.2490 0.3639 9.2204
-0.3903 0.2945 10.2786
-0.4645 0.1532 11.0089
-0.5794 -0.1030 11.4949
-0.6010 -0.3424 11.8205
-0.6081 -0.4980 11.9833
-0.6536 -0.5722 11.9953
-0.8045 -0.6297 11.9714
-1.0439 -0.6656 11.8181
-1.1852 -0.6608 11.6410
-1.2857 -0.7949 11.3584
-1.2259 -0.8715 11.3752
-0.9457 -0.9146 11.5260
-0.6345 -1.0176 11.8541
-0.4908 -1.0942 12.2395
-0.5124 -1.2115 12.8333
-0.5579 -1.2354 13.4391
-0.6943 -1.0750 13.4989
-0.9864 -0.7734 12.9363
-1.1923 -0.6560 12.2324
-1.3623 -0.5986 11.5189
-1.4150 -0.5435 10.9658
-1.5371 -0.0455 10.5755
-1.2857 0.1341 10.7096
-1.0918 0.1437 10.9730
-1.0822 0.1053 11.2794
-1.1900 0.1006 11.5213
-1.3336 0.1197 12.1031
-1.2115 0.1796 12.6609
-0.9912 0.3184 13.0727
-0.8691 0.4525 13.3672
-0.7566 0.5267 13.3888
-0.7326 0.6824 13.2068
-0.6081 0.8332 12.9411
-0.2682 1.0391 12.9004
-0.2490 1.3983 12.9004
-0.5770 1.8891 12.6418
-0.9601 2.3009 12.4861
-1.1684 3.0359 12.2731
-0.8045 3.4502 12.1725
-0.1652 3.6273 12.0073
-0.0359 3.5435 11.6673
-0.1317 3.5890 10.8173
0.2227 3.4142 9.8429
0.7350 3.0982 9.5412
0.8380 3.1724 10.1565
0.8141 3.1461 11.1310
0.6848 3.1988 11.8397
0.3903 3.1509 11.9067
0.2035 2.9737 11.5476
-0.0144 2.8228 10.9921
-0.0623 2.8228 10.3768
0.4334 2.9258 9.8788
0.6800 3.1389 9.8524
0.6129 3.1533 10.1493
0.5531 2.9761 10.6186
0.5531 2.8324 11.0711
0.3879 2.8779 11.5165
0.0383 3.0623 11.7296
-0.1077 3.1580 11.2866
-0.2801 3.4023 10.6306
-0.5243 3.5890 9.7758
-0.6560 3.6465 9.1677
-0.7973 3.6920 8.6242
-0.9122 3.4956 8.4135
-0.9577 3.2610 8.5380
-0.8859 3.2347 8.6385
-0.9409 3.4813 8.3943
-1.1062 3.3616 8.0783
-1.0631 3.0240 8.4494
-1.2498 3.0096 9.2491
-1.2857 2.9689 9.9865
-1.0678 2.7103 10.5947
-0.9194 2.5643 10.7311
-0.8428 2.5978 10.4175
-0.7805 2.6169 9.7950
-0.6848 2.6744 9.2275
~M86
-12.0000 -16.5600 -37.2000
-12.7800 -15.7800 -37.2000
-12.0600 -15.9600 -36.6000
-11.7600 -15.9600 -36.4800
-11.8200 -15.2400 -37.5000
-11.5200 -15.4200 -37.8600
-12.0600 -15.2400 -37.6200
-12.0000 -15.3600 -37.5000
-11.9400 -14.8200 -37.8000
-13.0800 -13.9800 -38.1600
-14.4000 -13.1400 -38.4600
-14.2200 -11.8800 -37.8600
-13.9800 -10.8600 -37.8000
-13.9200 -9.9000 -37.9800
-13.2000 -9.6000 -37.8000
-13.2000 -9.7200 -38.5200
-14.1000 -9.5400 -38.6400
-13.8000 -9.6000 -37.8600
-13.3800 -9.9000 -37.7400
-13.5000 -9.9000 -37.3800
-14.5200 -9.3600 -38.4000
-14.5200 -9.2400 -38.3400
-14.4000 -8.7600 -37.9200
-14.1000 -9.0600 -37.3800
-13.9200 -8.7600 -37.6800
-13.6800 -9.3000 -38.7600
-14.4600 -9.3000 -39.9000
-14.4600 -9.1800 -39.2400
-14.0400 -8.8200 -39.6000
-14.3400 -8.2800 -39.3600
-15.3000 -7.8600 -39.2400
-15.7800 -7.2600 -40.0200
-16.1400 -7.5600 -39.0600
-16.1400 -7.6800 -38.9400
-16.6200 -7.3800 -38.7600
-16.8000 -7.9200 -38.5200
-16.8600 -9.0000 -37.8600
-16.9800 -9.2400 -37.7400
-17.5200 -9.6000 -37.8000
-17.7000 -9.9600 -37.3800
-17.1600 -10.3200 -36.9000
-16.6200 -11.4000 -35.2200
-16.0200 -11.9400 -35.1000
-16.0800 -11.7600 -35.8800
-17.0400 -11.5200 -37.4400
-18.1800 -11.3400 -37.2000
-18.0000 -11.6400 -36.6000
-17.6400 -11.4600 -35.5200
-17.2200 -11.4000 -35.4600
-17.1600 -10.7400 -36.1200
-17.5200 -10.9200 -36.7200
-17.2200 -11.2800 -36.6000
-17.0400 -11.1600 -36.7200
-17.1600 -11.2800 -36.7800
-16.5600 -11.7600 -36.7200
-15.9600 -12.7200 -36.9000
-15.3600 -13.2000 -36.6600
-15.8400 -13.4400 -36.4200
-15.7800 -14.1600 -35.4000
-15.5400 -13.8600 -34.5600
-14.0400 -13.3800 -33.9000
-13.9200 -13.9800 -34.1400
-14.9400 -13.9800 -33.8400
-15.1800 -13.9800 -33.8400
-15.6600 -13.8000 -34.3200
-15.3000 -13.9800 -34.1400
-15.0600 -14.5200 -33.9000
-15.4200 -15.0600 -34.3200
-14.9400 -14.7600 -33.7800
-14.1600 -14.7600 -34.2000
-14.0400 -14.7600 -33.8400
-14.3400 -15.0600 -34.2000
-14.7600 -15.4800 -33.8400
-14.7600 -15.5400 -33.8400
-14.4600 -15.4200 -34.4400
-13.6200 -15.4200 -34.1400
-13.9800 -15.2400 -33.8400
-14.2800 -14.8800 -33.8400
-13.8600 -14.7000 -34.2600
-13.8000 -15.1200 -35.0400
-13.5600 -15.1200 -34.4400
-13.2600 -14.7000 -34.1400
-13.2000 -14.1600 -34.0200
-13.4400 -14.2200 -33.6600
-13.7400 -14.5800 -33.9000
-13.7400 -14.5200 -34.0800
~G86
-0.3462 -0.3316 -0.3381
-0.4384 -0.4721 -0.2398
-0.5520 -0.5986 -0.1360
-0.7072 -0.7433 -0.0290
-0.8837 -0.8838 0.0736
-1.0475 -0.9113 0.1548
-1.2283 -0.8344 0.2391
-1.3639 -0.6230 0.2868
-1.4329 -0.2614 0.2965
-1.4024 -0.0775 0.2440
-1.2661 -0.0579 0.1774
-1.0377 -0.0958 0.1231
-0.7744 -0.1636 0.0895
-0.5472 -0.3017 0.0717
-0.3749 -0.3646 0.0412
-0.2326 -0.2919 0.0113
-0.1257 -0.1899 0.0039
-0.0224 -0.0610 0.0204
0.0179 -0.0384 0.0589
-0.0200 -0.1471 0.0730
-0.0750 -0.2742 0.0669
-0.1684 -0.4300 0.0045
-0.2826 -0.5228 -0.0852
-0.4042 -0.4953 -0.1524
-0.4189 -0.2601 -0.1616
-0.3132 0.0270 -0.1329
-0.1031 0.3373 -0.1005
0.0295 0.4375 -0.1005
0.1474 0.3996 -0.0889
0.1828 0.2670 -0.0688
0.0936 -0.0812 0.0015
0.0130 -0.1386 0.0174
-0.0505 -0.1429 0.0168
-0.1257 -0.2052 0.0076
-0.1574 -0.2504 0.0039
-0.1660 -0.3365 0.0589
-0.1195 -0.3750 0.0998
-0.0059 -0.2895 0.1182
0.0979 -0.1832 0.1218
0.2506 -0.0470 0.1188
0.3801 -0.0121 0.1090
0.4895 -0.0665 0.0919
0.6110 -0.2235 0.0265
0.6990 -0.3267 -0.0498
0.7540 -0.3090 -0.1024
0.7638 -0.2785 -0.0999
0.7045 -0.2479 -0.0248
0.6379 -0.1655 -0.0016
0.6001 -0.0353 -0.0657
0.6184 0.1449 -0.2068
0.6318 0.2102 -0.2551
0.5365 0.1644 -0.3907
0.3472 -0.0769 -0.4909
-0.0078 -0.5747 -0.6253
-0.2338 -0.8564 -0.6772
-0.2985 -0.8661 -0.6705
-0.2472 -0.6334 -0.6460
-0.1226 -0.2412 -0.5770
-0.0359 0.0703 -0.4670
-0.0346 0.2646 -0.2997
-0.0963 0.3471 -0.1983
-0.2124 0.2988 -0.2013
-0.3236 0.1100 -0.2471
-0.4073 -0.1264 -0.3149
-0.3761 -0.1612 -0.3644
-0.2051 -0.0079 -0.3601
0.0497 0.2695 -0.3381
0.2757 0.5401 -0.3577
0.4608 0.6317 -0.3742
0.5170 0.5254 -0.3834
0.4791 0.2585 -0.3974
0.4027 0.1149 -0.4035
0.2855 -0.0506 -0.3992
0.1993 -0.1710 -0.4072
0.1773 -0.1911 -0.4096
0.0784 -0.1288 -0.3968
-0.0841 -0.1025 -0.3210
-0.1867 -0.1795 -0.2508
-0.2295 -0.3463 -0.1286
-0.1501 -0.3561 -0.0303
0.0295 -0.3157 0.0461
0.3227 -0.1856 0.0650
0.4522 -0.0543 0.0705
0.5078 0.1180 0.0644
0.4541 0.2603 0.0687
0.3386 0.3764 0.0669
