D10
~A117
-1.0559 4.7287 8.5739
-1.2738 4.0320 8.8899
-1.2378 4.0032 8.8564
-1.2259 3.8691 8.6816
-1.3719 3.7375 8.4135
-1.6449 3.6465 8.0304
-1.8436 3.5938 7.6713
-1.9585 3.5148 7.4342
-2.0615 3.4478 7.3313
-2.1046 3.4573 7.1325
-1.9250 3.4094 7.0392
-1.4868 3.1413 6.9171
-1.0918 2.8779 6.8357
-0.7997 2.7917 6.7303
-0.5172 2.8276 6.6441
-0.2514 2.7917 6.4645
0.0335 2.7079 6.3113
0.1844 2.6696 6.1964
0.3065 2.5858 6.2060
0.3160 2.4374 6.4023
0.1269 2.2147 6.8261
0.0168 2.0112 7.2594
0.0000 1.9346 7.3145
-0.0192 1.9274 7.1948
-0.0311 2.0256 6.9362
-0.0623 2.1716 6.6681
0.0239 2.1908 6.7255
0.1844 2.1932 6.8692
0.3304 2.2434 7.1804
0.5555 2.4565 7.7048
0.9266 2.6002 8.1788
1.5539 2.4422 8.6960
2.3823 2.3224 9.2108
2.9019 2.3368 9.5364
3.1652 2.5236 9.8333
2.9282 2.8492 9.8141
2.3512 3.1557 9.6753
2.0303 3.3137 9.4239
1.4964 3.6513 8.9235
1.2642 3.9242 8.7199
1.2809 4.0559 8.7367
1.3839 4.1062 9.0144
1.2714 4.1924 9.3520
1.0391 4.4677 9.6058
1.0056 4.5156 9.6322
0.9194 4.5779 9.6058
0.8212 4.5850 9.6034
0.7662 4.5276 9.6848
0.7662 4.5348 9.9315
0.8428 4.6042 10.2858
0.7422 4.5372 10.5564
0.4789 4.5012 10.6449
0.4573 4.4007 10.7551
0.4693 4.2379 10.7862
0.3208 4.1612 10.7886
-0.0072 4.2163 10.8509
-0.2131 4.2307 10.8461
-0.3711 4.1445 10.7934
-0.4094 4.0320 10.7886
-0.1389 3.8404 10.8149
0.4238 3.4525 11.0280
0.7973 3.0958 11.6793
0.9098 2.8348 12.1198
0.8404 2.4948 12.6490
0.5507 2.1070 13.2786
0.3615 1.7981 13.6067
0.2107 1.4461 13.8437
0.1700 1.1804 13.9802
0.1077 0.9194 14.1933
0.1604 0.8141 14.2699
0.3113 0.7781 13.9682
0.3927 0.9194 13.2236
0.3663 1.1181 12.4526
0.4094 1.3288 11.2890
0.4812 1.5252 10.3385
0.4190 1.9968 9.5747
0.1915 2.7007 9.1677
0.2394 3.6130 9.1653
0.1939 4.1445 9.2132
-0.3160 4.6640 9.1725
-0.8643 5.1692 8.9929
-1.0343 5.6002 8.8181
-0.3663 6.1533 8.4135
0.5387 6.3017 8.2267
0.8117 5.9761 8.2172
0.4166 5.8827 8.6050
-0.0575 6.0096 8.8899
-0.3472 5.7439 9.9434
-0.1915 5.4589 10.7000
0.2562 5.0878 11.8828
0.5387 5.0016 12.0695
1.2450 4.8891 11.4614
1.3264 5.0064 10.6856
1.3576 4.8915 10.0727
0.8117 4.4510 9.7758
0.1030 4.0463 9.7926
-0.3184 3.8644 9.8093
-0.4501 3.8931 9.7591
-0.0934 3.9194 9.7782
0.6824 4.0894 9.9554
1.2426 4.1565 10.1421
1.4509 3.9865 10.4079
1.3001 3.8955 10.8676
1.1325 3.9649 10.8532
1.1301 4.1612 9.9745
1.3192 4.0607 9.5053
1.0367 3.8428 9.3329
0.5052 3.7255 9.0839
0.0024 3.5962 8.6314
-0.0670 3.6106 8.2507
0.0479 3.9817 7.6210
0.1125 4.0344 7.6138
0.0287 4.0391 7.6760
-0.1891 4.0559 7.9107
-0.2442 4.1589 8.1525
-0.3400 4.1253 8.3632
-0.6345 4.0751 8.4302
~M117
-12.9000 -21.2400 -35.5200
-13.2600 -20.7600 -35.1600
-13.6200 -20.7000 -34.3200
-14.1000 -20.7000 -33.4800
-14.3400 -20.5800 -33.6600
-15.4800 -20.2800 -33.9000
-15.8400 -19.9200 -34.2600
-15.2400 -19.4400 -34.1400
-15.2400 -18.9600 -34.7400
-15.6000 -19.6200 -34.4400
-15.9000 -20.2800 -33.3600
-16.6800 -20.4600 -33.1800
-17.4000 -20.4600 -33.4800
-17.5800 -20.8800 -33.6600
-17.2800 -20.8800 -32.8200
-17.7600 -19.6800 -32.3400
-18.7800 -18.7800 -33.1800
-19.1400 -18.4200 -32.8800
-19.1400 -18.3000 -32.8200
-18.9600 -18.6600 -32.7600
-18.8400 -18.8400 -32.8800
-19.1400 -17.8200 -33.2400
-20.1000 -16.9200 -33.8400
-20.2200 -16.2600 -34.2000
-20.4000 -15.7800 -34.2000
-21.0000 -14.8200 -32.7600
-21.4200 -14.6400 -32.4600
-21.3000 -13.6800 -32.7000
-21.5400 -13.3200 -33.5400
-22.1400 -13.2600 -33.6600
-21.7800 -13.3800 -33.1200
-21.0000 -13.8000 -32.8800
-20.4000 -13.9800 -32.3400
-20.0400 -13.6800 -32.6400
-20.2800 -13.0800 -32.8800
-20.4600 -12.0000 -33.5400
-20.5800 -11.7600 -33.8400
-20.8800 -12.3600 -33.6600
-20.3400 -11.9400 -33.6600
-19.6200 -11.7000 -34.4400
-20.2800 -11.5800 -34.6800
-20.8200 -11.5200 -34.3800
-21.1800 -12.0000 -34.7400
-21.3600 -12.0000 -33.9600
-21.4200 -12.1800 -33.6600
-21.6000 -12.1200 -33.3600
-21.1800 -13.0200 -34.1400
-21.4200 -12.9600 -34.5600
-21.4200 -12.7800 -34.9800
-22.5600 -11.9400 -34.8000
-22.2600 -12.4800 -33.3000
-21.7200 -13.6200 -31.5600
-21.9000 -13.6800 -31.1400
-22.0800 -13.9200 -31.3200
-21.9000 -14.4600 -30.9600
-21.4800 -14.8800 -31.4400
-21.4800 -15.8400 -30.9600
-21.6600 -16.1400 -30.6000
-21.8400 -16.8600 -30.4200
-21.4800 -16.6800 -30.9600
-21.0000 -16.6200 -30.4800
-20.2800 -16.8600 -30.4200
-19.5600 -16.9800 -30.1800
-19.5600 -16.6200 -30.6600
-19.9800 -16.3800 -31.7400
-19.2600 -15.7800 -31.8000
-19.2600 -15.7200 -31.9200
-19.7400 -15.0000 -32.2200
-20.4600 -14.8800 -32.2800
-20.5800 -15.2400 -32.3400
-20.5800 -15.0600 -33.0600
-20.8800 -15.0000 -34.2000
-20.8200 -15.4200 -33.7200
-20.7600 -15.6000 -33.7800
-20.8200 -16.1400 -33.1200
-20.8200 -16.3200 -32.8200
-21.3600 -16.6200 -32.9400
-20.5800 -17.4600 -32.7600
-20.1000 -17.5800 -33.1200
-19.3200 -18.6000 -33.2400
-19.0800 -19.7400 -32.4600
-18.7200 -20.7000 -31.4400
-18.3600 -21.1200 -31.4400
-17.7600 -21.9600 -31.5000
-16.9200 -22.5600 -31.6800
-16.2000 -22.6200 -31.1400
-16.2000 -23.1600 -30.8400
-16.1400 -23.6400 -31.0800
-16.0800 -24.3600 -30.2400
-15.6600 -24.9600 -29.7000
-15.0600 -24.7800 -29.8200
-14.7000 -24.6000 -29.6400
-14.4600 -25.0800 -29.4000
-14.4000 -24.9000 -29.7600
-14.7000 -25.3200 -30.5400
-15.4800 -25.5600 -30.8400
-15.4200 -25.8600 -30.3600
-15.3600 -26.2200 -30.1200
-14.7000 -26.2800 -29.8200
-14.7600 -26.2200 -30.0000
-15.0000 -26.3400 -29.8800
-14.8800 -26.5200 -29.2800
-14.0400 -26.5200 -28.9800
-13.9800 -26.7600 -29.1000
-14.1600 -27.0000 -29.1000
-13.9200 -27.0600 -28.9800
-13.8600 -27.3600 -29.4000
-14.1000 -27.2400 -29.2800
-14.3400 -27.3000 -29.3400
-13.2000 -27.4200 -28.5600
-12.1200 -27.5400 -28.5600
-12.0000 -27.5400 -28.5600
-12.3600 -27.0600 -29.8200
-12.6600 -26.8800 -30.3000
-12.4800 -26.4000 -30.2400
-11.3400 -26.3400 -29.4000
-11.2800 -26.5800 -29.4600
~G117
-0.0646 -0.0384 0.4291
0.0759 0.0783 0.4089
0.2427 0.1821 0.3711
0.3930 0.1668 0.3283
0.4852 0.0691 0.2972
0.5439 -0.0237 0.3039
0.5255 -0.1288 0.3472
0.4675 -0.2516 0.4120
0.4186 -0.3341 0.5165
0.3716 -0.3762 0.6490
0.2910 -0.4190 0.7852
0.1993 -0.3707 0.9062
0.1266 -0.2443 1.0082
0.0888 -0.0390 1.0919
0.0814 0.1155 1.0949
0.0643 0.2218 1.0473
0.0277 0.2597 0.9734
-0.0499 0.2322 0.8982
-0.1305 0.1699 0.8396
-0.2478 0.0599 0.7608
-0.2912 0.0355 0.7290
-0.2613 0.0807 0.7419
-0.2112 0.1668 0.7584
-0.1855 0.2285 0.7675
-0.1953 0.3910 0.7926
-0.2649 0.3684 0.8048
-0.3590 0.2432 0.8133
-0.4555 0.0233 0.8048
-0.5276 -0.1905 0.8036
-0.5526 -0.3170 0.8121
-0.5557 -0.3903 0.8262
-0.5227 -0.3255 0.8146
-0.4903 -0.1166 0.7706
-0.4366 0.1235 0.6796
-0.3285 0.3782 0.5598
-0.1721 0.5761 0.4224
-0.0560 0.5890 0.3234
0.0155 0.5511 0.2581
-0.0133 0.4656 0.2452
-0.0829 0.3501 0.2410
-0.1715 0.2640 0.2061
-0.2277 0.2414 0.1774
-0.2619 0.2817 0.1799
-0.3120 0.4228 0.1591
-0.3456 0.5370 0.1622
-0.3694 0.5285 0.1762
-0.3883 0.3782 0.1731
-0.3828 0.1888 0.1469
-0.3340 0.0215 0.0992
-0.2454 -0.0268 0.0803
-0.1391 -0.0109 0.1145
-0.0762 -0.0195 0.1512
-0.0139 -0.0170 0.1756
0.0796 0.0154 0.2202
0.1737 -0.0103 0.2739
0.2286 -0.0097 0.3124
0.2635 0.0031 0.3839
0.2616 0.0068 0.4419
0.2005 -0.0292 0.4157
0.0961 -0.1166 0.3075
0.0460 -0.1447 0.1780
0.0350 -0.1942 0.0711
0.0521 -0.3102 -0.0962
0.0802 -0.4025 -0.2025
0.0906 -0.5149 -0.2954
0.0998 -0.5833 -0.3504
0.1315 -0.6480 -0.3998
0.2409 -0.6548 -0.4243
0.4253 -0.6383 -0.4731
0.5775 -0.6041 -0.5477
0.6666 -0.5851 -0.6314
0.6257 -0.5314 -0.7395
0.4522 -0.4550 -0.8525
0.1834 -0.3970 -0.9814
-0.0359 -0.3609 -1.0559
-0.2949 -0.3725 -1.1158
-0.5038 -0.3634 -1.1934
-0.6657 -0.2467 -1.2587
-0.7426 -0.1404 -1.2673
-0.7817 -0.1526 -1.2447
-0.8837 -0.2950 -1.2618
-1.0383 -0.4666 -1.3864
-1.1861 -0.6285 -1.5299
-1.3058 -0.7659 -1.6204
-1.3969 -0.8234 -1.5868
-1.4616 -0.8460 -1.4976
-1.4390 -0.8276 -1.4053
-1.1409 -0.7036 -1.2447
-0.9528 -0.6560 -1.2166
-0.5123 -0.6016 -1.2819
-0.3602 -0.5069 -1.3901
-0.3480 -0.3554 -1.4896
-0.3963 -0.2424 -1.5495
-0.4067 -0.1862 -1.5373
-0.3425 -0.2211 -1.4548
-0.1446 -0.4703 -1.2373
-0.0029 -0.6157 -1.0388
0.0845 -0.6401 -0.8745
0.1340 -0.4239 -0.7291
0.2231 -0.0225 -0.6729
0.3869 0.3428 -0.6778
0.5103 0.2750 -0.6973
0.5823 0.0050 -0.7590
0.6544 -0.0390 -0.8507
0.7259 -0.0402 -0.9356
0.8016 -0.0152 -0.9551
0.8316 0.0526 -0.8714
0.8200 0.1174 -0.8042
0.7008 0.3116 -0.6509
0.5799 0.3165 -0.6173
0.5005 0.2481 -0.6308
0.4260 0.1400 -0.6411
0.3972 0.1039 -0.6320
0.3893 0.0771 -0.5923
0.4150 0.0832 -0.5385
0.4260 0.0905 -0.4988
0.4217 0.0880 -0.4432
