D10
~A100
-0.0790 3.1964 9.3161
-1.4845 2.4398 7.9418
-1.4366 2.2889 7.8676
-1.4988 2.1955 7.6713
-1.4845 2.1596 7.3696
-1.3288 2.1333 7.0823
-1.2187 2.0208 6.8835
-1.0439 1.9705 6.6728
-0.8572 1.8891 6.3544
-0.6345 1.7981 6.0384
-0.4525 1.6808 5.5739
-0.4118 1.5275 5.2004
-0.4094 1.3480 4.9059
-0.3615 1.1469 4.6808
-0.2873 0.9912 4.5372
-0.2299 0.8236 4.3719
-0.1652 0.7087 4.2834
0.0910 0.6105 4.2067
0.4382 0.5220 4.2762
0.8835 0.4525 4.5204
1.2450 0.2706 4.3528
1.3839 0.2993 3.9218
1.3719 0.4789 3.6489
1.3623 0.6560 3.4071
1.2163 0.5220 3.5339
0.9529 0.1341 4.0822
0.5674 -0.1604 4.5922
0.0527 -0.1604 5.4446
-0.2729 -0.0934 6.2060
-0.6369 -0.0407 7.1134
-0.9457 0.1006 8.1453
-0.8572 0.3903 9.8357
-0.0263 0.4286 11.0256
0.8045 0.6273 11.8708
1.4821 1.2546 12.5723
2.2051 1.8053 13.6617
2.3967 1.9154 14.4542
2.3943 1.8651 14.9187
1.2043 1.6042 17.1574
0.4214 1.6209 17.2531
-0.4669 2.1501 16.7312
-0.5315 2.2746 16.6570
-0.5148 2.7486 16.2978
-0.3663 2.9665 16.1230
-0.4453 3.1724 16.0704
-0.6656 3.2993 15.7855
-0.7039 3.3424 15.2922
-0.4765 3.5363 14.5979
-0.0670 3.7638 14.4303
0.6656 3.7039 14.5093
0.9409 3.5172 14.7416
0.9505 3.2035 14.8253
0.7662 3.0455 14.5620
0.5698 2.8636 13.9443
0.5770 2.6744 13.6976
0.8667 2.3991 13.4750
0.9074 2.2410 13.1422
0.9218 2.1165 12.1031
0.5842 2.3775 11.3010
-0.2299 2.9450 10.7766
-2.2147 4.3576 10.4797
-4.5467 7.3815 10.9634
0.7949 7.9179 15.2204
2.6505 6.5938 14.8110
4.4510 4.9514 13.1063
4.5970 4.0918 11.4614
3.9673 3.6896 9.9051
3.3807 3.7303 8.2698
2.4254 3.7949 6.6657
1.0343 3.8045 5.9833
-1.1014 3.1892 6.1293
-2.5810 2.4446 6.7016
-3.2945 2.0423 7.3145
-3.9386 1.5323 8.6074
-3.1580 1.5994 9.2084
-2.2339 1.9011 9.2515
-0.9386 2.5140 8.9378
-0.1532 2.7941 8.4470
1.0678 3.8548 6.8572
0.7710 4.0320 6.8165
-0.6752 4.2810 7.4055
-1.0870 4.0511 8.2483
-1.1828 3.9434 9.2898
-1.3815 4.1373 9.6801
-0.9170 4.5012 9.0815
-0.2753 4.7622 8.5763
0.2921 5.0830 8.1980
0.4597 5.3081 8.1142
0.1580 5.4182 8.2243
-0.2466 5.1333 8.5188
-0.3974 4.7814 8.6745
-0.8045 4.5779 8.4638
-1.2115 4.5563 8.2028
-1.3528 4.5084 8.0711
-1.3552 4.4222 8.0567
-1.1373 4.3121 8.1669
-1.0726 4.3025 8.2794
-0.9529 4.2834 8.3919
-0.7662 4.3025 8.2531
-0.6177 4.4246 7.7814
~M100
-8.1000 -22.3800 -34.9200
-7.7400 -22.5600 -34.7400
-8.1600 -22.3200 -34.5600
-9.0600 -22.2600 -34.7400
-9.4200 -22.5600 -34.7400
-9.2400 -22.5600 -34.5600
-9.4200 -22.6200 -34.6800
-9.1800 -23.0400 -33.6600
-10.0800 -22.9200 -33.6600
-10.9200 -22.8000 -34.9200
-11.1000 -22.6800 -34.6800
-10.7400 -22.8600 -34.3800
-10.6800 -23.5200 -33.6600
-10.7400 -23.5200 -32.5800
-11.4600 -23.4000 -33.0600
-12.2400 -23.2800 -33.6600
-12.2400 -23.4000 -33.4800
-12.4200 -23.5800 -33.0600
-12.9000 -23.2800 -32.6400
-12.8400 -22.8600 -33.4800
-12.7200 -22.9200 -33.6600
-12.6000 -23.1600 -33.1800
-12.3000 -23.6400 -32.8200
-12.1200 -23.7600 -32.0400
-12.4800 -23.8800 -32.1600
-13.3200 -23.3400 -32.5200
-13.5600 -22.5600 -33.1800
-13.7400 -22.2000 -33.0600
-14.3400 -21.9000 -33.0600
-14.3400 -22.0800 -32.2800
-14.7000 -21.3600 -32.4600
-16.0200 -20.1000 -33.9000
-16.5600 -19.0200 -34.5600
-16.9800 -18.3600 -34.8000
-17.3400 -17.4600 -35.2200
-17.4600 -16.7400 -34.6800
-17.5800 -16.2600 -34.7400
-18.1200 -16.0200 -34.6200
-18.7800 -15.3000 -34.9200
-19.2000 -15.1200 -34.3200
-19.7400 -14.5800 -33.8400
-19.9800 -14.3400 -33.9600
-19.6200 -13.0200 -35.1000
-19.8000 -12.2400 -36.5400
-19.6800 -11.8800 -36.3000
-20.1000 -12.0000 -36.5400
-19.8000 -12.0600 -36.4800
-19.0800 -12.8400 -36.3000
-18.3000 -13.8000 -35.4600
-17.7600 -14.5800 -34.9800
-18.0000 -15.8400 -33.4800
-18.3600 -15.8400 -33.1200
-18.5400 -15.9600 -32.8200
-18.6000 -16.2600 -32.1600
-18.0600 -17.0400 -33.3000
-17.2800 -16.7400 -33.6600
-15.9600 -17.2200 -35.1000
-15.5400 -17.5200 -35.4600
-14.8800 -18.4800 -35.7600
-14.6400 -18.7200 -35.5800
-14.2800 -18.9600 -34.0200
-14.0400 -19.6800 -34.0800
-15.7200 -21.0600 -34.7400
-15.4800 -21.3000 -33.9000
-15.4200 -21.2400 -33.2400
-16.2000 -21.0600 -33.2400
-15.7800 -21.7200 -32.5800
-15.0000 -22.3200 -32.9400
-15.3600 -22.0200 -33.2400
-15.9000 -20.9400 -33.0000
-15.6600 -20.4600 -33.2400
-15.0600 -20.1600 -33.6000
-14.4600 -19.9800 -33.0000
-14.3400 -20.5200 -33.1200
-14.1000 -20.3400 -33.9600
-13.6200 -19.8600 -33.9600
-12.9600 -20.2200 -33.9600
-12.3600 -20.1000 -33.4800
-12.6000 -20.2200 -33.3600
-12.6600 -20.4600 -33.2400
-13.1400 -20.4000 -34.0800
-12.8400 -20.2200 -33.9000
-12.4200 -21.0600 -33.8400
-12.0000 -21.4200 -33.7800
-12.3600 -21.4200 -33.7800
-13.0200 -20.8800 -33.9000
-12.8400 -20.1000 -33.3600
-13.0800 -20.4000 -33.1200
-13.7400 -20.4000 -32.8200
-13.8000 -19.9200 -32.9400
-15.1200 -18.6600 -34.2600
-15.7200 -17.9400 -34.5000
-16.0200 -17.8200 -34.3800
-15.7200 -18.1800 -34.5600
-15.4200 -18.4200 -34.5000
-14.3400 -18.6000 -33.7200
-13.5000 -18.5400 -33.1200
-13.1400 -17.8200 -32.8800
-12.6000 -17.5800 -32.8200
-13.3800 -17.2200 -34.2000
~G100
0.0338 -0.3646 0.1713
-0.0145 -0.2314 0.1640
-0.0279 -0.1465 0.1731
-0.0444 -0.0836 0.2147
-0.0475 -0.0915 0.2452
-0.0181 -0.1984 0.2544
0.0417 -0.3102 0.2550
0.1077 -0.3970 0.2501
0.1584 -0.4214 0.2367
0.1865 -0.4373 0.2147
0.1847 -0.3939 0.1890
0.1590 -0.3127 0.1707
0.1108 -0.2858 0.1786
0.0515 -0.2876 0.1945
-0.0071 -0.2510 0.2367
-0.0499 -0.1777 0.2868
-0.0670 -0.1227 0.3405
-0.0682 -0.1221 0.3485
-0.0371 -0.1422 0.3253
0.0918 -0.0970 0.2599
0.1523 -0.0677 0.2129
0.2629 -0.0751 0.0430
0.2458 -0.0641 -0.0376
0.2134 -0.0311 -0.0651
0.0326 0.0074 -0.1188
-0.1678 -0.1331 -0.1744
-0.3608 -0.2821 -0.1946
-0.5624 -0.3884 -0.1421
-0.6986 -0.4807 -0.0718
-0.8355 -0.5827 0.0724
-0.8575 -0.6450 0.2397
-0.8037 -0.7537 0.4450
-0.7261 -0.7855 0.6063
-0.6693 -0.8405 0.7241
-0.7322 -0.9810 0.7260
-0.9919 -1.1697 0.5323
-1.1079 -1.1954 0.4334
-1.1629 -1.1862 0.3851
-1.2289 -0.7006 0.2300
-1.1000 -0.4825 0.2800
-0.8697 -0.1514 0.4786
-0.8214 -0.1013 0.5274
-0.5716 -0.0952 0.6649
-0.4653 -0.1697 0.6783
-0.3187 -0.3035 0.6588
-0.1721 -0.3939 0.6679
-0.0762 -0.4379 0.7132
-0.0786 -0.4752 0.7675
-0.1898 -0.4135 0.7687
-0.3065 -0.1807 0.7095
-0.3969 0.1247 0.6130
-0.3462 0.4509 0.5378
-0.1605 0.6629 0.5048
0.0710 0.6977 0.4859
0.3270 0.6604 0.4810
0.5744 0.6726 0.4780
0.8328 0.7178 0.4554
1.2036 0.8284 0.4083
1.3380 0.8981 0.3668
1.3899 0.9225 0.3546
1.4901 0.8315 0.4419
1.2885 0.1815 0.6704
0.6837 -0.7195 1.3686
0.8811 -0.2711 1.1542
1.0185 0.4851 0.5757
0.9629 0.9854 0.1084
0.8346 1.4759 -0.4267
0.7161 1.7722 -0.8097
0.6086 1.7960 -1.1292
0.4406 1.4802 -1.4982
0.3142 0.9628 -1.6814
0.2122 0.2878 -1.7279
0.1731 -0.3463 -1.5574
0.2677 -0.7262 -1.0687
0.4260 -0.7409 -0.6521
0.5707 -0.7024 -0.3614
0.7143 -0.6279 -0.1085
0.7668 -0.5711 -0.0431
0.6404 -0.4465 -0.1854
0.4675 -0.4294 -0.2832
0.0857 -0.1502 -0.2490
-0.0169 0.2285 -0.1445
-0.0640 0.4558 -0.0205
-0.0633 0.2683 0.1505
-0.0016 0.2047 0.2904
0.0503 0.2579 0.3277
0.0185 0.1956 0.2599
-0.0267 0.1387 0.1683
-0.0768 0.1583 0.0113
-0.0743 0.2566 -0.0486
-0.0682 0.3538 -0.0779
-0.0743 0.4509 -0.0651
-0.0731 0.5175 0.0131
-0.0768 0.4979 0.0986
-0.0664 0.4375 0.1731
-0.0316 0.3978 0.2159
0.0332 0.3813 0.2348
0.1059 0.3678 0.2269
0.2286 0.3849 0.1933
0.3264 0.4332 0.1243
