D10
~A111
-0.1461 3.4238 8.7846
-1.6305 3.9194 4.1660
-1.3959 3.9506 4.1517
-1.3408 3.8931 4.4462
-1.4797 3.7423 4.7838
-1.5754 3.6225 5.1214
-1.5970 3.4262 5.4518
-1.6066 3.2251 5.7247
-1.6664 3.0575 5.9929
-1.6401 2.9881 6.1054
-1.5706 2.8875 6.1868
-1.4653 2.8803 6.1150
-1.3384 2.9210 5.9163
-1.3049 2.9545 5.6912
-1.3264 2.9952 5.3177
-1.4318 3.0335 5.0040
-1.6425 2.9737 4.8723
-1.7526 2.9641 4.7885
-1.7837 3.0000 4.9945
-1.7694 3.0000 5.2052
-1.6808 3.0216 6.0048
-1.6233 3.0503 6.4167
-1.4653 3.0814 7.5013
-1.3719 3.0742 8.3680
-1.3911 3.0431 9.2060
-1.4533 3.0407 9.6370
-1.4054 3.1916 10.0153
-1.1876 3.2897 10.2020
-0.7255 3.3328 10.6545
-0.3017 3.2849 11.1094
0.0431 3.2395 11.4279
0.1461 3.1988 11.5883
0.0575 3.1126 11.6314
-0.0287 3.0814 11.6434
-0.1915 3.0024 11.6673
-0.2969 2.9258 11.6625
-0.2203 2.9330 11.7248
-0.1987 2.9761 11.6912
-0.3496 3.0575 11.6027
-0.4334 3.1365 11.6458
-0.4956 3.1988 11.9905
-0.5148 3.2921 12.2659
-0.5794 3.3640 12.4430
-0.6201 3.4549 12.6466
-0.6297 3.5268 12.7567
-0.5435 3.6632 13.2260
-0.4022 3.6465 13.5779
-0.3017 3.6034 13.9227
-0.2035 3.6489 14.1885
-0.0575 3.6130 14.3249
0.0024 3.5723 14.2507
-0.0694 3.5818 13.9203
-0.1413 3.6680 13.4103
-0.1437 3.6968 12.7974
-0.1341 3.7303 12.1773
-0.1149 3.7159 11.6146
-0.1508 3.7255 11.2100
-0.2203 3.7255 10.8293
-0.3400 3.7542 10.4821
-0.4573 3.8141 10.2403
-0.5363 4.0008 9.9722
-0.5962 4.1612 9.8069
-0.5746 4.4342 9.4765
-0.5794 4.5419 9.3065
-0.6417 4.8029 8.8229
-0.4645 5.0088 8.2459
0.0168 5.4685 7.4869
0.1987 5.6170 7.5252
-0.0335 5.6625 8.1717
-0.2346 5.6864 8.6912
-0.8021 5.6050 9.7974
-1.3025 5.5260 10.4797
-1.8364 5.4111 11.0663
-2.0806 5.3129 11.3584
-2.1453 5.2483 11.3608
-2.0663 5.2530 10.9658
-1.8819 5.2291 10.4965
-1.4988 5.2052 9.8931
-1.1493 5.2291 9.5556
-1.0295 5.2004 9.1892
-1.1133 5.1597 8.8085
-1.2067 5.1860 8.4039
-1.2331 5.2890 7.8796
-1.2043 5.3608 7.3815
-1.3169 5.3775 7.0056
-1.4102 5.3823 6.7638
-1.4294 5.4111 6.6944
-1.3959 5.4925 6.8644
-1.3192 5.4709 7.0966
-1.3456 5.3847 7.1804
-1.4461 5.4158 7.1230
-1.5084 5.4925 6.9745
-1.4222 5.5499 6.9147
-1.2426 5.6433 6.8069
-1.0822 5.8229 6.7614
-1.0822 5.9498 6.8644
-1.0391 6.0623 6.9649
-1.0511 6.2275 7.0152
-1.2163 6.3424 7.0655
-1.7574 6.6154 7.3193
-2.1141 6.8692 7.7191
-2.1094 6.8333 8.0160
-2.1501 6.6704 8.3225
-2.2865 6.4645 8.5380
-2.4062 6.2850 8.6577
-2.5260 6.1916 8.7607
-2.1596 6.0910 8.7511
-1.6281 6.0455 8.7295
-0.9936 6.0072 8.6840
-0.7326 6.0431 8.7247
-0.7829 6.0455 8.7798
~M111
-5.2800 -31.3200 -30.0000
-4.7400 -31.8600 -29.8800
-4.9800 -32.1600 -30.0000
-5.1600 -32.2200 -29.4600
-5.7600 -32.4000 -29.2800
-6.4200 -32.2800 -29.2800
-6.7200 -31.9800 -28.5600
-7.0800 -32.1000 -28.5600
-6.9600 -32.1000 -28.5000
-7.3800 -31.9800 -29.6400
-7.6200 -31.8000 -29.5800
-7.9200 -31.5600 -29.3400
-7.0200 -31.2000 -29.2800
-6.6000 -30.9600 -29.2200
-7.5600 -30.1800 -29.6400
-8.3400 -29.9400 -30.3600
-8.7000 -29.7600 -30.6000
-8.8800 -29.5800 -30.6000
-8.7000 -29.6400 -29.1600
-8.8200 -29.3400 -29.1600
-8.7000 -29.2800 -29.7000
-10.0800 -28.5600 -30.1200
-10.5600 -27.6600 -30.0600
-10.6200 -26.7000 -30.3000
-10.9200 -26.7600 -30.1200
-11.2800 -26.8200 -29.5200
-11.6400 -26.8800 -29.4600
-11.0400 -27.3600 -29.7600
-10.8600 -26.8200 -29.4000
-11.4000 -25.9800 -29.5200
-11.4600 -26.1600 -30.3000
-12.1800 -26.1000 -30.6600
-12.7800 -25.7400 -30.7200
-13.0800 -25.2000 -31.2600
-13.1400 -24.6600 -31.5600
-13.1400 -24.0600 -31.9800
-12.8400 -24.3000 -32.1000
-12.9600 -23.8800 -32.4600
-14.0400 -22.7400 -32.9400
-14.6400 -22.8000 -33.2400
-14.5800 -22.6200 -33.1800
-14.1000 -23.1600 -32.1000
-14.9400 -23.2800 -32.7000
-15.1200 -22.8000 -33.4800
-14.5200 -23.0400 -33.8400
-14.8200 -23.1600 -33.9600
-14.1000 -23.9400 -32.2800
-13.7400 -23.9400 -32.4600
-14.1600 -24.1200 -32.3400
-14.5800 -24.1800 -33.0000
-13.8000 -24.7200 -32.9400
-13.9800 -24.6600 -33.0000
-14.1000 -24.1800 -32.8200
-14.1000 -24.1200 -32.9400
-13.2000 -23.4600 -33.4800
-12.8400 -22.5600 -34.2600
-12.8400 -22.6200 -33.9000
-12.9600 -22.6800 -33.4200
-13.2600 -22.8600 -33.9600
-13.0200 -23.5800 -34.0200
-12.3600 -23.6400 -33.7800
-12.3000 -23.1600 -33.3000
-12.1200 -23.1600 -33.1800
-11.1600 -24.3600 -31.7400
-11.4600 -24.6000 -31.5000
-12.3000 -24.5400 -32.5200
-11.8200 -25.2000 -32.2200
-11.1600 -25.0800 -31.7400
-11.1000 -25.1400 -31.2000
-11.4600 -25.2600 -30.9600
-12.0000 -24.7200 -31.7400
-12.3600 -24.7200 -31.2600
-12.1200 -24.7800 -30.9000
-12.3600 -25.0200 -30.7200
-12.2400 -25.8000 -30.1200
-12.3000 -25.8000 -30.1800
-12.1800 -26.4000 -30.0000
-12.6000 -25.7400 -30.2400
-12.0000 -25.6200 -30.3000
-12.3000 -26.2800 -29.7600
-12.4800 -26.2800 -29.5800
-12.8400 -26.2200 -28.2600
-13.0200 -26.6400 -28.3200
-12.7200 -27.1800 -27.4800
-12.9000 -27.7800 -27.4800
-13.0200 -28.0800 -27.1800
-13.0200 -28.2000 -26.6400
-13.0200 -28.0800 -26.2200
-13.2600 -27.7800 -26.1600
-13.6800 -27.8400 -26.9400
-14.2800 -27.7800 -27.4200
-14.7600 -28.0800 -26.8200
-15.2400 -28.4400 -26.6400
-14.1000 -28.5000 -26.1000
-13.8600 -28.5000 -25.8000
-14.5800 -28.5600 -26.1000
-15.5400 -28.6200 -26.7000
-15.3000 -28.1400 -26.8800
-14.6400 -27.9000 -26.8800
-14.3400 -27.8400 -27.1200
-14.5800 -28.4400 -26.5800
-14.5800 -27.9600 -26.3400
-14.5200 -27.7200 -25.9800
-14.2200 -27.3000 -26.5800
-15.0600 -27.3600 -27.6000
-14.9400 -27.3000 -28.0200
-14.7000 -26.8800 -28.4400
-14.5200 -26.8800 -27.6600
-14.7000 -26.6400 -27.7200
-14.6400 -26.4600 -28.3800
-14.2800 -26.6400 -28.0800
~G111
0.1450 -0.3609 0.3253
-0.0469 -0.3493 0.2959
-0.2185 -0.3273 0.2605
-0.4231 -0.3139 0.2012
-0.5575 -0.2907 0.1591
-0.6278 -0.2589 0.1457
-0.6754 -0.2235 0.1475
-0.6767 -0.1948 0.1512
-0.6406 -0.1832 0.1707
-0.5838 -0.1777 0.1939
-0.4958 -0.1398 0.2281
-0.3920 -0.0848 0.2599
-0.3083 -0.0592 0.2770
-0.2167 -0.0763 0.2715
-0.1409 -0.0744 0.2556
-0.1067 -0.1007 0.2513
-0.1116 -0.2033 0.2532
-0.1672 -0.3218 0.2660
-0.2930 -0.4000 0.2941
-0.3743 -0.4300 0.3112
-0.6241 -0.3371 0.3753
-0.7121 -0.2308 0.4163
-0.7683 -0.0824 0.5061
-0.7115 -0.1209 0.5305
-0.6296 -0.2088 0.5482
-0.5374 -0.2907 0.5684
-0.4647 -0.3567 0.5977
-0.4323 -0.4098 0.6227
-0.4183 -0.4501 0.6227
-0.3889 -0.4251 0.5855
-0.3731 -0.3823 0.5403
-0.3865 -0.3151 0.4584
-0.4189 -0.2363 0.4108
-0.4482 -0.1300 0.4083
-0.4457 -0.0683 0.4242
-0.4274 -0.0280 0.4334
-0.3895 0.0318 0.4181
-0.3401 0.0758 0.3931
-0.3217 0.0404 0.3778
-0.3248 -0.0286 0.3601
-0.3169 -0.0732 0.3570
-0.3022 -0.0592 0.3509
-0.3022 -0.0408 0.3570
-0.3089 -0.0445 0.3656
-0.3443 -0.0671 0.3943
-0.3584 -0.0867 0.3961
-0.3456 -0.0787 0.3931
-0.2998 -0.0390 0.3900
-0.2209 0.0380 0.3900
-0.0951 0.1589 0.3778
0.0698 0.2475 0.3527
0.2060 0.2750 0.3338
0.3838 0.2646 0.3112
0.4791 0.2579 0.2855
0.5200 0.2811 0.2678
0.5420 0.3385 0.2416
0.5469 0.3788 0.2245
0.5463 0.4222 0.2269
0.5512 0.4472 0.2361
0.5610 0.4485 0.2562
0.5585 0.4521 0.2862
0.5475 0.4747 0.3234
0.5377 0.5157 0.3454
0.5329 0.5602 0.3570
0.4925 0.5401 0.3228
0.4760 0.5358 0.3112
0.0307 0.2444 0.0052
-0.2173 0.1821 -0.1378
-0.5423 0.2090 -0.2655
-0.7011 0.2982 -0.3003
-0.7640 0.3776 -0.2997
-0.6473 0.4277 -0.2416
-0.4561 0.4020 -0.1622
-0.0701 0.2457 -0.0297
0.2739 0.0587 0.0516
0.5341 -0.0806 0.1023
0.6563 -0.1490 0.1341
0.6764 -0.1251 0.1371
0.6434 0.0251 0.1231
0.5958 0.2279 0.1218
0.5579 0.3611 0.1450
0.5341 0.4204 0.1701
0.5096 0.4417 0.1731
0.4736 0.4039 0.1322
0.4425 0.3568 0.1169
0.3960 0.3000 0.1249
0.2824 0.1326 0.1304
0.2586 0.0764 0.1102
0.2806 0.0819 0.0937
0.3294 0.0825 0.1047
0.3539 0.0587 0.1304
0.3624 0.0337 0.1609
0.3472 -0.0121 0.1670
0.3074 -0.0292 0.1579
0.2543 -0.0311 0.1255
0.1908 -0.0421 0.0766
0.1437 -0.0384 0.0174
0.0949 -0.0482 -0.0345
0.0362 -0.0751 -0.0779
0.0124 -0.0940 -0.0871
-0.0676 -0.1734 -0.1250
-0.0664 -0.2088 -0.1744
-0.0383 -0.2363 -0.2227
0.0319 -0.2644 -0.2557
0.1077 -0.3145 -0.2532
0.1639 -0.3713 -0.2251
0.2433 -0.4856 -0.1561
0.2940 -0.6603 -0.1390
0.3258 -0.7623 -0.1757
0.3453 -0.7452 -0.2160
0.3600 -0.6908 -0.2465
