D10
~A105
-1.5659 4.1924 8.7726
-1.9968 3.6417 8.4063
-2.3248 3.7686 7.9753
-2.1070 3.4789 8.0376
-2.0208 3.2083 8.2818
-2.1572 3.0240 8.6194
-2.3344 2.8588 8.9785
-2.4900 2.6624 9.3089
-2.6529 2.4829 9.5747
-2.7750 2.3703 9.8261
-2.8516 2.2626 9.9003
-2.8851 2.2051 9.8357
-2.7798 2.1716 9.6657
-2.5619 2.2722 9.3736
-2.4039 2.3464 9.2156
-2.1836 2.3775 9.1078
-2.1644 2.4110 9.0336
-2.3320 2.4877 8.9522
-2.4685 2.5116 8.7966
-2.5020 2.4565 8.6385
-2.3584 2.4877 8.4829
-2.1668 2.5715 8.2722
-2.0663 2.7223 8.1669
-2.0806 2.7319 8.2339
-2.1261 2.7319 8.3488
-2.2027 2.6289 8.5547
-2.2650 2.6624 8.5356
-2.3248 2.6983 8.4111
-2.2793 2.5140 8.5787
-2.3009 2.4493 8.8636
-2.3440 2.5595 9.0480
-2.1740 2.6648 9.0958
-1.8580 2.8181 8.6242
-1.5347 2.9114 7.8700
-1.2235 2.8492 6.9554
-0.9457 2.9066 6.3257
-0.7638 3.0000 5.9115
-0.8141 3.1676 5.8732
-1.0319 3.3735 6.2658
-1.4007 3.5028 6.8476
-1.6090 3.5794 7.1373
-1.8316 3.8715 7.2379
-1.7335 4.0679 7.0080
-1.4868 4.3983 6.5675
-1.1085 4.5659 6.5220
-0.8236 4.6329 6.9075
-0.6273 4.6664 7.3983
-0.3520 4.7383 8.4662
-0.2394 4.8293 9.0767
0.0215 4.7790 9.7351
0.0527 4.7862 10.0512
-0.0646 4.7790 10.0200
-0.1844 4.6210 9.7950
-0.2346 4.2810 9.5651
-0.2753 3.9386 9.3999
-0.3256 3.7399 9.3520
-0.4717 3.6369 9.2227
-0.5914 3.6201 8.8421
-0.6824 3.6058 8.3871
-0.7877 3.5675 7.8317
-0.8117 3.5220 7.5755
-1.0415 3.4861 6.8596
-1.1780 3.5052 6.5627
-0.9721 3.5316 6.5483
-0.4310 3.4837 6.7495
0.1532 3.4406 6.9386
0.4669 3.4885 6.9745
0.4573 3.5411 6.9027
0.4022 3.6465 6.7926
0.5698 3.6513 6.7902
0.6848 3.5794 6.8668
0.6345 3.3951 7.0511
0.3735 3.1485 7.1709
0.0790 2.9785 7.4151
-0.0024 2.9617 7.5252
-0.4022 2.9114 8.4853
-0.6728 2.7917 9.2587
-0.9577 2.8444 9.9195
-1.0631 2.9114 10.3888
-0.8667 3.0144 11.2746
-0.6201 3.0503 11.8253
-0.4932 3.1030 12.1102
-0.3639 3.2323 12.4215
-0.1389 3.2969 12.8166
0.0072 3.3328 13.0488
0.2011 3.2442 13.3098
0.2801 3.0719 13.3577
0.3496 2.8324 13.0560
0.4214 2.7295 12.5197
0.4022 2.7654 12.1270
0.4860 3.0096 11.2914
0.6153 3.1221 10.9299
0.9984 3.3687 10.1206
0.9625 3.3855 10.1709
0.7638 3.3065 10.5971
0.3208 3.1916 11.0879
-0.0958 2.9809 11.3010
-0.1173 2.7606 11.4686
0.1341 2.6145 11.5715
0.4693 2.4469 11.9043
0.6177 2.3799 12.0839
0.7686 1.9872 12.8860
0.3041 1.8196 13.5324
-0.0766 1.7861 13.9155
-0.1652 1.7789 13.9538
~M105
-3.4800 -29.4000 -32.2200
-3.6600 -29.7000 -31.8600
-3.4800 -30.3000 -31.3200
-3.9000 -30.1800 -31.0800
-3.9600 -30.9600 -30.5400
-4.4400 -31.1400 -30.0000
-5.2200 -30.7800 -29.8800
-5.3400 -30.7800 -29.7000
-5.2200 -31.3200 -29.1600
-4.7400 -32.0400 -28.8600
-4.3800 -31.8600 -28.7400
-5.0400 -31.6200 -28.2000
-6.4800 -32.0400 -28.2600
-6.6600 -32.7600 -27.9000
-6.3000 -33.3000 -27.3600
-6.8400 -33.5400 -26.9400
-7.5000 -33.4800 -26.5200
-7.8000 -33.4200 -26.5200
-7.9800 -32.8800 -26.8200
-7.8600 -32.7600 -27.2400
-7.7400 -32.7600 -27.6000
-7.2000 -32.8800 -27.7200
-7.8600 -31.6200 -28.2600
-8.6400 -30.3000 -28.9200
-9.0600 -30.1200 -29.5200
-9.3000 -29.5800 -30.4200
-9.3000 -29.7600 -30.1200
-9.3000 -28.8600 -30.4200
-9.9000 -28.3200 -31.4400
-10.5000 -28.2600 -31.1400
-10.3800 -28.0800 -30.7200
-10.0200 -27.7800 -30.4200
-9.8400 -26.9400 -30.6000
-10.0200 -26.7000 -30.5400
-10.6200 -27.5400 -30.4800
-11.2800 -27.3600 -30.7800
-12.3000 -26.8200 -30.6000
-13.2000 -26.9400 -30.2400
-12.8400 -27.9000 -29.4600
-13.3200 -27.6600 -29.4600
-13.6200 -27.6600 -29.3400
-14.5800 -27.6600 -29.2800
-15.3600 -27.7800 -29.0400
-15.5400 -27.4800 -29.6400
-15.0600 -26.4000 -30.0600
-14.6400 -26.1000 -29.8200
-15.2400 -25.8000 -29.9400
-15.7200 -25.5600 -30.4800
-15.7200 -24.9000 -31.5000
-15.7800 -24.2400 -31.6800
-15.8400 -24.1200 -31.8600
-15.7800 -24.3000 -30.9000
-16.3200 -24.4200 -31.3200
-15.9600 -24.6600 -30.7800
-16.5600 -25.0200 -30.7800
-15.4800 -24.9000 -30.4200
-14.9400 -24.1800 -30.3000
-15.0600 -23.8800 -30.9000
-15.0000 -23.4000 -31.6800
-15.5400 -23.0400 -32.2800
-15.9000 -22.7400 -33.3000
-15.5400 -22.1400 -33.7800
-15.6600 -21.7200 -33.8400
-15.0000 -21.8400 -33.6600
-15.0000 -21.9600 -33.6600
-15.0600 -22.3800 -33.4800
-14.9400 -23.1600 -33.4200
-15.3600 -22.9800 -33.0600
-14.7000 -22.5600 -32.5200
-14.2800 -22.8000 -33.2400
-13.6200 -23.1600 -34.2000
-14.2200 -23.7000 -34.3200
-14.7600 -23.5200 -33.4200
-15.1200 -23.5200 -33.2400
-14.3400 -23.7000 -32.8800
-14.4000 -23.4000 -32.6400
-14.3400 -22.3800 -33.6000
-14.5800 -22.0800 -33.6600
-14.5800 -22.1400 -33.4800
-13.8000 -21.9600 -33.5400
-13.1400 -22.1400 -33.7800
-13.0200 -22.0200 -33.9000
-13.3800 -22.0200 -33.7800
-13.6800 -22.6800 -33.9000
-13.2000 -22.6800 -33.9600
-13.2000 -22.9800 -33.7800
-13.3200 -22.6800 -33.4800
-13.9800 -22.2600 -33.4200
-14.1000 -22.4400 -33.9600
-13.5000 -22.6200 -33.3000
-13.2600 -22.4400 -33.1200
-13.3200 -22.6200 -32.6400
-13.6800 -22.2600 -33.0000
-13.9800 -21.7200 -33.8400
-13.9800 -22.1400 -33.3600
-14.4000 -22.4400 -33.6600
-14.8200 -22.6200 -33.4800
-14.3400 -22.3800 -32.7000
-13.7400 -22.0200 -32.2800
-13.8600 -21.8400 -33.2400
-13.2600 -21.5400 -33.2400
-12.9600 -21.7800 -32.8800
-13.3800 -22.0200 -32.8800
-13.0800 -22.2600 -32.7000
-13.8000 -22.0200 -32.5800
~G105
0.2372 -0.5943 -0.4756
0.1877 -0.6370 -0.4945
0.1572 -0.7073 -0.5269
0.1486 -0.7012 -0.5489
0.1468 -0.6597 -0.5507
0.1529 -0.5949 -0.5361
0.1450 -0.4776 -0.4793
0.1498 -0.5259 -0.3998
0.2403 -0.7733 -0.3155
0.4223 -1.0366 -0.2251
0.6636 -1.2717 -0.1641
0.8584 -1.3298 -0.1494
0.9476 -1.1813 -0.1610
0.8352 -0.8637 -0.1311
0.5713 -0.4752 -0.0498
0.2390 -0.1477 0.0369
-0.0872 0.0300 0.0937
-0.3352 0.0569 0.1133
-0.4378 0.0264 0.1512
-0.4238 -0.0115 0.2202
-0.3395 -0.0408 0.3753
-0.3327 -0.0219 0.4670
-0.4470 0.0642 0.5769
-0.7225 0.1638 0.6796
-0.9485 0.1754 0.7321
-1.0664 0.1723 0.7724
-1.1165 0.2084 0.8304
-1.0676 0.2493 0.8732
-0.9491 0.3037 0.8726
-0.6577 0.3929 0.8365
-0.5172 0.4448 0.8353
-0.3700 0.4564 0.8659
-0.2833 0.4179 0.9202
-0.1684 0.3868 0.9813
-0.0493 0.3874 1.0381
0.0839 0.4314 1.0943
0.2244 0.5254 1.1518
0.3087 0.5700 1.1792
0.3814 0.5657 1.2171
0.4150 0.4973 1.2562
0.4040 0.3104 1.3472
0.3636 0.1583 1.4144
0.3331 0.0477 1.4682
0.3380 0.0526 1.4609
0.3924 0.1210 1.4132
0.4522 0.1583 1.3582
0.5048 0.1216 1.3051
0.5048 -0.0244 1.2422
0.4449 -0.1569 1.1237
0.3655 -0.2015 1.0076
0.2231 -0.1331 0.9062
0.0796 -0.0225 0.8573
-0.1086 0.0825 0.8219
-0.3773 0.2237 0.8060
-0.4604 0.2487 0.7920
-0.5081 0.2353 0.7840
-0.5288 0.1901 0.8298
-0.5453 0.1614 0.9068
-0.5294 0.2139 0.9318
-0.4922 0.3471 0.9661
-0.4500 0.4503 1.0192
-0.3590 0.4149 1.0442
-0.2826 0.3672 1.0381
-0.0383 0.1815 0.9697
0.1004 0.1021 0.9380
0.2726 0.1033 0.8982
0.4461 0.2902 0.8726
0.4620 0.4998 0.8732
0.4131 0.5847 0.8732
0.1352 0.8009 0.7944
-0.0401 0.8773 0.7290
-0.2075 0.8248 0.6295
-0.2564 0.6843 0.5073
-0.2051 0.5218 0.4303
-0.1684 0.3141 0.4120
-0.1751 0.1510 0.4010
-0.2332 0.1314 0.3631
-0.3132 0.2011 0.3210
-0.4060 0.4711 0.2434
-0.3816 0.5755 0.2098
-0.2411 0.5847 0.1957
0.1468 0.4759 0.2171
0.6459 0.3782 0.2208
0.9409 0.4320 0.2104
1.0716 0.6781 0.2067
0.9366 0.8211 0.2116
0.7772 0.8467 0.2257
0.6477 0.7808 0.2739
0.4999 0.5383 0.3173
0.2983 0.1693 0.3344
0.1187 -0.1093 0.2953
-0.0780 -0.2956 0.1640
-0.1507 -0.3145 0.0326
-0.1049 -0.2320 -0.0645
-0.0572 -0.2149 -0.1592
-0.0841 -0.2247 -0.2563
-0.2185 -0.1496 -0.4548
-0.3804 -0.0097 -0.6100
-0.5600 0.0502 -0.7377
-0.6431 0.0606 -0.7535
-0.6394 0.0923 -0.6802
-0.5545 0.1039 -0.5953
-0.2735 0.1290 -0.4298
-0.0511 0.1754 -0.3045
0.1065 0.2560 -0.1750
