D10
~A122
-0.9553 4.5228 8.2100
-1.3576 2.5355 8.7367
-2.0112 2.4781 9.0384
-1.4030 2.9785 8.7535
-1.6401 3.6776 9.4478
-1.5108 3.8308 9.8548
-0.6824 3.5004 9.9745
0.0024 3.4166 9.4789
0.3927 3.1748 8.7391
0.6800 2.6265 7.8915
0.6680 2.2937 7.3839
0.4549 2.2506 7.1589
0.1365 2.4039 7.4103
-0.4166 2.7367 7.9203
-0.5363 2.5307 7.7167
-0.1748 2.1094 7.3576
-0.0168 1.9250 7.6090
0.0527 1.9178 8.0328
0.0335 1.9082 8.4422
0.1101 1.9585 8.6936
0.3879 1.8867 9.0504
0.6896 1.8316 9.1078
0.9242 1.9250 9.0719
1.2474 2.1644 8.8540
1.4773 2.1740 8.7798
1.6808 2.1118 8.7990
1.8149 2.0208 8.9690
2.0208 2.2003 9.3640
2.2434 2.3009 9.5436
2.4637 2.3679 9.5915
2.6792 2.3943 9.6274
2.8779 2.3536 9.7112
2.9833 2.2099 9.8309
3.0096 2.1189 10.0512
3.1126 2.1141 10.2379
3.0647 2.0591 10.1541
3.0312 2.0471 10.1230
3.0240 2.0303 10.1134
2.6816 1.7718 9.4454
2.6241 1.7766 9.1294
2.5260 1.7598 8.5524
2.2985 1.7837 7.9586
2.0639 1.9011 7.3959
2.0160 2.0399 6.8764
2.1405 2.1596 6.5507
2.4661 2.1477 6.5890
2.7031 2.0280 6.9171
2.7821 1.9777 7.9753
2.7247 1.7813 8.8660
2.3967 1.3025 9.5675
1.8149 0.7518 9.8165
1.1660 0.4190 9.7734
0.3783 0.1939 9.3065
0.0934 0.2370 9.1820
0.5315 0.1413 9.1868
1.0247 0.0287 9.1773
1.3360 0.1341 9.1701
1.5156 0.1221 9.1389
1.5228 0.0527 8.9905
1.1493 0.0982 8.7559
0.9290 0.1628 8.6457
0.5531 0.3089 8.6816
0.5507 0.4645 9.0216
0.9122 0.4741 9.5101
1.2905 0.3041 10.0416
1.4342 0.0718 10.5133
1.3743 -0.1077 11.0472
1.3025 -0.3400 11.2148
1.1708 -0.6776 11.0256
0.9122 -0.8691 10.5492
0.4118 -0.8284 10.2355
-0.0934 -0.9122 10.0392
-0.6656 -0.9386 10.1230
-0.9577 -0.8236 10.4750
-1.1493 -0.6536 11.0256
-0.9122 -0.6321 11.6481
-0.7901 -0.4884 11.8780
-0.7877 -0.2011 12.0624
-0.8236 0.2155 12.2419
-0.6967 0.4621 12.3042
-0.5842 0.5507 12.4071
-0.3639 0.6249 12.5268
-0.2706 0.7111 12.4885
-0.3759 0.8021 12.2970
-0.5531 0.8643 12.0767
-0.6273 0.9745 11.8541
-0.4142 1.1493 11.5883
-0.0527 1.3049 11.2531
0.1580 1.6233 10.8892
0.1724 1.9442 10.5923
0.1077 2.3033 10.2954
-0.1963 2.5379 10.2499
-1.0798 3.0335 10.1924
-2.3081 3.9697 9.8572
-3.3855 4.9681 9.6465
-3.5603 5.6170 9.6274
-2.5571 5.8708 10.3074
-1.0080 5.6888 11.3106
0.3041 5.4685 11.9498
1.3911 5.2363 12.1174
1.8604 5.1046 12.0815
1.5180 5.1836 11.7703
0.5890 5.2099 11.3848
0.0000 5.0447 11.4183
-0.1987 4.7814 11.6051
-0.0551 4.3911 11.9546
0.2753 4.0727 12.1701
0.0431 3.7015 12.3353
-0.5674 3.6728 11.6936
-1.0750 3.5172 10.6497
-1.0559 3.3903 9.0743
-0.7039 3.3041 7.8101
-0.5531 3.2562 6.6848
-0.8907 3.3089 6.2922
-1.7167 3.3927 6.6465
-2.0447 3.3280 7.1373
-2.2506 2.9019 8.6098
-2.0950 2.7630 9.0480
-2.8157 3.5220 8.9330
-4.3839 5.3105 8.2219
-5.6385 7.0942 7.4725
-6.2203 8.2938 6.7758
~M122
-10.5600 -9.9000 -39.5400
-9.7800 -9.6000 -38.9400
-10.3800 -8.6400 -39.6000
-11.2800 -8.0400 -40.2600
-12.6000 -7.1400 -40.4400
-13.6800 -6.9600 -39.7200
-14.1000 -7.6800 -39.5400
-13.9800 -7.2000 -39.3600
-14.7600 -6.4800 -39.5400
-15.9600 -5.8800 -39.3600
-16.9800 -5.1000 -38.8200
-17.4000 -5.1600 -38.3400
-17.0400 -5.2800 -37.8600
-17.1000 -5.5800 -38.2200
-16.6200 -5.9400 -38.6400
-16.4400 -5.2800 -38.8800
-15.9000 -4.2600 -39.9600
-14.7600 -4.0200 -39.4800
-15.1200 -2.8200 -38.7000
-15.7200 -1.3200 -39.6600
-15.4200 -0.7800 -39.0600
-15.6600 0.0600 -38.1600
-15.4800 0.9000 -38.5800
-15.4200 1.2000 -38.4000
-15.3600 1.5000 -37.6800
-14.2200 2.3400 -37.9200
-13.9800 3.1800 -38.0400
-13.9200 4.7400 -38.2200
-14.0400 5.2800 -37.8600
-13.9200 5.5800 -37.5600
-14.1000 6.0600 -37.8600
-13.9200 5.3400 -37.8000
-14.2800 4.5000 -37.4400
-14.1600 4.3800 -37.7400
-14.4000 3.9600 -37.5000
-14.8800 3.2400 -36.9600
-15.2400 3.3600 -37.6800
-16.5000 2.8200 -39.0000
-17.2200 2.8800 -39.6600
-18.3000 2.5800 -39.7800
-18.3000 1.7400 -39.4200
-18.8400 1.4400 -39.3000
-18.8400 1.1400 -39.1800
-19.6200 0.9600 -39.3600
-19.2600 0.7200 -39.3600
-18.4800 0.0000 -38.8200
-18.8400 -0.0600 -38.7000
-19.1400 -0.6000 -39.3600
-18.9000 -1.2000 -39.3000
-18.7800 -1.2600 -39.2400
-18.7800 -1.8600 -39.0000
-18.4200 -2.8200 -38.2200
-18.3600 -3.0600 -38.4000
-18.4800 -3.4200 -38.4000
-19.0800 -4.5000 -39.6000
-19.6200 -5.0400 -39.4800
-19.6800 -5.7600 -38.8200
-19.8000 -6.2400 -38.7600
-19.7400 -6.6600 -38.0400
-19.9800 -7.4400 -37.6800
-20.4000 -7.9800 -38.5200
-19.8600 -8.0400 -37.9200
-20.0400 -8.6400 -37.8000
-20.6400 -10.1400 -38.1600
-20.7600 -9.9600 -38.3400
-20.2200 -10.5600 -37.5000
-20.4000 -10.5600 -37.0800
-20.4000 -11.5200 -36.1800
-20.6400 -12.0600 -36.1200
-21.0600 -12.2400 -36.7200
-20.5800 -12.5400 -36.0600
-19.8600 -13.2000 -35.7600
-19.4400 -13.3200 -35.4600
-20.1600 -12.4800 -36.0600
-20.5800 -12.1800 -35.8200
-19.8600 -12.0000 -34.8600
-19.8000 -11.8200 -35.0400
-19.8600 -11.6400 -35.2800
-19.3200 -11.7600 -35.0400
-18.6000 -11.7000 -33.8400
-18.3600 -11.5800 -34.1400
-17.9400 -12.3000 -35.1000
-18.0000 -12.6000 -35.3400
-17.6400 -12.7800 -35.6400
-17.7600 -12.6600 -36.0000
-16.5000 -12.9000 -35.4600
-16.2600 -13.2000 -34.7400
-17.4000 -13.3200 -34.7400
-18.0000 -13.3200 -34.9200
-17.6400 -14.2200 -34.9800
-17.8200 -14.3400 -34.6200
-17.7600 -13.9800 -34.6800
-17.8800 -13.9200 -33.6000
-18.3600 -15.1200 -32.3400
-18.4800 -15.9600 -32.9400
-18.4200 -15.6000 -33.4800
-18.0000 -15.0600 -34.1400
-17.8800 -14.3400 -34.8600
-17.6400 -14.3400 -34.2000
-17.6400 -14.7000 -33.6600
-17.8800 -14.7000 -33.5400
-18.9000 -14.8200 -33.3600
-19.5000 -14.4000 -33.3000
-19.4400 -14.3400 -33.7200
-19.5600 -14.4000 -34.0800
-18.4200 -14.4000 -33.1800
-18.7800 -14.5800 -33.1800
-18.9000 -15.0000 -33.4800
-19.3800 -15.0600 -33.9000
-19.0200 -15.0600 -33.7800
-18.7200 -15.0000 -33.3000
-18.9000 -14.7000 -33.4800
-19.2000 -14.2800 -33.9000
-18.9600 -14.2800 -34.0200
-19.1400 -14.1000 -34.2600
-18.6600 -14.5800 -34.8600
-18.0000 -14.2800 -34.7400
-18.0000 -13.6200 -34.3800
-18.3000 -14.0400 -34.2600
-18.3600 -14.1600 -33.8400
-18.7200 -13.5600 -34.3800
-19.3200 -13.5000 -34.3800
~G122
-0.2582 -0.3328 0.6313
-0.2564 -0.2803 0.6264
-0.2515 -0.7159 0.8561
-0.4341 -1.0909 0.7724
-0.3737 -1.4678 0.8726
-0.1293 -1.6236 0.9233
0.1346 -1.4898 0.8634
0.4260 -0.9516 0.7981
0.6147 -0.2046 0.8866
0.6227 0.4149 0.9575
0.4840 0.8431 0.9447
0.3215 1.0373 0.9251
0.0918 0.9591 0.9453
-0.1812 0.5853 1.0430
-0.4311 0.3471 1.1676
-0.5520 0.4570 1.2269
-0.6412 0.5963 1.2354
-0.7072 0.4869 1.2385
-0.7164 0.3006 1.2342
-0.6608 0.0960 1.2141
-0.5698 -0.0506 1.1792
-0.4647 -0.1911 1.1145
-0.4158 -0.2583 1.0595
-0.4244 -0.2265 0.9380
-0.4958 -0.1691 0.8726
-0.5997 -0.1166 0.8182
-0.7280 -0.0097 0.7669
-0.7671 0.0398 0.7015
-0.8141 0.1174 0.5421
-0.8795 0.1620 0.3753
-0.9271 0.1962 0.2214
-0.9467 0.2243 0.0919
-0.9454 0.2310 -0.0688
-0.8892 0.2249 -0.2343
-0.7793 0.2402 -0.4224
-0.6999 0.2310 -0.5300
-0.2906 0.1485 -0.8274
-0.1415 0.1833 -0.8745
0.0161 0.2072 -0.9435
0.1572 0.1705 -1.0052
0.2458 0.1186 -1.0425
0.2922 0.0074 -1.0938
0.2439 -0.1606 -1.1726
0.1040 -0.3225 -1.3009
-0.0688 -0.4287 -1.4658
-0.1916 -0.4599 -1.5978
-0.2277 -0.4984 -1.6894
-0.1709 -0.4972 -1.8390
-0.0945 -0.4226 -1.9404
-0.0432 -0.3506 -1.9356
-0.1061 -0.3402 -1.8256
-0.1874 -0.3115 -1.6845
-0.2533 -0.2779 -1.5819
-0.3181 -0.2308 -1.5324
-0.3523 -0.1801 -1.5128
-0.3920 -0.0323 -1.5128
-0.3865 0.1919 -1.5275
-0.3645 0.2713 -1.5147
-0.3425 0.2408 -1.4579
-0.3242 0.1265 -1.3650
-0.2930 -0.0225 -1.2575
-0.2674 -0.1368 -1.2056
-0.2338 -0.1978 -1.2172
-0.1690 -0.2113 -1.2642
-0.0603 -0.1722 -1.2996
0.0912 -0.0549 -1.3345
0.2317 0.0893 -1.3626
0.3417 0.2029 -1.3992
0.3612 0.1681 -1.4072
0.3374 0.0325 -1.3901
0.2684 -0.1826 -1.3418
0.2024 -0.3854 -1.2599
0.1896 -0.4886 -1.1439
0.2598 -0.5051 -0.9643
0.3105 -0.4880 -0.8598
0.3716 -0.4458 -0.7041
0.4089 -0.4220 -0.5910
0.4425 -0.4086 -0.5098
0.4840 -0.4153 -0.4481
0.5536 -0.4049 -0.4279
0.6361 -0.3695 -0.4444
0.6953 -0.3402 -0.4383
0.7418 -0.3261 -0.3870
0.7650 -0.3310 -0.3498
0.8340 -0.3121 -0.2862
0.8865 -0.3133 -0.2868
0.9140 -0.3212 -0.3436
0.8835 -0.3145 -0.4102
0.7497 -0.2510 -0.5067
0.6129 -0.1624 -0.5703
0.4797 0.0031 -0.6008
0.4272 0.1821 -0.5892
0.3404 0.3581 -0.5122
0.1902 0.2127 -0.3815
-0.1098 -0.1691 -0.2117
-0.3462 -0.4239 -0.1384
-0.4293 -0.4996 -0.1579
-0.4457 -0.4697 -0.2612
-0.4659 -0.3835 -0.4096
-0.5814 -0.1850 -0.6790
-0.7390 0.0520 -0.8623
-0.9039 0.1082 -0.9398
-1.0114 -0.0189 -0.9643
-1.0597 -0.2760 -0.9985
-0.9809 -0.4361 -1.0180
-0.7872 -0.4141 -1.0547
-0.5044 -0.1649 -1.0547
-0.1366 0.2811 -1.0022
0.2054 0.6763 -0.9142
0.3942 0.8248 -0.8036
0.3997 0.7850 -0.7309
0.2946 0.6012 -0.6790
0.1822 0.4265 -0.6320
-0.0145 0.0306 -0.5379
-0.1360 -0.2834 -0.4408
-0.0352 -0.6407 -0.1689
0.2769 -0.5002 -0.0107
0.5750 -0.1239 0.0876
0.7839 0.2169 0.1817
0.8621 0.3483 0.2837
0.9201 0.2634 0.5250
0.9238 0.1363 0.7571
