D10
~A60
-1.8987 4.6305 11.5572
-1.1397 3.9122 11.5955
-1.0655 3.8308 11.2842
-0.9745 3.8596 10.8006
-1.0487 3.9003 10.3696
-1.2666 3.9051 10.0464
-1.5204 3.7949 9.6633
-1.5659 3.6489 9.5771
-1.2761 3.5339 9.8740
-0.8428 3.4286 10.2331
-0.6105 3.2730 10.4702
-0.5938 3.0503 10.4558
-0.7087 3.0144 10.1493
-0.7111 3.0671 9.5651
-0.6465 2.9833 8.9522
-0.6153 2.9282 8.3680
-0.5722 2.8803 7.8125
-0.5938 2.8324 7.4318
-0.6680 2.8133 7.1541
-0.7039 2.8181 7.0894
-0.6273 2.7558 7.1158
-0.6536 2.7438 7.3624
-0.6488 2.7127 7.7072
-0.6369 2.6600 7.9562
-0.5148 2.5882 8.2938
-0.1628 2.6361 8.5188
0.0838 2.7343 8.5308
-0.0551 2.7391 8.4733
-0.4070 2.6002 8.2100
-0.7111 2.4996 7.9466
-0.9146 2.4350 7.1373
-0.9194 2.5547 6.2443
-0.8572 2.6912 5.2387
-0.7374 2.6864 5.0304
-0.5339 2.6983 5.0352
-0.2993 2.8252 5.4542
-0.2753 2.8659 5.8732
-0.3544 2.7462 6.8500
-0.8404 2.5954 7.3337
-1.6664 2.6050 7.3408
-1.9465 2.7462 6.8380
-1.4461 3.0838 6.1940
-0.9553 3.2610 5.4996
-0.5770 3.5100 5.5834
0.4765 3.4047 6.2586
0.5866 3.8380 7.0368
0.3424 3.4286 8.1142
0.0551 3.6034 8.2411
-0.0168 3.6872 8.0160
0.0335 3.6082 7.8317
0.0263 3.4358 7.3456
-0.3352 3.4741 6.8740
-0.6728 3.4310 6.7040
-0.8164 3.3209 6.6489
-0.9481 3.2466 6.8357
-1.0559 3.3951 7.1278
-0.8955 3.8189 7.4246
-0.3208 3.9122 7.8269
-0.2753 3.5770 7.5324
-0.6345 3.5818 7.5587
~M60
3.1200 -32.5800 -29.6400
2.9400 -32.7000 -29.5200
2.9400 -33.1200 -29.4000
3.0600 -33.6600 -29.0400
3.9600 -34.0200 -27.1800
3.7800 -33.6600 -27.4200
3.1200 -33.2400 -29.1600
2.2800 -33.1800 -28.8000
2.3400 -33.2400 -28.3200
3.4200 -33.6000 -27.9000
3.8400 -34.1400 -27.4800
3.9000 -33.9600 -28.2600
3.4200 -33.1800 -29.5200
3.6000 -33.0000 -29.5800
3.9000 -33.3600 -29.7600
3.8400 -33.7200 -28.5600
3.7200 -33.4800 -28.2000
3.4200 -33.7800 -28.6800
3.3600 -33.9000 -28.3800
3.3000 -33.3000 -28.4400
3.3000 -33.0600 -29.1600
3.8400 -33.7800 -28.9200
4.1400 -34.6800 -28.1400
4.2600 -33.9000 -28.1400
3.9000 -33.4800 -28.4400
3.9600 -33.4200 -28.6800
5.1000 -33.6600 -27.9600
4.9200 -34.0200 -27.0600
4.8600 -34.0200 -26.7600
4.3200 -34.5000 -27.2400
4.0200 -34.4400 -27.3600
3.7800 -35.2200 -27.6600
3.9600 -35.1600 -26.9400
3.8400 -35.4000 -25.4400
3.6600 -36.0000 -24.9600
3.1800 -35.8200 -25.8600
3.0600 -35.8800 -26.1000
2.4600 -36.0600 -25.6200
2.5800 -36.0000 -25.3800
3.4800 -36.1200 -25.2000
4.3200 -36.5400 -25.4400
4.6800 -36.8400 -24.9600
3.9600 -36.7200 -24.3600
3.7800 -36.7200 -24.0000
4.3800 -36.9000 -24.4800
4.6800 -37.2600 -24.5400
4.7400 -37.3200 -24.4800
4.2600 -37.3800 -24.4200
4.8000 -37.7400 -24.0600
4.8600 -37.2000 -24.0000
4.1400 -36.9600 -23.8800
4.2600 -36.7800 -25.2000
4.2000 -36.3000 -26.1600
3.1200 -35.7000 -26.2800
3.0600 -35.5800 -26.3400
3.4800 -35.1000 -26.8800
4.3200 -35.3400 -26.4600
4.6200 -34.3200 -27.4200
5.5800 -34.0800 -27.2400
5.8200 -34.5000 -26.0400
~G60
-0.0591 0.0154 -0.1793
0.0637 -0.0244 -0.2117
0.1486 -0.0879 -0.2459
0.1767 -0.2168 -0.3039
0.1718 -0.3701 -0.3308
0.1071 -0.4678 -0.3113
-0.0652 -0.4807 -0.2276
-0.2729 -0.4190 -0.1250
-0.4012 -0.3280 -0.0669
-0.4641 -0.1422 -0.0517
-0.4085 0.0331 -0.0626
-0.2753 0.1320 -0.0681
-0.1287 0.1400 -0.0749
-0.0071 0.1131 -0.1005
0.1004 0.0545 -0.1408
0.1462 -0.0610 -0.1909
0.1187 -0.1288 -0.2221
0.0643 -0.1111 -0.2312
-0.0163 -0.0836 -0.2355
-0.0969 -0.0677 -0.2343
-0.1947 -0.0219 -0.2215
-0.2258 -0.0109 -0.1952
-0.1880 -0.0378 -0.1634
-0.0927 -0.1264 -0.1555
0.0032 -0.1722 -0.2172
0.1511 -0.1514 -0.3217
0.3429 -0.0708 -0.3852
0.5335 -0.0060 -0.3491
0.6874 -0.0091 -0.2288
0.7222 -0.0335 -0.1677
0.5829 -0.2156 -0.1030
0.5158 -0.2827 -0.0993
0.2787 -0.4599 -0.1164
0.2091 -0.5161 -0.1561
0.2250 -0.5045 -0.2111
0.3276 -0.4068 -0.2367
0.4956 -0.2809 -0.1561
0.6410 -0.2119 0.0272
0.6929 -0.2107 0.2361
0.6159 -0.2907 0.3027
0.4308 -0.3163 0.3375
0.2726 -0.3170 0.3149
0.1657 -0.1978 -0.0822
0.2244 -0.2937 -0.2361
0.3618 -0.3102 -0.2508
0.4779 -0.1838 -0.2148
0.5451 -0.0964 -0.2270
0.5506 -0.1007 -0.3516
0.4614 -0.1300 -0.3986
0.3410 -0.1844 -0.4108
0.0955 -0.1422 -0.3913
-0.0737 -0.0634 -0.3235
-0.1922 0.0325 -0.2105
-0.1953 0.1064 -0.1555
-0.0798 0.0025 -0.2826
-0.1360 -0.1679 -0.3406
-0.1684 -0.2443 -0.3143
-0.1965 -0.3457 -0.2569
-0.2197 -0.4801 -0.1543
-0.2191 -0.5155 -0.1115
