D10
~A87
-1.5347 3.2921 8.5835
-1.7023 5.2315 8.2100
-1.7263 5.2794 7.7144
-1.7909 5.3273 7.3289
-1.8771 5.3656 7.2068
-1.8915 5.3799 7.1876
-1.7789 5.3512 7.3576
-1.6137 5.3440 7.6018
-1.5347 5.3273 7.8293
-1.5443 5.4494 7.9897
-1.5180 5.6002 8.1190
-1.3456 5.6529 8.0735
-1.2426 5.6744 7.9729
-1.2642 5.7582 7.7239
-1.3528 5.7774 7.4677
-1.4868 5.6768 7.4510
-1.7335 5.5930 7.7670
-1.7861 5.6170 8.0735
-1.9394 5.6960 8.3584
-2.1501 5.8588 8.6601
-2.2386 6.0048 8.9737
-2.2793 5.9785 9.1796
-2.2554 5.8564 9.1916
-2.1548 5.3799 9.3329
-1.9681 5.0088 9.7639
-1.3887 4.5084 11.2579
-0.8979 4.3456 12.2874
-0.2969 4.0272 13.4367
0.1149 3.6465 14.3441
-0.0192 3.5699 14.7511
-0.5483 3.7806 14.9091
-0.7805 3.8476 14.7535
-0.3807 3.5627 14.5117
0.0120 3.0766 14.2818
-0.0144 2.7391 14.1837
-0.3663 2.5930 14.0113
-0.6896 2.7319 13.8341
-0.4645 2.9474 13.8389
0.2394 3.0647 14.0137
1.2331 3.6489 14.4782
1.0918 3.6369 14.7990
0.4477 3.5268 14.2172
-0.1053 3.3975 13.2332
-0.3352 3.3544 12.1821
-0.4693 3.5770 11.4375
-0.2562 3.8572 10.8509
-0.0718 3.7566 10.6856
-0.0742 3.6249 10.7766
-0.2131 3.6297 10.9203
-0.3855 3.5914 10.9490
-0.5387 3.4932 10.8125
-0.7973 3.3831 10.4845
-1.0104 3.3041 10.1062
-0.9769 3.2083 9.9482
-0.7853 3.0982 9.8979
-0.2825 2.9330 9.8333
0.2059 2.7295 9.6513
0.3544 2.5810 9.5125
0.2514 2.4877 9.2946
0.1101 2.4541 8.8804
-0.1915 2.3560 8.1310
-0.3280 2.3129 7.6138
-0.3735 2.3296 7.2140
-0.4501 2.3727 7.0607
-0.2538 2.3272 6.7878
0.2346 2.4254 6.2969
0.7207 2.5834 5.7750
0.6824 2.8324 5.2602
0.3089 2.9713 4.9801
-0.1844 2.9928 4.7455
-0.5794 2.8899 4.6281
-0.9529 2.7031 4.5922
-0.9577 2.4781 4.7933
-0.9026 2.2841 5.1525
-0.8428 2.1429 5.7846
-0.8667 2.0519 7.0942
-0.8572 2.0687 7.7838
-0.6800 2.1884 8.1717
-0.5291 2.3560 7.9514
-0.1365 2.3320 7.2954
-0.1006 2.4757 6.9506
-0.3759 2.8923 6.8668
-0.8739 3.2466 7.0655
-1.3504 3.5747 7.0487
-1.6305 3.7806 6.8907
-1.8723 4.2211 6.5052
-1.9657 4.3887 6.5076
~M87
6.9600 -37.0800 -22.1400
6.6000 -36.9000 -23.7000
6.5400 -36.0600 -25.0800
6.2400 -35.5800 -25.6200
5.8800 -35.8200 -25.3200
5.1600 -35.7600 -25.3800
4.0800 -35.3400 -25.9800
3.9600 -35.1000 -25.9800
4.0200 -35.0400 -25.9800
4.2600 -35.3400 -25.7400
4.3800 -35.7000 -26.0400
4.0200 -35.1600 -26.7600
3.4200 -34.6200 -26.7000
3.3000 -34.3200 -26.8800
3.4800 -34.3800 -26.7600
3.2400 -34.2600 -26.7600
3.3000 -33.3600 -27.4200
2.9400 -33.7200 -27.6000
2.8200 -33.5400 -27.9000
2.6400 -33.9000 -28.0200
2.5200 -33.3000 -28.4400
2.7600 -33.6000 -28.1400
3.1200 -32.8200 -27.9600
3.4200 -32.9400 -28.2600
2.4600 -32.9400 -28.5000
1.6200 -32.6400 -28.8600
1.6800 -33.2400 -28.7400
1.5000 -33.6000 -28.6800
0.8400 -33.6000 -29.1000
0.4800 -34.5000 -28.4400
0.1800 -34.9800 -28.2600
0.1200 -34.8600 -27.8400
0.2400 -35.2800 -26.4600
0.9600 -36.5400 -24.3600
0.7800 -36.3000 -24.1800
0.0600 -36.9600 -24.2400
-0.6000 -38.1000 -24.1800
-0.6600 -37.5600 -23.8800
-0.2400 -37.8000 -23.4000
-0.3000 -37.8000 -23.9400
-0.9000 -37.7400 -24.6000
-1.0200 -37.4400 -24.3000
-0.6600 -37.3200 -24.3600
-0.3000 -36.6600 -24.3000
0.4800 -36.5400 -23.5200
0.4200 -36.2400 -24.2400
0.6600 -35.9400 -25.6800
1.2600 -35.2800 -26.8800
2.4600 -34.9800 -27.2400
3.0000 -34.9200 -27.9000
4.0800 -34.8600 -27.0600
3.7200 -34.4400 -27.8400
3.6000 -33.9600 -28.8600
4.1400 -33.3600 -29.6400
4.6200 -33.1200 -29.4600
4.9800 -33.6000 -28.5600
4.9800 -33.3000 -28.4400
5.0400 -32.6400 -28.7400
4.7400 -32.1600 -29.6400
4.7400 -32.2200 -30.7800
4.3200 -31.9200 -31.2000
4.2600 -31.6200 -30.1200
4.4400 -31.8000 -30.1200
3.9600 -31.8600 -30.7200
4.1400 -32.3400 -30.8400
5.3400 -32.2200 -30.6600
6.3000 -31.8600 -29.4600
6.1200 -31.9800 -29.4600
6.1800 -31.9200 -29.3400
6.0000 -31.5600 -29.7600
6.9600 -31.3200 -29.6400
7.4400 -31.5000 -29.4000
8.2200 -31.3200 -29.0400
7.7400 -31.0800 -29.0400
6.6600 -31.4400 -29.0400
7.0800 -31.6200 -29.1600
7.0200 -31.8600 -29.6400
7.1400 -32.2200 -28.8600
6.8400 -31.5600 -29.4000
6.6600 -31.1400 -29.9400
6.3600 -30.5400 -30.8400
6.4200 -30.9000 -31.3200
5.6400 -30.9600 -31.5000
5.8200 -30.9000 -31.3800
6.4200 -31.0800 -30.7800
5.8200 -31.2000 -30.9000
6.0000 -30.9600 -31.1400
~G87
0.2971 -0.6297 -0.0254
0.2934 -0.6480 -0.0498
0.2085 -0.6383 -0.0669
0.0600 -0.5961 -0.0651
-0.0798 -0.5509 -0.0449
-0.2026 -0.5106 -0.0181
-0.3205 -0.4959 0.0119
-0.3902 -0.4978 0.0174
-0.3841 -0.4477 0.0131
-0.3199 -0.3982 0.0174
-0.2264 -0.3689 -0.0028
-0.1440 -0.3524 -0.0510
-0.0719 -0.3780 -0.1335
-0.0627 -0.4061 -0.2166
-0.1305 -0.4575 -0.2710
-0.2161 -0.5100 -0.2826
-0.2973 -0.5338 -0.2581
-0.3407 -0.4935 -0.2349
-0.3547 -0.4031 -0.2233
-0.3297 -0.2711 -0.2013
-0.2582 -0.1856 -0.2038
-0.2020 -0.1294 -0.2264
-0.1654 -0.1038 -0.2355
-0.1635 -0.2235 -0.2135
-0.1910 -0.6261 -0.1115
-0.2161 -0.7885 -0.0333
-0.1916 -0.7311 0.0296
-0.1214 -0.5320 0.0577
0.0668 -0.1966 0.1017
0.2622 -0.0525 0.1414
0.5194 -0.0201 0.1890
0.7057 -0.0433 0.2012
0.8493 -0.0549 0.1817
0.9385 -0.0555 0.1695
1.0588 -0.1276 0.1890
1.1614 -0.2779 0.2666
1.1517 -0.4972 0.3735
1.0698 -0.5980 0.4413
0.7803 -0.4538 0.3821
0.6483 -0.1398 0.1169
0.7357 -0.0891 -0.0211
0.7522 -0.1056 -0.0565
0.6960 -0.1361 -0.0681
0.4687 -0.1386 -0.0700
0.2097 -0.0812 -0.1140
-0.0456 -0.0011 -0.1702
-0.2313 0.0795 -0.1903
-0.3614 0.1742 -0.2123
-0.4256 0.2481 -0.2416
-0.4659 0.2573 -0.2545
-0.5154 0.2114 -0.2337
-0.6058 0.1436 -0.1952
-0.6809 0.1363 -0.1604
-0.7420 0.1870 -0.1384
-0.8147 0.3269 -0.1689
-0.8721 0.4448 -0.2172
-0.9118 0.5853 -0.2850
-0.8703 0.6904 -0.3314
-0.7860 0.7374 -0.3687
-0.6864 0.7032 -0.3717
-0.5893 0.5413 -0.3614
-0.5294 0.3116 -0.3620
-0.4525 0.1064 -0.3669
-0.3761 0.0532 -0.4035
-0.3388 0.0441 -0.5074
-0.3541 0.0477 -0.6534
-0.3755 0.0190 -0.7871
-0.3810 -0.0634 -0.8665
-0.3859 -0.1551 -0.8824
-0.4512 -0.3469 -0.8244
-0.5698 -0.4788 -0.7389
-0.7072 -0.5466 -0.6515
-0.7848 -0.5656 -0.5770
-0.7542 -0.5589 -0.4762
-0.5905 -0.5283 -0.4151
-0.3712 -0.4721 -0.3779
-0.1238 -0.3359 -0.3559
0.2122 -0.1930 -0.3406
0.3166 -0.2027 -0.3638
0.3392 -0.2424 -0.4243
0.3392 -0.2204 -0.4371
0.3527 -0.1392 -0.4261
0.3478 0.0172 -0.4017
0.2512 0.1644 -0.3662
0.1749 0.2340 -0.3473
-0.0988 0.3122 -0.2728
-0.2234 0.4405 -0.1799
