D10
~A92
-0.5435 2.9330 8.5021
-1.0798 6.1772 7.8365
-0.9817 6.0743 8.0998
-0.9433 5.8923 8.4207
-1.0511 5.7534 8.7104
-1.4054 5.7918 8.8804
-1.7933 5.9019 8.9474
-1.9944 5.8636 8.8253
-2.0543 5.8157 8.7223
-2.0615 5.8516 8.7343
-1.9250 5.7965 8.9570
-1.8077 5.6361 9.0743
-1.6592 5.5260 9.3880
-1.4246 5.6050 9.9554
-1.1995 5.5571 10.5899
-0.8524 5.2890 11.2986
-0.3520 4.9011 12.2539
0.2777 4.5443 13.2882
0.4382 4.3408 14.1406
0.2466 4.3456 14.7152
0.0455 4.3791 15.0480
-0.0072 4.2043 15.1821
0.2897 3.8404 15.2803
0.9769 3.3711 15.9746
1.8101 2.7175 17.4926
2.0040 2.4350 18.1247
1.2546 1.8915 19.7432
-0.1700 2.0495 19.6307
-0.8524 2.1764 18.6346
-1.1085 2.2626 16.3218
-1.1325 2.7654 13.1829
-1.0583 3.2227 11.5739
-0.7422 3.5842 10.7096
-0.0646 3.9362 10.0081
0.3903 4.0511 9.8548
0.4405 4.0870 9.8907
0.2251 4.0631 10.0344
-0.1508 3.9913 10.2164
-0.4405 3.8907 10.1829
-0.5579 3.6968 10.0703
-0.5938 3.3999 9.8069
-0.6704 3.2514 9.5125
-0.7422 3.0479 9.3425
-0.7997 2.8659 9.2611
-0.9074 2.6792 9.1916
-1.2809 2.5499 8.7343
-1.6664 2.3584 7.8915
-1.8149 2.1788 7.2762
-1.7981 2.0854 6.8668
-1.5347 2.1070 6.5938
-1.1564 2.2793 6.3831
-0.7446 2.4039 6.2467
-0.7039 2.4206 6.2347
-0.4693 2.4493 6.1365
-0.2011 2.4829 5.7534
-0.0455 2.5116 5.4302
0.0144 2.5331 5.1716
0.0455 2.4541 5.2123
0.0814 2.4469 5.3297
0.0335 2.4517 5.4446
-0.1293 2.4517 5.4829
-0.3424 2.5523 5.5595
-0.5220 2.7223 5.5451
-0.7518 2.9857 5.5978
-0.9050 3.1461 5.6457
-0.8643 3.2514 5.6960
-0.8500 3.3185 5.6601
-0.8284 3.4214 5.5619
-0.8212 3.5148 5.5523
-0.9002 3.6465 5.7534
-1.0343 3.8261 5.9737
-1.1014 4.0176 6.2107
-1.1085 4.1948 6.7806
-1.0415 4.4294 7.1972
-1.0439 4.4557 7.2187
-0.9290 4.8508 6.7495
-0.7111 4.9298 6.4741
-0.6584 4.9466 6.3305
-0.7877 4.8460 6.3065
-0.9984 4.6976 6.4669
-1.2618 4.5132 6.7399
-1.4461 4.4031 6.9889
-1.4174 4.3073 7.4294
-1.3911 4.1996 7.9921
-1.4007 4.0751 8.4781
-1.4126 3.9697 8.6769
-1.4773 3.6992 8.9163
-1.3887 3.6369 8.8995
-0.9266 3.7566 8.7607
-0.4501 3.8811 8.7511
-0.1939 3.9889 8.8660
-0.1413 3.9506 8.9163
~M92
3.2400 -38.4000 -22.3200
3.2400 -38.2200 -21.8400
3.3000 -38.3400 -22.5600
3.5400 -37.6800 -22.3800
3.4800 -37.8000 -22.3200
3.0600 -37.6200 -22.3800
2.3400 -37.2000 -23.5800
1.6800 -37.3200 -24.9000
1.4400 -36.9000 -24.9000
1.2000 -36.0600 -26.1600
0.7800 -35.5800 -26.4600
0.7800 -35.5800 -25.9800
1.1400 -35.7000 -25.1400
1.0200 -35.5200 -25.0200
0.4800 -35.8200 -25.5600
-0.7800 -35.3400 -26.5800
-1.3800 -34.8600 -27.1800
-1.9800 -34.8600 -27.5400
-2.2200 -34.6200 -27.2400
-2.3400 -34.2600 -27.6000
-3.5400 -34.1400 -28.0200
-3.9600 -33.8400 -27.7800
-4.0200 -33.6000 -28.0800
-3.7200 -33.3600 -28.6800
-3.4800 -33.9600 -27.8400
-2.8200 -34.5600 -26.7600
-2.4600 -35.0400 -25.7400
-2.5200 -36.4200 -25.2000
-2.5200 -36.9600 -25.2000
-1.8000 -36.5400 -24.4200
-1.5600 -36.7800 -24.9000
-1.2000 -36.6000 -25.3800
-0.8400 -36.7200 -25.7400
-0.1800 -36.4800 -24.7200
0.3000 -36.1200 -24.4200
0.6000 -36.2400 -24.6600
0.9000 -36.2400 -25.6800
1.4400 -35.8800 -25.5000
1.4400 -34.8000 -25.7400
1.3200 -34.9800 -26.0400
1.4400 -35.2800 -25.6800
1.6200 -35.6400 -25.6800
2.5800 -36.0000 -24.5400
2.5800 -36.0600 -25.1400
1.8000 -35.5800 -26.1000
1.9200 -35.4600 -26.4000
1.9200 -35.2800 -26.4000
2.0400 -35.2200 -26.1600
2.4600 -35.4000 -26.4000
3.3600 -35.8800 -26.2800
3.2400 -36.1800 -25.7400
3.1800 -36.1800 -25.3800
3.5400 -36.0000 -25.6800
4.2600 -36.0600 -25.6800
4.5600 -36.2400 -25.0200
3.8400 -36.3600 -24.9600
2.6400 -36.5400 -25.3200
3.0600 -36.8400 -24.9000
3.1200 -37.2600 -24.9000
3.0600 -37.4400 -25.0800
3.2400 -37.3800 -25.0800
4.5000 -37.3200 -23.4600
4.5600 -37.0800 -22.5600
4.2600 -37.1400 -22.6200
3.4800 -36.9000 -23.7000
3.2400 -36.9000 -24.3600
3.6000 -37.0800 -24.3000
4.0200 -37.2600 -23.8800
4.6800 -36.5400 -23.6400
4.0200 -36.6000 -23.8200
2.9400 -36.4800 -24.2400
2.5200 -36.4800 -24.4800
2.9400 -36.7800 -24.7200
3.0600 -36.6000 -25.3200
3.3000 -36.9600 -25.3200
3.7800 -36.9600 -23.9400
4.6200 -37.0200 -22.8000
4.5600 -36.5400 -23.4000
4.4400 -36.1800 -24.3000
3.7800 -36.0000 -24.0000
3.4800 -35.5200 -23.9400
3.7800 -35.9400 -24.1800
3.1800 -35.7600 -24.9000
1.9800 -35.6400 -24.9000
1.9800 -35.7000 -24.3600
2.7600 -35.8200 -24.3000
3.9600 -35.1000 -24.4800
4.1400 -34.9200 -25.6200
3.9000 -34.9200 -25.5000
3.0000 -34.6200 -26.1600
3.1200 -34.0800 -26.1000
3.1200 -34.2000 -26.2200
~G92
-0.3804 -0.3218 0.1017
-0.3920 -0.3334 0.0565
-0.4140 -0.3762 0.0137
-0.4183 -0.4074 -0.0358
-0.3450 -0.3163 -0.0712
-0.2252 -0.2259 -0.0602
-0.1134 -0.2241 -0.0413
-0.0432 -0.2559 -0.0034
-0.0200 -0.3457 0.0455
-0.0633 -0.4452 0.0907
-0.1513 -0.4630 0.1377
-0.2490 -0.3994 0.2037
-0.3443 -0.4312 0.2666
-0.3822 -0.5674 0.2978
-0.3865 -0.7983 0.3008
-0.4207 -1.0537 0.2935
-0.4665 -1.1661 0.2709
-0.4732 -0.9804 0.2055
-0.4146 -0.6633 0.1585
-0.3095 -0.3750 0.1463
-0.2234 -0.2608 0.1371
-0.1214 -0.2479 0.1072
-0.2179 -0.4104 0.0394
-0.3981 -0.5778 -0.0798
-0.5606 -0.5784 -0.2746
-0.2863 -0.0763 -0.6063
0.2561 0.2029 -0.6448
0.7613 0.2597 -0.5984
1.3838 0.1198 -0.5287
1.6116 -0.2968 -0.4903
1.5481 -0.4819 -0.4365
1.1993 -0.6083 -0.3357
0.7589 -0.4251 -0.3045
0.2769 -0.0922 -0.3491
-0.0713 0.2768 -0.3986
-0.3633 0.6061 -0.4799
-0.4012 0.5560 -0.5226
-0.3505 0.3843 -0.5752
-0.2717 0.1308 -0.6259
-0.2167 -0.0335 -0.6717
-0.1782 -0.1184 -0.7096
-0.1910 -0.0848 -0.7340
-0.2069 0.0056 -0.7505
-0.1959 0.0905 -0.7664
-0.1464 0.1290 -0.7541
-0.1110 0.1308 -0.6760
-0.1305 0.0667 -0.5880
-0.1806 -0.0390 -0.4615
-0.2222 -0.1288 -0.3571
-0.2350 -0.1734 -0.2636
-0.2124 -0.1447 -0.2441
-0.1776 -0.1050 -0.2447
-0.0084 -0.0292 -0.2312
0.0411 -0.0201 -0.2215
0.0087 -0.0952 -0.2557
-0.0352 -0.1490 -0.3143
-0.0377 -0.1239 -0.3620
-0.0010 -0.0830 -0.4029
0.0753 -0.0488 -0.4231
0.1639 -0.0763 -0.4298
0.3178 -0.1862 -0.4261
0.4052 -0.3072 -0.4066
0.4382 -0.3872 -0.3772
0.4113 -0.3622 -0.3259
0.3600 -0.2699 -0.2587
0.2806 -0.0989 -0.1402
0.1902 0.0202 -0.0309
0.1266 0.0306 0.0369
0.1040 -0.0127 0.0950
0.1963 -0.1765 0.0962
0.2775 -0.2388 0.0724
0.5426 -0.1740 -0.0211
0.5194 -0.0897 -0.0639
0.4278 -0.0543 -0.0840
0.2684 0.0270 -0.1060
0.1346 0.0942 -0.1152
-0.0163 0.1119 -0.1262
-0.1647 0.0752 -0.1274
-0.2521 0.0288 -0.1243
-0.3193 -0.0567 -0.1347
-0.3065 -0.0744 -0.1317
-0.2228 -0.0622 -0.1262
-0.0688 -0.0842 -0.1036
0.0338 -0.1245 -0.0743
0.0906 -0.1820 -0.0388
0.0869 -0.1960 -0.0321
-0.0096 -0.1948 -0.0174
-0.0731 -0.1148 -0.0498
-0.1195 -0.0311 -0.0798
-0.1525 0.0074 -0.0914
-0.1623 0.0123 -0.0688
-0.1538 0.0367 -0.0144
