D10
~A94
-0.0431 2.9450 10.2355
-1.2498 4.0918 8.5093
-1.5395 4.0344 8.6816
-1.6951 4.0080 9.1006
-1.7191 3.9841 9.4909
-1.8173 3.9290 9.5867
-2.0088 4.1517 9.7279
-1.8196 4.1900 9.8884
-1.3240 4.1636 10.0727
-0.5866 4.3408 10.1972
-0.0263 4.2714 10.4247
0.0144 4.2259 10.7192
-0.1149 4.2355 10.6258
-0.2203 4.1948 10.2714
-0.3256 4.1182 9.8812
-0.5004 4.1086 9.4550
-0.4573 4.2642 9.0767
-0.1700 4.5276 8.5284
0.2275 4.7095 8.1046
0.4884 4.7598 7.8628
0.6728 4.8077 7.7000
0.8667 4.8604 7.8053
0.7973 4.7814 8.1334
0.5603 4.8221 8.5547
0.1030 4.7263 9.5436
0.0503 4.7215 9.6657
-0.8404 4.2474 10.6306
-1.2139 3.6585 10.3050
-0.7063 3.3951 9.7327
-0.2706 3.2251 9.5292
-0.0575 3.1868 9.5891
0.2490 2.9521 9.9769
0.8787 2.7821 10.4510
1.5467 2.5619 10.9275
2.0710 2.3081 11.6290
2.1979 2.0591 12.4191
1.8125 1.9154 13.5181
0.9912 1.8723 14.6482
0.4238 1.7406 15.4574
0.5363 1.6640 15.1965
0.6177 1.7861 14.6937
0.8667 2.1740 14.1550
0.9266 2.3799 13.9610
0.5028 2.4158 14.1286
0.1197 2.4398 14.3585
-0.3496 2.4374 14.8373
-0.3520 2.2410 15.2755
-0.1197 2.2219 15.4024
0.5842 2.2027 15.8022
0.9960 2.2458 15.7352
1.3025 2.4015 15.3449
1.3121 2.6505 14.5835
1.1277 2.7462 14.0233
0.9002 2.6433 13.3265
0.8572 2.6169 12.6944
0.7901 2.6193 11.8564
0.6081 2.6074 11.0280
0.3352 2.6505 10.3528
0.1700 2.6768 10.1278
0.2394 2.6529 10.2714
0.3017 2.6098 10.6234
0.3256 2.5882 11.2172
0.2466 2.5762 11.8349
0.3951 2.3871 11.9786
0.5603 2.3248 11.6769
0.6704 2.2315 11.0735
0.6728 2.1764 10.7311
0.6177 2.1453 10.2020
0.5291 2.1668 8.3656
0.5004 2.2410 7.5468
0.4908 2.2961 6.7088
0.2442 2.4254 5.8301
-0.0599 2.5858 5.5978
-0.3496 2.8013 5.6218
-0.3759 2.7391 5.7989
-0.3089 2.4254 6.0120
-0.1796 2.1836 5.8971
-0.2538 2.0088 5.3632
-0.1796 1.9537 4.7383
0.1030 2.0830 3.9960
0.5220 2.1309 3.5986
0.4166 2.3560 3.7758
0.0503 2.4996 4.1589
-0.0311 2.4853 4.6617
0.1101 2.3775 5.2291
0.6058 2.1740 6.6896
0.6512 2.2051 7.0966
0.5339 2.3344 7.8173
0.4429 2.4469 7.8796
0.3831 2.6433 7.6521
0.3974 2.7702 7.1732
0.2538 2.8779 6.7303
-0.0192 2.9114 6.4310
-0.2777 2.8731 6.2443
~M94
3.1800 -34.4400 -27.7800
3.1200 -33.6000 -27.8400
3.1200 -33.7800 -28.0800
3.1200 -33.7800 -27.9000
3.8400 -33.5400 -27.9600
4.3800 -32.8200 -29.3400
4.3200 -32.4600 -30.2400
4.3800 -32.2200 -30.1800
4.0200 -31.2000 -30.5400
4.3800 -30.0600 -30.9600
4.2000 -29.8200 -31.9800
3.3000 -29.3400 -33.3600
3.4800 -28.6800 -33.7800
3.3600 -28.5600 -33.5400
3.1800 -28.9200 -31.9800
2.8200 -29.0400 -31.8000
1.6200 -29.4600 -32.2800
1.2000 -29.4600 -32.6400
1.2600 -29.8800 -32.8200
1.5000 -29.6400 -32.3400
2.1600 -29.4000 -32.1000
2.7600 -29.3400 -32.1000
3.3000 -28.9200 -33.5400
2.4600 -27.9000 -34.2600
1.5000 -27.7800 -33.4200
1.3800 -28.3200 -33.6000
0.7800 -29.3400 -33.0000
0.1200 -29.8800 -32.5200
0.3600 -29.8800 -32.4000
0.1200 -29.5800 -32.3400
-0.3600 -29.4600 -32.2800
-0.2400 -28.9800 -32.4000
0.9000 -30.6000 -31.6800
0.8400 -31.1400 -30.9600
0.5400 -30.4200 -31.2600
0.4800 -30.7200 -31.5600
0.0000 -31.0200 -31.3800
0.1200 -30.6600 -31.5600
0.9600 -30.6000 -31.6800
1.0800 -30.5400 -31.5000
0.9600 -30.3600 -31.3800
0.9000 -30.6600 -31.3800
0.6600 -30.9600 -31.0800
1.0200 -31.1400 -30.1200
2.1600 -31.3200 -29.2200
1.9200 -31.7400 -29.2200
1.8000 -31.2000 -29.8800
1.9200 -31.5600 -30.0000
2.5200 -31.2000 -30.1200
2.2800 -31.5600 -30.1200
2.0400 -31.8000 -29.7600
2.2800 -32.4600 -29.0400
1.9200 -33.0000 -29.0400
2.4000 -33.3600 -28.9200
2.1600 -33.1200 -28.9200
2.9400 -33.6000 -28.3800
2.9400 -34.5000 -28.0800
3.1800 -34.5600 -27.4800
3.1200 -34.0800 -27.9000
3.2400 -34.6800 -27.9600
3.9000 -34.9800 -27.6600
3.6000 -35.6400 -27.0600
3.9600 -35.5800 -26.5800
4.9800 -35.7000 -25.8000
6.2400 -35.6400 -24.9000
6.3600 -35.3400 -24.6000
6.0000 -34.6200 -25.3800
6.1200 -33.9000 -26.8800
6.0000 -33.8400 -27.9000
6.2400 -34.2600 -27.3000
6.1800 -34.4400 -26.6400
6.9000 -34.5000 -26.4600
7.1400 -34.8000 -25.9200
7.2000 -34.9200 -25.7400
7.3200 -35.0400 -25.8600
7.1400 -35.5800 -24.9000
7.2600 -35.7600 -24.4200
7.8000 -35.7600 -24.6000
7.8000 -36.1200 -24.7200
7.3200 -36.1800 -24.7800
7.0800 -36.3000 -25.0200
8.0400 -36.7800 -24.6000
8.2200 -35.9400 -23.3400
8.1000 -35.5800 -23.4000
8.1600 -35.8800 -23.6400
7.9200 -36.1200 -23.5200
8.4000 -35.7000 -24.0000
8.2200 -36.1200 -24.2400
8.3400 -35.5200 -24.3000
8.0400 -35.2800 -24.6600
7.7400 -34.8000 -25.3200
7.3800 -34.6800 -25.1400
7.1400 -34.2600 -25.0200
7.0200 -33.3000 -26.6400
~G94
-0.6754 0.1962 -0.4047
-0.7701 0.0935 -0.3834
-0.8575 -0.0305 -0.3278
-0.8966 -0.1679 -0.2502
-0.8782 -0.3463 -0.1836
-0.8770 -0.5650 -0.1048
-0.8569 -0.4312 0.0461
-0.7842 -0.3499 0.1438
-0.6479 -0.4941 0.1188
-0.4958 -0.6022 0.0210
-0.3162 -0.4923 -0.0639
-0.0835 -0.3970 -0.1188
0.1474 -0.3554 -0.1408
0.2971 -0.4226 -0.1335
0.4217 -0.6254 -0.0999
0.4528 -0.7757 -0.0321
0.4113 -0.6468 0.0498
0.2714 -0.3591 0.0907
0.0820 -0.1868 0.0895
-0.1409 -0.0268 0.0626
-0.4891 0.2017 -0.0248
-0.6931 0.2505 -0.1048
-0.8343 0.2420 -0.2019
-0.8263 0.1406 -0.2551
-0.7878 0.0819 -0.2630
-0.1110 -0.1801 -0.2074
0.5536 -0.4452 0.0009
0.8206 -0.5534 0.1524
0.9146 -0.5637 0.2410
0.9366 -0.5485 0.3259
0.8804 -0.5118 0.4322
0.7674 -0.4733 0.4633
0.6068 -0.3108 0.3857
0.3942 -0.1245 0.2245
0.2085 -0.0103 0.0724
0.0723 0.0520 -0.0859
0.1126 0.0838 -0.1744
0.3606 0.0331 -0.2325
0.6379 -0.0109 -0.2764
0.6996 -0.0219 -0.3076
0.6294 -0.0860 -0.3565
0.4559 -0.1716 -0.4542
0.2934 -0.2840 -0.5129
0.1566 -0.3890 -0.5238
-0.0212 -0.4709 -0.4652
-0.1721 -0.3658 -0.2984
-0.2203 -0.2644 -0.2209
-0.2332 -0.0799 -0.1512
-0.0927 0.1632 -0.1048
0.0820 0.2133 -0.1091
0.2745 0.1326 -0.1586
0.3893 -0.0091 -0.1940
0.5139 -0.1349 -0.2209
0.5732 -0.1404 -0.2380
0.5500 -0.0610 -0.2477
0.4504 0.1076 -0.2532
0.1957 0.2799 -0.2447
0.0155 0.2982 -0.2355
-0.1715 0.2493 -0.2496
-0.2209 0.1271 -0.2832
-0.0890 -0.0665 -0.3204
0.1419 -0.2742 -0.3455
0.3710 -0.4538 -0.3858
0.4980 -0.4477 -0.4151
0.5671 -0.3701 -0.4249
0.6153 -0.2699 -0.4402
0.7882 0.0551 -0.4573
0.8279 0.1168 -0.4866
0.8126 0.0807 -0.5214
0.6862 -0.0946 -0.5581
0.5512 -0.2485 -0.5550
0.3374 -0.4196 -0.5275
0.2177 -0.4037 -0.4915
0.1608 -0.3402 -0.4652
0.1859 -0.2663 -0.4487
0.2995 -0.1624 -0.4060
0.4388 -0.0793 -0.3711
0.5005 0.0288 -0.3980
0.5463 0.2072 -0.4573
0.4302 0.2475 -0.5581
0.1376 -0.0812 -0.5513
-0.2527 -0.4611 -0.4597
-0.6333 -0.5582 -0.3076
-0.6614 -0.3108 -0.2948
-0.6272 -0.1557 -0.2868
-0.3724 0.2518 -0.2673
-0.0676 0.4149 -0.2716
0.2488 0.4301 -0.2948
0.5176 0.3574 -0.3375
0.6984 0.2285 -0.3919
0.7717 0.1223 -0.4200
0.7045 0.1174 -0.3705
0.6269 0.1711 -0.2392
0.5695 0.2127 -0.1133
