D10
~A83
-0.6512 3.2299 8.3081
-1.6185 4.4773 8.1022
-1.4892 4.4079 8.1477
-1.4270 4.3480 8.1573
-1.3647 4.2858 8.0280
-1.3528 4.2834 7.8005
-1.3480 4.3360 7.5683
-1.3336 4.3456 7.3600
-1.2522 4.3696 7.1254
-1.2570 4.4126 7.0224
-1.2857 4.4246 6.8261
-1.2738 4.5084 6.7327
-1.1493 4.5491 6.8117
-1.0726 4.6114 7.0080
-1.0942 4.7694 7.1972
-1.1229 4.9154 7.4582
-1.1349 5.0926 7.7335
-0.9601 5.3536 8.0304
-0.6704 5.6265 8.5356
-0.3567 5.7223 9.0647
-0.0766 5.6936 9.7255
-0.0215 5.5834 10.3217
0.0048 5.3297 11.6314
0.4070 5.0663 12.7591
1.5850 4.5443 14.5979
3.2275 3.6585 17.3633
3.4358 3.0527 18.9842
2.5810 2.9785 19.5325
1.3983 3.2921 18.8932
0.7638 3.3807 17.8589
0.6776 3.1173 16.0584
0.6991 3.0503 15.8429
0.3472 2.2267 14.4087
0.2299 2.0208 13.9682
0.4190 2.1908 13.2284
0.9074 2.2961 12.3161
1.1923 2.2003 11.8732
1.2642 2.0998 12.0312
1.0391 2.1094 12.7040
0.7877 2.1860 13.1685
0.8356 2.1381 13.7168
1.2331 2.1860 13.6258
2.0040 2.3464 13.1470
2.6409 2.4589 12.4383
2.7582 2.7103 11.6960
2.3177 3.1150 11.1094
1.7574 3.2849 10.7862
1.4007 3.2155 10.5731
1.2857 3.0575 10.6258
1.3456 2.8707 10.8509
1.2953 2.5834 11.1645
1.1085 2.2315 11.6098
1.1516 2.0184 11.5476
0.8452 2.0519 11.0113
0.6105 2.1548 10.5875
-0.1125 2.3344 8.3584
-0.2466 2.3153 7.1780
-0.1461 2.0160 6.1437
-0.1700 1.8699 7.1852
-0.1484 1.7933 8.3225
-0.0503 1.7766 8.9283
0.1461 1.8196 9.2611
0.1532 2.0471 8.8373
-0.0479 2.2554 7.8939
-0.2203 2.2698 6.8931
-0.3903 2.1429 6.2826
-0.5435 2.0040 6.2682
-0.6034 1.8388 6.7327
-0.5818 1.6066 7.5563
-0.4812 1.4821 7.7814
-0.6943 1.3911 7.7167
-1.0056 1.3240 7.1038
-1.1804 1.5036 6.5843
-1.3001 1.6975 6.2036
-1.3767 1.8819 5.9234
-1.0271 2.1213 6.1030
-0.8021 2.3272 6.5436
-0.9266 2.5523 6.8572
-1.1325 2.7055 6.7495
-1.3049 2.9330 6.3664
-1.3480 3.1940 5.6289
-1.1469 3.5962 4.7000
-0.8332 3.9242 4.3241
~M83
7.1400 -36.3000 -23.4600
7.1400 -36.3600 -23.5800
5.5800 -35.9400 -24.6000
5.5200 -35.8800 -25.0800
5.8800 -36.0600 -25.9800
5.8800 -36.1200 -25.2000
5.1000 -36.3600 -24.3000
4.3200 -35.3400 -24.7800
3.8400 -34.9800 -26.1600
3.3000 -34.9800 -27.2400
2.8800 -34.9200 -27.1800
2.8200 -33.7800 -27.1200
2.8800 -33.4200 -26.8800
1.4400 -33.6000 -27.5400
0.7200 -34.2000 -28.1400
0.4800 -34.2600 -28.1400
0.6000 -33.7800 -27.3600
0.2400 -33.3600 -26.8200
-0.1800 -32.0400 -27.6000
-0.8400 -31.9200 -28.5600
-2.3400 -31.6200 -30.4200
-3.6000 -30.4200 -31.5600
-4.1400 -29.5200 -31.9800
-4.5000 -29.1000 -32.4000
-5.4000 -28.2600 -32.9400
-5.5800 -27.6600 -32.7000
-5.7000 -27.6600 -32.4600
-5.8200 -28.4400 -32.0400
-6.0600 -29.9400 -31.2600
-6.9600 -31.0800 -30.7800
-7.6800 -31.8600 -30.1800
-7.5000 -31.8600 -29.9400
-6.9600 -31.8600 -29.3400
-7.3800 -31.3800 -29.0400
-7.9200 -32.5200 -28.9800
-7.6200 -32.2800 -28.6800
-6.9000 -32.3400 -29.1000
-6.6000 -31.8600 -28.8600
-5.9400 -31.8000 -29.4600
-6.3000 -31.6200 -29.7000
-5.7000 -31.7400 -30.0600
-4.2000 -31.7400 -29.8200
-3.7200 -31.6200 -30.1800
-3.6000 -31.3800 -30.6000
-3.3600 -31.6800 -30.8400
-2.7600 -32.1000 -30.9600
-0.9600 -31.9800 -29.8200
-0.5400 -31.6800 -29.6400
-0.6600 -30.5400 -30.9600
-0.3000 -30.2400 -31.6800
-0.1200 -30.4200 -31.4400
0.7800 -30.3000 -31.0200
1.2000 -30.4200 -30.9600
1.5600 -31.1400 -31.0800
1.7400 -31.5000 -31.3200
2.1000 -31.8600 -31.3200
2.8200 -31.8600 -30.5400
3.7800 -32.1600 -29.6400
3.9600 -31.4400 -29.7000
3.3000 -31.6800 -29.6400
3.3600 -33.1800 -29.3400
3.0000 -33.7800 -29.1000
3.3000 -34.2000 -28.0800
3.7800 -34.5600 -27.3000
3.8400 -34.5600 -26.8200
3.5400 -34.5600 -26.7000
3.1200 -34.8000 -26.4600
2.5200 -34.6800 -26.9400
2.8200 -34.7400 -26.7600
3.8400 -35.0400 -26.4600
3.7200 -34.7400 -26.6400
3.0000 -35.2800 -26.3400
3.1200 -34.9200 -25.8000
3.9600 -34.7400 -25.4400
4.0800 -34.5000 -26.6400
3.9000 -34.6800 -26.9400
4.1400 -35.1000 -26.7600
3.6600 -34.8000 -26.8200
3.3000 -34.3800 -27.3600
3.4800 -34.0200 -27.6000
4.5600 -34.2600 -26.8200
4.6800 -34.2600 -27.0000
4.0800 -33.6600 -27.0600
~G83
-0.4842 -0.3878 0.3283
-0.4201 -0.3793 0.3265
-0.3382 -0.3469 0.3106
-0.2552 -0.3255 0.2941
-0.1782 -0.3035 0.2733
-0.1379 -0.2937 0.2593
-0.1257 -0.3127 0.2465
-0.1171 -0.3273 0.2373
-0.1140 -0.4141 0.2196
-0.1195 -0.4733 0.2190
-0.1269 -0.4410 0.2764
-0.1727 -0.4746 0.3381
-0.2399 -0.5534 0.3582
-0.2863 -0.5369 0.3613
-0.3376 -0.4513 0.3766
-0.4103 -0.4312 0.4218
-0.5074 -0.4410 0.4755
-0.6363 -0.5002 0.5140
-0.7891 -0.5747 0.5323
-0.9112 -0.6077 0.5189
-1.0016 -0.6285 0.4951
-1.0823 -0.6792 0.4932
-1.3266 -0.8826 0.5922
-1.5331 -1.0237 0.6692
-1.5997 -0.8881 0.6392
-1.3639 -0.5155 0.5085
-0.8037 -0.0445 0.4041
-0.0640 0.3043 0.4309
0.5158 0.3629 0.4945
1.1462 0.1119 0.4847
1.2421 -0.0152 0.4486
1.4956 -0.7769 0.1793
1.5249 -1.0017 0.0943
1.3752 -0.8747 0.0772
1.0649 -0.4373 0.0638
0.5402 0.1919 0.0620
0.1999 0.4521 0.0797
-0.0719 0.5664 0.1389
-0.1171 0.5273 0.2281
-0.0267 0.3257 0.2904
0.1309 0.0911 0.3088
0.2109 -0.0586 0.2495
0.1456 0.0074 0.1182
-0.0212 0.2163 -0.0541
-0.2197 0.4307 -0.1934
-0.4146 0.5505 -0.2838
-0.5221 0.5890 -0.3180
-0.6241 0.5102 -0.3546
-0.6877 0.3916 -0.4017
-0.6901 0.2988 -0.4744
-0.5734 0.2322 -0.5593
-0.4500 0.2127 -0.6081
-0.2020 0.2890 -0.6625
-0.1000 0.3544 -0.6650
0.2073 0.6458 -0.5965
0.2268 0.7233 -0.5232
-0.3297 0.3489 -0.4603
-0.5753 0.1907 -0.4206
-0.5905 0.1308 -0.3919
-0.5154 0.1626 -0.3834
-0.2448 0.3232 -0.3888
-0.0047 0.4515 -0.4041
0.1779 0.5321 -0.4341
0.2091 0.4686 -0.4750
0.1193 0.3434 -0.4811
-0.0163 0.2102 -0.4591
-0.1220 0.0740 -0.4396
-0.1195 0.0575 -0.4475
0.0161 0.2738 -0.4420
0.2054 0.5175 -0.3834
0.3722 0.7160 -0.3027
0.4815 0.7576 -0.1744
0.4999 0.6293 -0.0779
0.5078 0.4332 0.0180
0.5439 0.2841 0.0895
0.6098 0.1479 0.1005
0.7125 0.0471 0.0870
0.8725 0.0367 0.0950
1.0417 0.0825 0.1273
1.1492 0.1088 0.1756
1.1181 0.0825 0.2067
0.9568 0.0001 0.2000
0.8090 -0.0653 0.1780
