D10
~A74
5.4685 2.0950 13.4055
-2.3967 3.7806 8.7607
-2.2793 3.7518 9.3856
-2.1118 3.7063 10.0631
-1.7335 3.6944 10.4199
-1.3097 3.7949 10.6018
-1.1684 3.8021 10.5228
-1.2618 3.9003 10.2810
-1.4485 3.9865 9.8644
-1.5898 3.9673 9.6370
-1.5204 3.9266 9.6322
-1.2618 3.8572 9.6250
-1.1756 3.7446 9.6370
-1.2738 3.7255 9.6298
-1.3552 3.6273 9.8046
-1.0918 3.4741 9.9650
-0.6393 3.2035 10.4941
-0.4549 3.0814 11.2291
-0.3759 2.9665 12.2012
-0.4286 2.7798 13.0081
-0.6943 2.4517 14.1238
-1.3121 2.0303 14.7918
-1.9106 1.6329 14.8900
-2.0256 1.4318 14.5500
-1.9394 1.3552 14.1166
-1.8460 1.3791 13.9921
-1.1516 1.4294 14.7200
-0.4717 1.3288 15.6681
0.5938 1.1349 16.1901
0.6608 1.1971 15.8286
0.1796 1.3240 15.3665
-0.3448 1.3767 15.3114
-0.5172 1.4270 15.4335
-0.4860 1.4366 15.3976
-0.4166 1.4174 15.0097
-0.3567 1.4294 14.7894
0.1101 1.8220 13.6569
1.0128 2.1405 12.8333
0.5914 2.2770 13.1661
0.3591 2.1429 13.1877
0.2131 2.0710 12.7136
-0.1868 2.0303 12.1557
-0.7135 2.2554 11.2435
-0.8476 2.5068 10.4031
-0.4358 2.5188 9.9147
-0.1748 2.4493 9.7686
-0.2610 2.4422 9.8046
-0.6752 2.3608 10.0560
-1.0271 2.1261 10.1541
-1.1947 1.8125 10.0248
-1.1205 1.7909 9.4765
-0.8548 2.0758 9.0025
-0.3639 2.2578 8.0831
0.0311 2.4493 7.1732
0.3400 2.5355 6.4837
0.4142 2.5738 5.8348
0.3783 2.6169 5.2770
-0.0024 2.7295 5.1429
0.2155 2.3488 5.4494
0.0958 2.1836 5.7103
-0.1317 2.1237 5.9402
-0.1604 2.1046 6.0024
-0.8667 1.8436 6.6776
-1.2642 1.7718 7.2738
-1.3623 1.8795 7.4390
-1.4102 1.7957 7.4199
-1.4725 1.6880 7.3768
-1.5252 1.5539 6.8740
-1.4677 1.6042 6.4550
-1.4294 1.7071 6.1964
-1.3288 1.7598 6.0862
-0.8979 1.8867 6.0623
-0.5746 2.0854 6.0312
-0.4022 2.3009 5.9139
~M74
1.4400 -29.6400 -31.9800
1.1400 -29.6400 -31.9800
1.5000 -29.6400 -31.9800
1.5000 -29.5200 -31.9800
1.1400 -29.3400 -32.6400
1.2000 -28.5600 -33.2400
0.7800 -27.6600 -33.7200
0.7200 -27.5400 -33.6000
0.6600 -26.5200 -33.9000
-0.1200 -25.9200 -34.3200
-0.3600 -25.5000 -35.9400
-0.1200 -25.6200 -36.3600
0.4800 -25.7400 -35.3400
0.4200 -25.8000 -35.0400
-0.1200 -24.6600 -36.2400
-0.3600 -24.0000 -35.9400
-1.2000 -23.5200 -35.5200
-1.4400 -23.2200 -36.1800
-0.7800 -22.8000 -36.3600
-1.0800 -22.7400 -35.9400
-1.5600 -22.5000 -36.1800
-2.2200 -22.8600 -36.3000
-2.8200 -23.2200 -36.3000
-3.2400 -24.1800 -35.4000
-3.9600 -25.0200 -34.8600
-4.5600 -25.8600 -34.9200
-4.5600 -25.7400 -34.7400
-4.6800 -26.8800 -34.2000
-4.8600 -27.1200 -33.6000
-5.3400 -27.7800 -33.4800
-5.5800 -28.6200 -33.4800
-4.7400 -29.5200 -32.7000
-4.8600 -29.7600 -32.4000
-4.7400 -29.9400 -31.6200
-3.6000 -30.1200 -30.7200
-3.4800 -31.3200 -30.1200
-3.2400 -31.8600 -29.4600
-3.0600 -30.7800 -29.6400
-2.7600 -30.3600 -30.1200
-2.4000 -31.2600 -30.7800
-2.7600 -31.7400 -30.9600
-2.9400 -31.9200 -30.6600
-2.8200 -32.3400 -29.2800
-2.8200 -32.5200 -28.9200
-1.9200 -32.2200 -28.4400
-1.2600 -33.1200 -28.4400
-0.9000 -33.3000 -28.5600
-0.3000 -33.3000 -29.1600
0.5400 -32.5200 -29.2800
0.9000 -32.2800 -29.3400
1.0800 -32.4000 -29.6400
1.5000 -32.4000 -29.4000
1.0800 -32.7600 -28.8000
1.0200 -33.2400 -27.9600
1.7400 -33.8400 -28.1400
1.9200 -34.3200 -27.9000
2.1600 -34.8000 -27.5400
1.3800 -34.9200 -27.5400
1.5600 -34.8600 -26.5200
1.9200 -35.5200 -26.1600
2.4600 -35.4600 -25.6800
2.2800 -35.5800 -25.8600
1.9800 -36.0600 -25.6800
2.6400 -36.3000 -25.6800
3.0000 -36.5400 -25.8000
2.7000 -36.3000 -25.2600
2.4000 -36.7200 -24.9600
2.6400 -36.4800 -24.6600
2.2200 -36.2400 -25.2600
1.6200 -35.0400 -26.6400
2.5200 -35.3400 -26.7600
2.3400 -35.4600 -27.1800
2.1600 -34.9200 -27.0000
2.1000 -35.0400 -26.7600
~G74
-0.7854 -0.5320 -0.3681
-0.8520 -0.8551 -0.3272
-0.8886 -1.0182 -0.3021
-0.8660 -0.8777 -0.2453
-0.7677 -0.4410 -0.1891
-0.6345 -0.0836 -0.1812
-0.4586 0.0239 -0.2123
-0.2900 -0.0372 -0.2264
-0.1794 -0.2363 -0.1940
-0.1147 -0.3817 -0.1188
-0.0566 -0.3958 -0.0284
-0.0114 -0.3353 0.0180
-0.0120 -0.3481 0.0314
-0.0780 -0.3713 0.0681
-0.1470 -0.3341 0.1450
-0.2698 -0.1991 0.2746
-0.3993 -0.0806 0.3503
-0.5319 0.0404 0.3955
-0.5435 0.0966 0.3937
-0.4250 0.0465 0.3570
-0.0921 -0.1025 0.2843
0.4431 -0.2785 0.2153
0.8933 -0.2766 0.3369
1.0057 -0.1459 0.5146
0.9818 -0.1062 0.5690
0.6471 -0.1746 0.6295
0.6514 -0.1685 0.6099
0.7992 -0.0744 0.3943
0.8872 -0.0231 0.1701
0.8798 -0.0885 0.0198
0.8572 -0.1984 -0.0358
0.8737 -0.1917 -0.0816
0.9220 -0.1282 -0.1115
0.9464 -0.0604 -0.1268
0.8768 -0.0989 -0.1384
0.5426 0.0276 -0.4169
0.4137 0.0624 -0.4066
0.4095 -0.0097 -0.3320
0.4626 0.0037 -0.3638
0.5213 0.0416 -0.3986
0.5494 0.0862 -0.3589
0.5066 0.1296 -0.2447
0.3533 0.1149 -0.1531
0.1676 0.1033 -0.1763
-0.0084 0.1369 -0.2795
-0.1208 0.1449 -0.3870
-0.0951 0.1809 -0.4267
0.0472 0.2206 -0.3638
0.2470 0.2310 -0.2184
0.4076 0.2084 -0.1286
0.6190 0.0606 -0.1384
0.6477 -0.0867 -0.2819
0.6068 -0.1758 -0.4414
0.4773 -0.1441 -0.6088
0.2922 0.0050 -0.7248
0.0973 0.1168 -0.7676
-0.0872 0.0373 -0.8739
-0.2552 -0.1050 -1.0351
-0.3016 -0.0702 -1.1133
-0.2411 0.0679 -1.1591
-0.1183 -0.1282 -1.1048
0.0234 -0.4043 -1.0419
0.1627 -0.5210 -0.9741
0.3020 -0.5631 -0.8940
0.4883 -0.4306 -0.7260
0.5658 -0.2424 -0.5739
0.5854 -0.1288 -0.4206
0.5701 -0.1105 -0.3058
0.5359 -0.1917 -0.1647
0.5329 -0.2082 -0.0804
0.5591 -0.1258 -0.0290
0.5842 0.0355 0.0045
0.5872 0.1907 -0.0034
0.5738 0.2615 -0.0248
