D10
~A83
-1.7215 2.3679 9.4143
-1.8723 5.0926 7.8867
-2.0615 5.2315 8.0160
-2.1094 5.3871 8.1621
-2.0423 5.4254 8.2986
-2.0998 5.3297 8.5188
-2.4015 5.2459 8.8875
-2.8205 5.0735 9.4622
-3.3999 5.0016 10.1781
-4.2786 5.1309 10.7671
-4.7885 5.2075 11.2387
-4.5922 4.9825 11.2555
-3.5052 4.4294 10.9730
-2.2530 4.2043 10.8772
-0.8188 4.1134 11.2770
0.3663 3.7446 12.1845
1.5275 2.9162 13.4630
1.6544 1.9753 15.0552
0.6872 1.8627 16.0943
-0.1149 2.0591 16.2978
-0.7949 2.0950 15.7519
-0.5603 1.8604 14.6506
-0.0311 2.0208 12.7926
0.7949 1.9849 11.6649
1.5371 2.0710 11.2100
1.8101 2.1118 12.2802
1.8125 2.0471 12.8357
0.7710 1.4102 15.5652
-0.9362 1.3408 16.7049
-2.1141 1.3145 17.1047
-2.6696 1.2402 16.9084
-2.7319 1.3552 16.1326
-2.4158 1.5778 15.4096
-1.8316 1.7550 14.9235
-1.0798 1.9801 14.4662
-0.6488 2.3344 13.9323
-0.4669 2.5547 13.1278
-0.5291 2.6217 12.0217
-0.6297 2.6481 11.2627
-0.8164 2.7343 10.3361
-1.0415 2.7007 9.8022
-1.2450 2.6098 9.4239
-1.3791 2.5355 9.3688
-1.1923 2.3679 9.6346
-0.7374 2.2434 10.0153
-0.3807 2.1596 10.2427
-0.2753 2.0734 10.1829
-0.3160 2.0758 9.0743
-0.4070 2.0615 7.7455
-0.4070 2.0471 7.6377
-0.6249 1.7047 5.4230
-0.5938 1.6520 5.3105
-0.4741 1.7718 5.8061
-0.4166 1.7430 6.2682
-0.4980 1.7095 6.5795
-0.3711 1.8723 6.7207
-0.1317 1.9011 6.7495
-0.1413 1.8723 6.6441
-0.0958 1.9011 6.3855
-0.0623 1.8388 6.0743
-0.1820 1.7622 5.9737
-0.3831 1.8149 5.7367
-0.6728 1.8723 5.5140
-0.7470 1.8771 5.3081
-0.7949 1.9394 5.0878
-0.4789 2.0998 4.8508
0.0527 2.3919 4.4845
0.2993 2.5667 4.3839
0.2131 3.0647 4.5491
-0.2346 3.3664 5.1932
-0.9649 3.6201 5.8420
-1.6018 3.7111 6.3065
-1.7909 3.7518 6.9386
-1.4677 3.9027 6.8955
-1.1923 3.9865 6.7902
-0.8428 4.0415 6.9985
-0.6249 4.1110 7.1469
-0.6512 4.1158 7.0894
-0.5028 4.0272 7.0607
-0.3807 4.0224 7.1828
-0.4166 4.2546 7.3097
-0.4118 4.4414 7.5875
-0.4717 4.3025 7.8891
~M83
3.5400 -35.7000 -24.9000
3.4800 -36.1200 -24.4800
3.9600 -36.8400 -24.9000
3.9600 -36.3600 -25.1400
3.0600 -35.3400 -25.8600
1.7400 -34.5000 -27.3000
1.3800 -34.2000 -28.5600
1.7400 -34.0200 -28.0800
2.0400 -33.6000 -28.4400
1.8000 -33.3600 -29.6400
2.2200 -32.8800 -30.4800
2.1600 -31.8600 -30.6600
1.9800 -31.0800 -30.0000
1.4400 -30.7200 -30.5400
0.1200 -31.2000 -30.7800
-1.0800 -31.0200 -30.9000
-1.8600 -30.3000 -31.2000
-2.2200 -29.8800 -31.7400
-1.6200 -30.9600 -31.5600
-1.5000 -31.4400 -31.0800
-1.9200 -31.5000 -30.6000
-2.4000 -32.0400 -30.0000
-2.5200 -32.2200 -29.4600
-2.8800 -32.2800 -29.4000
-1.6800 -31.7400 -28.5600
-0.4200 -30.8400 -29.5200
-0.6600 -30.6600 -30.4800
-0.7800 -30.1800 -31.6200
-0.5400 -29.7000 -31.9200
-0.6000 -30.4800 -31.6200
-1.3800 -31.2000 -31.1400
-1.6800 -31.0200 -31.2600
-1.3200 -30.6000 -31.4400
-0.9600 -30.6000 -30.8400
-0.6600 -30.4200 -30.9000
-0.2400 -30.0600 -30.9000
-0.2400 -30.7800 -31.2000
-0.0600 -31.3200 -31.3200
-0.8400 -31.2600 -31.3800
-1.5000 -31.6200 -30.9600
-1.2600 -31.6800 -31.0800
-1.2000 -30.9000 -30.9600
-1.2600 -31.3800 -30.6000
-1.2000 -31.8600 -31.1400
-1.1400 -31.8000 -30.7800
-1.5600 -32.1600 -29.4600
-1.1400 -32.4000 -28.5600
-0.4200 -33.3600 -27.6600
-0.4200 -33.4200 -27.8400
-1.0800 -33.8400 -28.6800
-1.0800 -34.0200 -27.5400
-1.5600 -35.2800 -26.5200
-0.1200 -35.7000 -25.9200
0.1200 -35.2800 -25.9800
-0.1200 -34.9800 -25.9200
0.1800 -35.4000 -26.3400
0.1200 -36.3000 -25.9800
0.7200 -37.1400 -25.0200
1.5600 -37.4400 -24.1200
2.1600 -37.3200 -23.7600
1.2000 -36.7800 -24.6600
1.0200 -36.7800 -24.4800
1.5000 -36.6600 -25.2600
1.9200 -36.4200 -25.5600
2.7000 -36.0000 -24.7200
3.3600 -35.8800 -24.7200
2.3400 -35.2200 -25.9200
1.8600 -35.2200 -26.4000
2.7600 -34.9200 -26.4000
3.4800 -34.8000 -26.5800
3.2400 -34.3800 -27.0000
2.7600 -34.0200 -27.6000
2.2800 -33.8400 -27.7800
2.8200 -33.7200 -28.5000
2.8200 -33.7200 -28.6800
2.7600 -33.5400 -28.1400
2.8800 -33.9600 -27.9600
2.7600 -33.7800 -28.9800
2.4000 -32.6400 -29.7600
1.9800 -31.9800 -29.8800
2.7000 -32.1600 -29.5200
2.4000 -32.4000 -29.2200
1.2600 -31.9200 -30.7200
~G83
-0.5490 -0.3212 -0.0840
-0.5423 -0.3041 -0.0895
-0.5288 -0.2638 -0.0889
-0.5606 -0.1997 -0.1054
-0.6632 -0.0201 -0.1335
-0.7793 0.2066 -0.1445
-0.8807 0.3941 -0.1188
-0.9149 0.3984 -0.0877
-0.8367 0.2695 -0.0284
-0.6034 0.1461 0.1157
-0.2662 -0.0231 0.3497
0.0778 -0.2797 0.6050
0.2494 -0.7470 0.7846
0.1511 -1.3059 0.8634
-0.1464 -1.5674 0.8628
-0.5221 -1.4012 0.7993
-0.7365 -0.7623 0.6765
-0.5966 -0.0256 0.5482
-0.2417 0.3648 0.4920
0.5322 0.5150 0.5336
1.1187 0.3868 0.5213
1.5047 0.0068 0.3686
1.5664 -0.3066 0.1896
1.3105 -0.6731 -0.0608
0.1987 -0.9193 -0.5019
-0.4574 -0.8209 -0.6766
-1.2949 -0.1862 -0.9912
-1.4683 0.2640 -1.1005
-1.3920 0.5279 -1.0626
-0.9967 0.6067 -0.8659
-0.5545 0.3489 -0.6912
-0.1525 -0.0769 -0.5709
0.1266 -0.5277 -0.4903
0.2873 -0.7446 -0.4646
0.3838 -0.7910 -0.4707
0.4095 -0.6487 -0.4780
0.3533 -0.3848 -0.4762
0.2152 -0.1459 -0.4518
0.0258 0.0581 -0.3864
-0.1990 0.2066 -0.2936
-0.3682 0.2359 -0.2050
-0.4793 0.1717 -0.0926
-0.4958 0.0202 -0.0205
-0.4299 -0.2070 0.0351
-0.2875 -0.3481 0.0247
-0.0316 -0.4031 -0.0181
0.0662 -0.4025 -0.0290
0.4681 -0.3206 -0.0669
0.5964 -0.2418 -0.0932
0.3319 -0.0867 -0.0046
0.1327 -0.0897 0.0424
-0.0438 -0.1239 0.0577
-0.1012 -0.1062 0.0516
-0.0090 -0.0647 0.0308
0.1932 -0.0470 0.0210
0.3423 -0.0146 -0.0083
0.4632 0.0428 -0.0663
0.5585 0.1265 -0.1030
0.6245 0.2053 -0.1201
0.6642 0.1925 -0.1714
0.7125 0.0978 -0.2202
0.7778 -0.0085 -0.2636
0.8737 -0.1862 -0.2838
0.9299 -0.3451 -0.2789
0.9544 -0.4208 -0.2374
0.9354 -0.4019 -0.1702
0.8737 -0.3493 -0.1537
0.7326 -0.2571 -0.2160
0.5439 -0.0977 -0.3644
0.4382 0.0056 -0.4713
0.3728 0.0361 -0.5538
0.3893 0.0386 -0.5593
0.4205 0.0331 -0.5397
0.5408 -0.1673 -0.4444
0.5646 -0.3115 -0.4530
0.5597 -0.3353 -0.4585
0.5768 -0.2223 -0.4768
0.5347 -0.2320 -0.4805
0.4712 -0.2259 -0.4542
0.3856 -0.2388 -0.4444
0.1327 -0.3322 -0.5074
-0.1348 -0.3383 -0.5232
-0.4030 -0.2681 -0.4884
