D10
~A85
1.0655 1.0774 6.2012
0.4118 1.3049 8.0663
0.2514 1.1229 7.9801
0.3041 1.1373 8.1262
0.4501 1.3264 8.4805
0.7111 1.5467 9.3784
0.7853 1.6066 10.3074
0.9936 1.7406 11.6793
1.3216 2.0040 13.5205
1.3911 3.0072 15.5891
1.8364 3.6130 18.5245
2.5858 3.4693 21.3713
3.4094 3.2131 24.1415
3.9649 3.2227 26.8087
4.2570 3.2347 29.4783
3.6896 1.6329 31.9205
3.9075 0.0096 31.8870
3.9506 -1.3145 29.5310
3.1916 -2.4517 24.9316
1.5275 -3.6345 18.0049
-2.4493 -3.4454 9.5843
-4.3145 -1.3815 2.2602
-1.7813 0.8763 -0.3855
-0.0359 -0.1389 -0.1197
-0.0383 -0.1365 -0.0814
-0.0335 -0.1437 -0.0335
-0.0383 -0.1508 -0.0215
-0.0335 -0.1461 -0.0048
-0.0239 -0.1269 0.0072
-0.0287 -0.1413 0.0551
-0.0311 -0.1413 0.0431
-0.0431 -0.1461 0.0623
-0.0335 -0.1484 0.0742
-0.0407 -0.1413 0.0838
-0.0383 -0.1413 0.0958
-0.0287 -0.1484 0.0958
-0.0383 -0.1317 0.1053
-0.0479 -0.1221 0.1341
-0.0359 -0.1293 0.1269
-0.0527 -0.1269 0.1365
-0.0263 -0.1484 0.1293
-0.0551 -0.1197 0.1508
-0.0479 -0.1317 0.1604
-0.0215 -0.1317 0.1724
-0.0407 -0.1365 0.1772
-0.0287 -0.1173 0.1676
-0.0192 -0.1197 0.1724
-0.0455 -0.1245 0.2083
-0.0335 -0.1197 0.1939
-0.0455 -0.1173 0.2131
-0.0479 -0.1149 0.2227
-0.0311 -0.1125 0.2203
-0.0646 -0.1269 0.2275
-0.0742 -0.1269 0.2538
-0.0551 -0.1341 0.2538
-1.6497 8.2172 10.0320
10.0871 15.6921 26.2484
10.4558 -3.3472 39.5031
-0.0982 -14.8230 18.8094
-2.7295 -26.2317 30.9412
9.6848 -21.8238 35.1480
12.8716 -15.3018 35.3826
9.6848 -13.5731 27.4192
4.8819 -10.9179 19.1781
1.8843 -9.6968 14.7439
-0.9074 -9.9291 11.8181
-0.4238 -9.8189 12.3233
0.4214 -10.5540 15.1749
1.3863 -13.3672 21.5676
1.5347 -8.7367 16.7456
-0.2227 -8.0687 11.6745
-3.9266 -2.0232 6.9602
-1.9657 0.2849 4.2546
-2.1333 1.4342 3.8787
-1.4414 0.4597 3.5723
-1.7215 -0.8069 5.1836
-3.6489 -2.1285 7.5037
-4.9418 -2.9426 8.4374
-4.6138 -3.3233 8.4231
-3.5316 -6.2227 19.3912
-0.0024 -5.0974 9.1006
0.8045 -7.1325 10.0991
1.7646 -8.0424 10.5947
2.3440 -8.3967 20.2987
2.0327 -7.9179 13.8413
~M85
-25.6200 -1.8600 -36.0600
-25.8600 -1.6800 -35.4000
-26.0400 -2.1600 -34.9800
-25.8000 -1.5000 -34.4400
-25.5000 -0.3600 -32.5800
-24.7200 0.3000 -31.4400
-24.3000 0.3600 -32.1600
-25.2000 -0.0600 -34.2600
-25.3800 -0.3000 -35.9400
-23.7600 -0.4200 -36.9000
-23.5200 0.1200 -37.4400
-22.0200 -0.8400 -38.1000
-21.3600 -2.0400 -38.9400
-20.4000 -2.6400 -40.3200
-20.2800 -3.1800 -40.5600
-20.1600 -3.2400 -40.8600
-19.2000 -4.5000 -41.4600
-18.0000 -5.1600 -42.0000
-17.8200 -5.5200 -42.0000
-16.9800 -5.9400 -43.0200
-16.7400 -6.3600 -43.2000
-16.4400 -6.6000 -42.9600
-15.5400 -7.1400 -43.1400
-15.3600 -6.9000 -43.6800
-14.2200 -7.6800 -42.6600
-13.3200 -8.5800 -41.4000
-12.9000 -8.8200 -41.1600
-13.0200 -9.2400 -41.8800
-13.4400 -9.1200 -42.3600
-13.5000 -9.6000 -41.9400
-14.2200 -9.1800 -41.7600
-16.0800 -7.8000 -41.2200
-20.4600 1.0800 -39.4200
-21.7800 13.1400 -35.7000
-21.6600 22.3200 -28.9800
-23.4000 27.3000 -22.6800
-26.3400 28.0200 -19.2600
-27.6600 27.4800 -18.4800
-29.1600 26.4600 -17.5800
-31.5600 23.5200 -17.6400
-33.0600 18.7200 -19.8000
-33.6000 14.2800 -23.9400
-32.2200 11.7600 -28.0200
-29.5200 9.8400 -31.1400
-27.6600 9.0600 -34.0200
-27.0600 8.8800 -34.9800
-25.8600 8.3400 -36.3000
-24.7800 8.8800 -37.2000
-24.0000 9.1200 -38.6400
-22.9800 9.3600 -39.7200
-22.0800 9.4200 -41.2200
-22.1400 8.6400 -40.8000
-21.4200 8.1600 -40.6800
-21.4200 6.9600 -40.8000
-21.0600 5.6400 -41.6400
-20.2800 4.1400 -42.3600
-19.9800 1.8000 -42.3000
-19.0800 0.4800 -42.0600
-18.4200 -0.4200 -41.9400
-16.8600 -2.4600 -42.4200
-15.0600 -4.5000 -43.0800
-13.9800 -6.4200 -42.2400
-14.2800 -7.8000 -41.2800
-14.1600 -9.4200 -40.3200
-14.9400 -10.6200 -40.8600
-16.9200 -10.2600 -41.4600
-18.0600 -10.3200 -40.9200
-19.8000 -10.1400 -39.5400
-20.9400 -9.7800 -38.5200
-21.9000 -9.7200 -39.2400
-21.7800 -10.3800 -38.7000
-21.0600 -10.6200 -37.7400
-21.8400 -9.9600 -38.1000
-22.6200 -9.0000 -38.2800
-22.8600 -8.9400 -37.1400
-23.1600 -9.1800 -36.9000
-23.0400 -8.8200 -36.8400
-23.5200 -8.1600 -37.2600
-24.0000 -8.1600 -37.0800
-24.3600 -7.9800 -36.8400
-24.7200 -7.1400 -35.6400
-25.6200 -6.8400 -35.0400
-26.1600 -6.7800 -34.5000
-27.5400 -7.0200 -33.7200
-27.6000 -7.1400 -33.6000
~G85
1.7708 0.1350 -0.5257
1.8197 0.3275 0.1585
1.7959 0.5517 0.7260
1.6768 0.5517 0.9752
1.6523 0.6384 1.0119
1.6309 0.6573 1.0253
1.6114 0.6763 1.0296
1.5919 0.6970 1.0400
1.5754 0.7117 1.0485
1.5540 0.7288 1.0547
1.5369 0.7490 1.0632
1.5192 0.7642 1.0736
1.5082 0.7789 1.0791
1.4904 0.7991 1.0901
1.4758 0.8162 1.0992
1.4587 0.8308 1.1096
1.4391 0.8650 1.1231
1.4220 0.8846 1.1316
1.4074 0.8968 1.1420
1.3872 0.9188 1.1524
1.3707 0.9322 1.1579
1.3457 0.9493 1.1695
1.3200 0.9652 1.1781
1.2992 0.9811 1.1842
1.2650 0.9964 1.1933
1.2339 1.0159 1.2025
1.2040 1.0281 1.2116
1.1807 1.0379 1.2196
1.1520 1.0550 1.2288
1.1258 1.0630 1.2361
1.0964 1.0721 1.2440
1.0683 1.0819 1.2538
1.0354 1.0819 1.2611
1.0042 1.0843 1.2685
0.9614 1.0892 1.2788
0.9156 1.0941 1.2819
-2.3372 -7.5356 1.4053
-11.4159 -11.0786 0.6258
-18.7988 2.0513 -0.6472
-19.4244 -0.6774 -0.4340
-18.6718 0.5779 -0.1433
-16.7304 1.5749 -0.8952
-13.3023 0.2481 -2.5146
-10.0525 0.2035 -3.9832
-7.3170 0.9194 -5.0045
-6.0036 1.1692 -5.2379
-4.3537 1.6561 -5.2996
-3.0049 1.8168 -5.3393
-1.6048 1.2969 -5.4614
2.6603 4.1216 -4.9837
4.0103 1.6842 -5.0338
4.0604 3.0611 -3.7767
3.2088 5.0391 -0.9759
3.3157 5.0189 0.0009
3.0872 4.3763 0.9172
2.6462 3.9242 1.3919
2.2559 2.7441 1.6900
2.0671 1.4588 1.9038
1.8447 0.3733 2.1915
1.5045 0.5535 2.3851
1.6707 0.5596 2.4444
1.6682 1.9114 2.4658
1.6768 2.0868 2.3411
1.8716 1.8760 2.1817
1.8802 0.9047 1.8922
1.4428 -0.7696 1.5568
1.1392 -0.2681 0.8757
1.3225 0.3409 0.2306
1.4019 0.8614 -0.1878
1.4752 1.0245 -0.5312
1.5607 0.9762 -0.8140
1.7073 0.9634 -0.9160
1.8570 1.0129 -0.8592
1.9657 1.0471 -0.7114
2.0867 1.0819 -0.4798
2.2565 1.1149 -0.2740
2.4501 1.1564 -0.0944
2.6187 1.2804 0.1017
2.7409 1.5016 0.3454
2.8234 1.5907 0.5592
2.8716 0.9499 0.8201
2.7134 0.2609 0.8671
2.3212 -0.0415 0.6063
2.1038 -0.1692 0.3943
1.7128 -0.7648 0.1487
