D10
~A136
-1.0152 0.0335 9.2371
-3.8237 7.9658 15.4718
-4.8676 9.0958 14.8349
-4.8077 10.1110 14.1837
-4.5443 10.6833 14.0065
-3.9984 10.9706 13.9347
-2.7414 11.0568 13.5779
-1.4940 10.9370 13.0177
-1.3815 10.5731 12.7016
-3.4382 10.3648 12.8357
-7.2355 10.9873 13.7862
-10.5731 11.9474 13.8916
-11.7224 12.3616 13.3170
-11.5236 12.7519 12.1916
-10.6521 12.5053 10.5252
-8.1166 10.3959 8.4973
-5.2937 8.2052 6.6034
-2.8252 5.9689 4.7742
-1.3623 2.2841 3.2035
-0.1077 0.4789 2.0351
0.0670 -0.0383 0.0263
0.0168 -0.0120 -0.0287
0.0000 -0.0192 -0.0263
0.0215 -0.0192 0.0215
0.0048 -0.0120 0.0215
0.0024 -0.0048 0.0599
0.0215 -0.0168 0.0838
0.0192 -0.0120 0.0886
0.0335 -0.0096 0.1221
0.0168 -0.0192 0.1341
0.0287 -0.0096 0.1748
0.0192 -0.0144 0.2011
0.0144 -0.0120 0.2275
0.0120 -0.0192 0.2682
0.0000 -0.0168 0.3089
0.0048 -0.0048 0.3400
0.0072 -0.0263 0.3711
0.0215 -0.0215 0.4334
0.0096 -0.0287 0.4549
0.0072 -0.0120 0.5435
0.0096 -0.0120 0.5962
0.0144 -0.0144 0.6441
0.0287 -0.0215 0.7087
0.0120 -0.0192 0.7757
0.0120 -0.0048 0.8212
-0.0024 -0.0072 0.9170
0.0144 -0.0048 0.9793
0.0144 -0.0024 1.0702
0.0287 -0.0048 1.1780
0.0168 -0.0144 1.2594
0.0168 0.0024 1.3288
0.0239 0.0000 1.4653
0.0503 0.0192 1.6760
-0.0263 0.0096 3.0934
66.1562 -72.8506 75.5466
56.1673 -65.9168 78.2042
6.2802 -9.5771 8.2842
0.1197 -1.2019 -0.2035
0.2394 -1.2402 -0.0982
0.1820 -1.2163 -0.0215
0.1868 -1.2378 -0.0335
0.2011 -1.2618 -0.0144
0.1963 -1.2809 -0.0048
0.1820 -1.3025 0.0575
0.1987 -1.3049 0.0694
0.1868 -1.3480 0.0670
0.1868 -1.3480 0.0694
0.1868 -1.3432 0.0790
0.1963 -1.3480 0.0790
0.1796 -1.3528 0.0670
0.1365 -1.2307 0.0814
-4.2858 9.7830 0.7949
-13.5205 28.8103 1.0535
-9.8405 21.6945 0.1556
-4.7071 6.5795 -0.4693
-2.2003 1.5419 -4.2834
0.7303 3.4789 -10.1685
1.5252 3.4190 -6.4669
-0.3448 -3.8979 -1.3887
-0.9769 -5.4326 -0.3232
50.6006 -9.2682 13.0775
78.4532 -25.7720 14.8541
25.3123 -10.4175 3.3879
0.2227 -2.3009 -0.1748
-1.2043 -1.3264 -0.7183
-1.5060 -0.2945 -1.5515
-1.9202 0.8404 -3.1509
-2.1094 1.2642 -3.1772
-2.1213 0.8619 -2.0447
-2.1955 0.4956 -1.3312
-2.7821 0.3376 -3.0144
-2.2841 -1.0990 -0.2921
-0.6608 -3.0096 1.5443
-0.2490 -5.7846 9.7662
-14.3465 -8.3417 77.9959
1.6544 -11.9618 29.3778
2.0280 -5.1525 -10.6354
0.6201 1.4701 -2.2650
-0.2825 0.0383 1.0607
-0.0886 -0.3927 1.7933
0.8811 -0.2777 10.9275
-0.5579 -0.7446 21.8645
-2.6289 -1.5467 15.7878
0.9194 -2.6265 7.7934
3.2993 -1.1445 3.4382
-0.3807 -0.1101 12.8166
-2.0591 -2.1070 13.7288
-0.2921 -1.7143 9.0719
0.0742 -0.0215 7.3600
0.9912 0.6129 8.0519
0.7805 -0.0790 10.9730
-0.1939 -0.8979 11.8708
-0.0886 -0.4860 8.5140
0.2586 -0.1820 7.9777
0.2825 -0.5794 10.9610
-0.0383 -0.7039 12.0384
0.1053 -0.4190 9.4861
0.2346 -0.2849 8.3273
0.1820 -0.3472 9.2156
0.1508 -0.4573 10.3289
0.1484 -0.4405 9.7375
0.1077 -0.5052 9.7902
0.1245 -0.4812 9.9578
0.1197 -0.4382 10.1326
0.1293 -0.4549 9.9817
0.1437 -0.4166 9.5915
0.1365 -0.3927 9.6346
0.1556 -0.4310 9.8620
0.1437 -0.4429 9.8692
0.1173 -0.4645 9.8788
0.1341 -0.4645 9.9506
0.1173 -0.4334 9.8716
0.1461 -0.4429 9.8477
0.1389 -0.4310 9.7902
0.1604 -0.4142 9.7615
0.1245 -0.4310 9.7710
~M136
-4.0800 11.1000 -39.9000
-5.1000 11.2800 -39.1200
-6.1800 11.4600 -38.9400
-5.4600 12.0600 -36.9000
-4.5000 13.0800 -34.9200
-4.6800 14.1000 -35.0400
-4.8000 14.5200 -34.8600
-4.8600 14.8200 -34.5000
-4.8600 14.0400 -34.5600
-4.9800 13.9800 -35.0400
-4.9200 13.5000 -35.3400
-4.7400 12.9000 -35.0400
-4.6200 13.2000 -35.1600
-4.6200 13.7400 -36.0600
-4.4400 14.0400 -37.2000
-5.0400 14.5200 -38.8800
-5.4600 14.7600 -39.9600
-5.8200 14.8200 -40.5000
-7.0200 14.7600 -40.9200
-8.0400 15.3000 -40.5000
-10.1400 15.2400 -39.9600
-12.3000 14.9400 -39.9600
-12.9000 14.7600 -39.9600
-13.8000 14.2800 -39.6600
-14.9400 14.4000 -39.4800
-16.8600 14.1600 -38.5800
-18.1800 13.8000 -38.0400
-18.9000 13.6800 -37.9200
-20.3400 13.3800 -37.3200
-21.7800 13.3200 -37.6200
-22.5600 13.0200 -37.4400
-22.3200 12.7200 -36.7200
-23.1000 12.3000 -36.7200
-23.9400 11.7600 -37.2600
-24.3000 10.2600 -38.0400
-24.6000 8.5800 -38.0400
-24.3600 7.8000 -37.6800
-23.3400 6.0000 -37.2600
-22.6200 3.4800 -37.0200
-22.0200 1.8600 -36.0000
-20.6400 0.0000 -32.5200
-17.5800 3.9000 -26.5800
-16.0800 7.6200 -25.3200
-16.3200 4.8600 -30.7800
-15.7800 2.3400 -33.5400
-13.2000 -3.1800 -37.2600
-11.5800 -6.1800 -38.4000
-6.1800 -13.8600 -37.5000
-3.6600 -19.0200 -36.1800
-2.5200 -21.1200 -35.1000
-0.0600 -25.8600 -32.8800
2.2200 -30.5400 -28.7400
3.3600 -32.4600 -26.6400
4.1400 -36.0600 -22.2000
3.1800 -36.7200 -21.3600
-4.8600 -35.8800 -22.7400
-9.9600 -34.1400 -23.5800
-21.9600 -28.9200 -20.7600
-26.5800 -25.9800 -18.7200
-34.1400 -17.0400 -14.4600
-36.9600 -12.1800 -11.4600
-41.5200 -2.4600 -3.1200
-43.6200 1.3800 0.9000
-45.1800 3.9000 2.3400
-44.7000 2.2200 0.4800
-42.3000 -3.0000 -5.9400
-38.5800 -7.3200 -13.0800
-32.8800 -10.2600 -21.5400
-24.4200 -11.5200 -29.4600
-19.6800 -11.2800 -33.3000
-13.5000 -7.8000 -38.0400
-14.0400 -4.9200 -39.4800
-19.1400 -1.0200 -36.9600
-22.0800 -2.0400 -34.8000
-19.9800 -2.2800 -36.3600
-17.4000 -0.9000 -37.9200
-16.9800 -0.3000 -38.2200
-19.2600 0.1200 -38.1000
-22.1400 -1.2600 -36.4800
-21.8400 -1.3800 -36.9000
-20.9400 -0.6000 -37.4400
-20.6400 -0.6600 -36.9600
-20.4600 -0.8400 -36.8400
-20.6400 -1.0200 -36.9600
-21.4800 -1.2600 -37.6200
-21.1200 -1.8000 -37.8600
-20.9400 -1.5000 -37.3800
-20.8800 -1.0200 -37.0200
-21.4800 -0.4200 -36.6000
-21.1200 -1.0800 -36.7200
-21.0000 -1.4400 -36.7800
-21.5400 -1.0200 -36.1800
-21.0000 -0.6600 -35.8200
-20.7600 -0.5400 -36.4200
-21.1200 -0.4200 -36.3000
-21.1200 -0.4200 -36.7200
-20.7000 -0.8400 -36.3600
-20.4000 -1.0200 -35.7600
-20.1000 -1.2000 -35.8200
-20.3400 -1.3800 -36.2400
-19.9800 -1.1400 -35.7000
-19.9800 -1.5000 -35.6400
-20.4600 -1.0800 -36.5400
-20.8800 -0.4800 -37.2600
-21.1800 -0.7800 -37.0200
-21.2400 -0.7800 -37.2000
-21.1800 -0.9000 -36.4800
-21.0000 -1.0200 -36.9600
-20.4600 -0.7800 -37.2000
-20.3400 -1.0200 -37.1400
-20.0400 -0.7800 -36.9000
-20.8200 -1.0200 -36.4800
-21.9600 -1.2000 -36.3600
-22.1400 -1.0200 -36.3000
-21.6600 -0.9000 -36.5400
-21.3600 -0.8400 -37.1400
-21.3600 -0.5400 -36.9000
-21.3600 -0.5400 -36.8400
-21.2400 -0.6000 -37.2600
-21.2400 -0.6000 -36.4800
-21.0600 -0.6600 -36.4200
-21.0000 -0.9000 -36.7800
-21.1200 -0.9600 -36.7800
-21.0000 -0.3600 -37.0200
-20.1600 -0.6000 -36.1200
-18.5400 -1.6200 -34.2600
-18.1200 -1.9800 -32.7000
-18.2400 -2.1000 -33.4200
-18.1200 -1.8000 -33.0600
-18.1200 -1.7400 -32.7600
-17.8200 -1.9200 -32.0400
-17.8200 -2.2800 -32.5200
-18.0000 -2.2800 -33.1200
-17.4600 -2.2800 -33.0600
-17.5200 -2.2200 -33.0000
-18.0000 -2.7000 -33.4200
~G136
-0.5154 0.2713 -0.5788
-0.3083 0.1546 -0.5428
-0.1110 -0.0329 -0.4542
0.0466 -0.1887 -0.3858
0.1896 -0.3292 -0.3485
0.2836 -0.2681 -0.4286
0.1804 0.0777 -0.7028
-0.1214 0.6232 -1.0333
-0.4824 1.1900 -1.2557
-0.7127 1.3770 -1.3247
-0.6394 1.2047 -1.1176
-0.3816 0.8693 -0.7016
-0.1593 0.5902 -0.3253
-0.1373 0.6531 -0.1848
-0.2765 0.9891 -0.1152
-0.4763 1.0349 -0.1311
-0.5997 0.5266 -0.2948
-0.3272 -0.4477 -0.3553
-0.0756 -0.9901 -0.3320
0.0350 -1.6169 -0.4634
0.0173 -1.6364 -0.4640
0.0014 -1.6493 -0.4658
-0.0181 -1.6596 -0.4640
-0.0310 -1.6706 -0.4670
-0.0456 -1.6798 -0.4707
-0.0536 -1.6755 -0.4707
-0.0560 -1.6688 -0.4713
-0.0572 -1.6584 -0.4744
-0.0524 -1.6321 -0.4725
-0.0444 -1.5869 -0.4750
-0.0359 -1.5576 -0.4756
-0.0206 -1.4776 -0.4768
-0.0010 -1.3609 -0.4731
0.0203 -1.2803 -0.4774
0.0436 -1.1667 -0.4738
0.0753 -1.0408 -0.4731
0.1114 -0.9028 -0.4738
0.1358 -0.8148 -0.4701
0.2146 -0.5479 -0.4689
0.2971 -0.2724 -0.4640
0.3655 -0.0549 -0.4634
0.4308 0.1345 -0.4622
0.4993 0.3300 -0.4573
0.5762 0.5376 -0.4554
0.6440 0.7081 -0.4493
0.7381 0.9494 -0.4432
0.8316 1.1736 -0.4365
0.9287 1.3947 -0.4249
1.0270 1.6097 -0.4127
1.1761 1.9231 -0.3956
1.2653 2.1338 -0.3766
0.5561 2.3428 -0.3235
-12.2135 -3.0408 0.7614
3.5658 2.8052 -1.9716
5.8584 3.8198 -2.1805
5.9561 3.6836 -2.0357
6.0551 3.5077 -1.8342
6.1192 3.3360 -1.6674
6.1638 3.1992 -1.5397
6.1980 3.0770 -1.4182
6.2347 2.9646 -1.3015
6.3135 2.7233 -1.0199
6.3446 2.6237 -0.8806
6.3733 2.5364 -0.7548
6.3972 2.4668 -0.6283
6.4179 2.4026 -0.5055
6.4344 2.3562 -0.3846
6.4460 2.3055 -0.2276
6.4338 2.2603 -0.1561
3.0124 -3.7622 -0.3840
-3.4872 -15.0632 0.4041
-5.5239 -18.6606 1.2843
-6.8146 -19.9642 2.8500
-6.7566 -19.9642 4.2220
-8.9722 -15.7065 5.5231
-10.0883 -12.7768 6.6471
-9.9636 -11.1580 9.1645
-9.0003 -11.7096 10.0820
-6.1592 -9.8550 10.5896
-2.2276 0.0221 2.6001
1.0020 7.2242 -6.7040
1.8633 7.8014 -6.8848
2.3221 8.0513 -6.1744
2.4614 8.8112 -5.0626
2.0032 10.6267 -3.5360
1.2940 12.7177 -2.1512
0.8352 14.0958 -1.4096
0.6178 14.7690 -1.1207
-0.9638 14.6376 -0.8287
-6.6546 7.6426 -0.8140
-11.8030 -1.0115 -1.5751
-11.6680 -2.7842 -1.6087
-2.0047 -13.1207 0.1725
9.2218 -1.4733 0.5317
3.6599 6.7899 0.8506
-1.9375 5.1845 0.9111
-2.9436 3.2102 0.6759
-2.9008 2.1961 0.5861
-1.6052 -1.9706 0.4041
0.8047 -6.4904 0.3381
3.2182 -5.0023 0.3057
2.6654 -1.4330 0.0162
-1.9100 2.6964 0.1047
-1.2680 0.9549 -0.0712
0.0503 -0.2827 0.0113
1.0594 -1.0769 0.0009
0.7320 -0.8545 0.0076
-0.3847 0.1846 -0.0022
-0.5062 0.6171 -0.0040
0.0930 0.1381 0.0039
0.2164 -0.3145 -0.0009
0.0124 -0.1844 -0.0034
-0.1495 0.1540 -0.0022
0.0014 0.0691 0.0009
0.1114 -0.0842 0.0015
0.0100 -0.0195 0.0015
-0.0615 0.0502 -0.0022
0.0210 -0.0262 0.0015
0.0216 -0.0146 -0.0022
-0.0188 0.0166 0.0003
0.0057 -0.0146 -0.0016
0.0045 0.0013 0.0009
-0.0071 -0.0005 0.0015
0.0063 0.0037 -0.0003
0.0026 -0.0011 -0.0003
-0.0078 -0.0030 -0.0009
0.0008 -0.0005 0.0015
0.0008 0.0013 0.0003
-0.0010 0.0025 0.0027
0.0032 0.0001 -0.0009
-0.0016 -0.0011 0.0009
0.0014 -0.0011 -0.0016
0.0020 -0.0017 -0.0003
-0.0010 -0.0030 0.0027
0.0002 -0.0030 -0.0016
-0.0016 -0.0024 -0.0003
