D10
~A166
0.2753 1.9968 10.3169
0.6105 2.1237 8.9259
0.1461 2.1453 9.3712
-1.0583 2.0184 10.4821
-2.2746 1.6544 11.1813
-2.9593 1.4150 11.1310
-2.8348 1.5635 10.5755
-2.7079 2.1572 9.5579
-2.2315 2.7821 8.9498
-1.7766 3.1796 9.3808
-1.1804 3.2634 10.2092
-0.8931 3.4023 10.9586
-0.9553 3.8045 10.8940
-1.7598 4.3815 10.2954
-2.3105 5.2171 10.1421
-1.8604 5.9617 10.1086
-0.7734 6.8883 10.8102
-0.7973 7.7694 12.8980
-2.1022 8.1884 15.9794
-2.9785 7.8867 17.5716
-4.3049 8.0424 17.3130
-4.9466 8.5476 16.0943
-3.2778 9.3544 14.6745
-1.1732 10.3241 12.9818
0.0383 10.8844 12.2587
0.0958 11.2220 12.3712
-0.8883 11.8397 13.0799
-4.5372 14.0328 14.5237
-5.0447 14.3633 14.5692
-8.0232 17.1047 11.7248
-8.9737 17.9188 9.0935
-9.4694 18.6801 7.1661
-8.3848 18.1678 5.4685
-6.2203 16.5444 4.8149
-5.3225 13.3026 4.5659
-3.9194 8.7080 3.5938
-3.1437 6.4669 3.1557
0.0910 -0.0670 -0.1820
0.0287 -0.2753 0.0096
-0.0934 -0.0862 0.0096
-0.0886 -0.0982 0.0048
-0.0838 -0.0838 0.0215
-0.0862 -0.0766 0.0431
-0.0766 -0.0862 0.1317
-0.0862 -0.0718 0.1293
-0.0599 -0.0646 0.1221
-0.0694 -0.0790 0.1293
-0.0311 -0.0718 0.1461
-0.0407 -0.0766 0.1437
-0.0335 -0.0335 0.1341
-0.0263 -0.0455 0.1461
-0.0407 -0.0718 0.1604
-0.0287 -0.0623 0.2035
-0.0431 -0.0599 0.1844
-0.0431 -0.0694 0.1796
-0.0096 -0.0790 0.1868
-0.0096 -0.0694 0.1676
-0.0239 -0.0670 0.1891
0.0168 -0.0646 0.2107
0.0192 -0.0742 0.2490
0.0335 -0.0766 0.2466
0.0287 -0.0742 0.2682
0.0335 -0.0910 0.2777
0.0407 -0.0718 0.3137
0.0455 -0.0790 0.3304
0.0359 -0.0742 0.3927
0.0335 -0.0958 0.3807
0.0503 -0.0838 0.3855
0.0479 -0.0790 0.4046
0.0311 -0.0862 0.4238
0.0407 -0.0910 0.4908
0.0359 -0.1006 0.5267
0.0287 -0.0958 0.5770
0.0335 -0.1006 0.6129
-0.0096 -0.0886 0.7853
76.5785 -44.4737 24.9867
47.9693 -76.7724 78.1036
0.1341 -21.7185 38.3802
-4.8221 -2.3775 -1.6904
-6.5388 -1.2498 -0.3184
-6.9171 -1.3001 -0.1413
-6.9985 -1.3623 -0.1939
-7.1230 -1.3815 -0.1844
-7.0248 -1.4102 -0.1030
-7.0080 -1.2881 -0.0646
-6.8740 -1.1540 -0.0742
-6.7423 -0.9529 -0.0934
-6.5172 -0.6441 -0.1053
-6.3472 -0.4358 -0.1149
-6.0934 -0.1580 -0.1221
-5.8827 0.0646 -0.1077
-5.6984 0.2442 -0.1006
-5.3273 0.5435 -0.0670
-5.1453 0.7183 -0.0120
-5.0040 0.7973 0.0239
-4.9346 0.8595 0.0646
-4.9131 0.8619 0.1341
-4.9873 0.7997 0.1868
-5.0926 0.7279 0.2442
-4.0056 -0.5435 7.1134
30.9699 -27.7185 54.2112
8.0591 -15.0480 6.0216
-4.5324 -6.3209 21.5102
-9.2611 0.7326 29.9572
-7.0487 -0.0886 25.4823
-0.6225 -0.2227 2.3177
-0.1006 -0.0670 0.1796
-0.0575 -0.0503 0.1221
-0.1077 -0.1844 1.2881
0.2107 -0.9338 5.2985
1.5204 -1.7957 6.8500
0.3567 -0.2658 -0.4836
-6.3712 3.4454 41.4162
-8.6505 -1.5515 28.0848
0.1341 -2.3895 5.4973
0.9840 -0.3160 -0.1245
0.8404 0.4836 -1.2211
1.2019 0.5722 0.7446
1.5012 0.3711 4.2115
0.6896 0.0383 16.2667
-2.3775 -1.9442 16.9730
0.5100 1.0032 4.9466
0.2107 0.0144 3.5627
-0.0742 -0.3184 7.5922
-1.2211 -0.4262 13.3624
-0.8907 -0.1101 11.3321
-0.1389 -0.1006 8.5595
-0.3687 -0.2873 8.8061
-0.7326 -0.2538 10.1924
-0.6153 -0.1484 10.6258
-0.5914 -0.1820 10.0560
-0.6273 -0.2275 9.5532
-0.5267 -0.2227 9.4741
-0.4741 -0.2011 9.6322
-0.5028 -0.2203 9.8764
-0.5459 -0.1868 9.5843
-0.6201 -0.2059 9.8884
-0.6058 -0.2179 10.0871
-0.5770 -0.1748 9.8548
-0.5267 -0.2035 9.8333
-0.5291 -0.1820 9.7902
-0.5267 -0.2155 9.7375
-0.5267 -0.2035 9.7351
-0.6034 -0.1915 9.9482
-0.5746 -0.1987 9.8812
-0.5531 -0.1891 9.8429
-0.5339 -0.2131 9.8093
-0.5243 -0.2107 9.7615
-0.5339 -0.2059 9.7519
-0.5555 -0.2035 9.8500
-0.5555 -0.2131 9.9099
-0.5722 -0.2035 9.9171
-0.5650 -0.1891 9.8812
-0.5627 -0.2059 9.8333
-0.5267 -0.2083 9.8333
-0.5363 -0.2155 9.7902
-0.5220 -0.1796 9.7710
-0.5627 -0.2059 9.8189
-0.5531 -0.2035 9.8596
-0.5603 -0.1987 9.8692
-0.5555 -0.1963 9.8836
-0.5435 -0.1987 9.8548
-0.5483 -0.1963 9.8477
-0.5435 -0.1868 9.8141
-0.5459 -0.1891 9.7950
-0.5387 -0.2059 9.7950
~M166
3.8400 8.6400 -39.6000
3.2400 7.8000 -40.3800
2.5800 7.7400 -40.2000
1.5600 7.9200 -40.5000
0.7200 8.1600 -41.2200
-0.3600 8.7000 -40.8000
-1.2600 9.3000 -40.9800
-1.0200 9.4800 -40.8600
-1.3200 9.7200 -40.8600
-1.5600 10.7400 -40.6800
-1.9800 10.9200 -40.1400
-2.2200 11.2200 -39.8400
-1.9800 12.5400 -40.0800
-0.9000 13.8600 -39.5400
0.1200 14.8200 -39.1200
-0.1200 15.4800 -39.1800
0.4200 16.9800 -39.0000
0.6000 17.6400 -38.8200
1.2600 17.9400 -38.7600
1.9800 17.5200 -37.6800
2.0400 16.8600 -37.8000
2.2200 16.7400 -38.8200
2.7000 15.9600 -38.9400
2.7000 15.4800 -39.2400
1.4400 13.6200 -39.6600
2.1000 13.4400 -40.6800
2.4000 13.3200 -41.0400
3.2400 13.0200 -40.9200
3.4200 12.6000 -40.3200
1.9200 12.4200 -40.5000
0.7800 12.6600 -39.9600
-0.7800 12.9000 -40.2600
-4.1400 12.9600 -39.9000
-8.8800 12.7200 -40.2000
-12.7800 12.5400 -40.0800
-16.1400 12.3000 -39.7200
-19.5000 12.0600 -38.2800
-20.7000 12.0600 -37.4400
-23.5800 12.0600 -36.2400
-25.0200 11.9400 -35.7000
-27.4200 11.7600 -33.5400
-30.1200 10.9200 -31.8000
-32.1000 11.1600 -29.7000
-33.4800 10.6800 -27.6600
-34.3200 9.7800 -26.6400
-36.9000 9.5400 -25.8600
-37.4400 9.5400 -25.0800
-38.7000 9.0600 -23.4000
-39.7800 8.2200 -21.6000
-40.5600 7.5000 -19.5000
-40.5600 7.3800 -19.0200
-40.7400 6.8400 -17.4000
-40.4400 5.5200 -16.5000
-40.1400 4.3800 -15.0600
-39.0000 4.7400 -13.2600
-36.7200 7.1400 -13.3800
-32.7000 11.2800 -18.0600
-21.1800 16.0800 -30.1800
-19.6200 16.2000 -33.0600
-30.0000 12.3000 -23.6400
-38.5200 11.2800 -5.8800
-38.1600 11.7600 13.8000
-34.2000 12.3600 22.8600
-21.0600 13.6800 37.5600
-2.9400 15.6600 44.1000
16.4400 17.8800 40.4400
32.9400 19.3800 29.1600
40.9200 20.7000 11.9400
41.2800 21.1800 2.2800
35.8200 22.9200 -15.6000
30.2400 23.4600 -22.6800
15.0600 24.9600 -32.1000
-1.4400 25.9200 -32.2800
-12.1200 26.1600 -28.9200
-9.1200 23.1000 -32.1600
-5.1600 20.8800 -34.8000
-2.2200 20.7000 -36.0000
-4.9800 22.1400 -34.3800
-9.3000 23.4600 -33.1200
-10.8000 23.7000 -32.7000
-12.6000 23.1000 -33.1200
-13.8000 22.1400 -32.7000
-11.3400 21.3000 -33.9000
-8.2200 20.8200 -35.2200
-3.7800 20.3400 -36.4800
-4.6200 19.9800 -36.3000
-5.7600 19.8000 -36.0000
-5.3400 19.5600 -36.1800
-3.3000 19.4400 -35.5200
-3.1200 20.1000 -34.6800
-3.1800 20.4600 -35.4000
-3.6600 20.2200 -36.7800
-3.9600 20.3400 -36.9600
-3.7800 20.7600 -36.7200
-4.0800 21.3600 -36.4800
-4.0200 21.4200 -36.6000
-3.5400 20.6400 -36.4200
-3.6000 20.6400 -36.4200
-4.0200 20.4600 -37.0800
-3.9600 19.6200 -37.0200
-4.2600 20.2200 -36.7200
-4.3800 20.0400 -36.4200
-4.5600 19.9800 -36.4800
-4.0800 19.5600 -36.6000
-3.8400 20.0400 -37.5000
-4.3800 20.1000 -36.9000
-4.4400 19.7400 -35.7000
-4.1400 19.6200 -36.0600
-4.2600 19.8600 -36.5400
-4.1400 19.9800 -36.6600
-3.9000 20.3400 -35.8800
-4.0800 20.2800 -36.1800
-3.9000 19.8000 -36.8400
-3.7800 19.5000 -36.2400
-3.4800 19.8600 -35.7600
-3.9600 20.1600 -35.9400
-4.2600 19.7400 -36.4200
-4.0200 19.9200 -36.5400
-4.1400 19.8600 -36.1200
-3.7800 20.2800 -36.2400
-3.5400 19.8600 -35.5200
-3.3000 19.9200 -36.0600
-3.9000 20.7000 -36.8400
-4.0800 20.4600 -36.4800
-3.7800 19.8600 -36.3000
-4.0200 19.5600 -36.7800
-3.7800 19.9800 -36.7200
-4.0200 20.0400 -37.0200
-3.1200 20.3400 -36.7200
-2.9400 20.4600 -36.6000
-3.5400 20.6400 -36.7200
-3.4200 20.1600 -36.8400
-3.6000 19.9200 -36.8400
-3.7800 19.9800 -36.8400
-3.7200 19.6800 -36.7800
-4.1400 19.7400 -36.5400
-4.2600 20.2800 -36.1200
-4.3200 20.2800 -36.3600
-4.1400 19.8000 -36.6000
-3.7200 19.8000 -36.9000
-3.4200 19.6800 -36.9000
-4.2000 20.4600 -36.5400
-4.4400 20.8200 -35.7000
-4.5600 20.5200 -36.2400
-3.6000 20.1000 -35.7600
-3.3000 19.6200 -34.9800
-3.1200 19.2600 -33.9000
-3.5400 19.1400 -34.3800
-3.6600 19.9200 -34.8000
-3.0600 19.5000 -34.2000
-2.5200 19.9200 -34.0800
-2.4600 20.3400 -34.9800
-3.4800 20.8200 -36.3600
-3.6000 20.7600 -36.6600
-3.7800 20.5800 -36.6600
-3.7800 20.4600 -37.3200
-4.0800 19.8000 -37.0200
-3.9000 19.8000 -36.7800
-3.9600 19.9200 -36.9000
-3.8400 20.1600 -36.9000
-3.5400 20.1000 -36.9600
-3.5400 19.5000 -37.3200
-3.1800 19.9200 -37.2000
-3.3000 19.8600 -37.0800
-3.9000 19.6800 -36.9600
-3.9000 19.5000 -36.9600
~G166
-0.6638 -0.3408 -0.5263
-0.8379 -0.1972 -0.7334
-0.9534 -0.0353 -0.9093
-0.9491 -0.0030 -0.9215
-0.8312 -0.0879 -0.7273
-0.6522 -0.1294 -0.3834
-0.5221 -0.1380 -0.0553
-0.5349 -0.0641 0.2122
-0.6846 -0.1117 0.3619
-0.8630 -0.0689 0.4028
-0.9803 0.0288 0.3381
-1.0132 0.0508 0.2422
-1.0322 0.1076 0.1481
-1.0505 0.3452 0.1860
-1.0615 0.6983 0.3222
-1.1886 0.9579 0.3589
-1.3828 1.1626 0.1029
-1.4763 1.1400 -0.2972
-1.3394 0.8412 -0.6234
-0.8758 0.5126 -0.6100
-0.1580 0.6219 -0.2483
0.2219 0.8028 -0.0779
1.0362 0.7612 0.1047
1.1877 0.5450 -0.1097
1.0949 0.3019 -0.5452
0.9470 0.1155 -0.9270
0.8493 0.0367 -1.1940
0.7913 0.2854 -1.5507
0.7955 0.4289 -1.5660
0.7711 1.4283 -1.2434
0.5958 1.4967 -1.0229
0.2836 1.3758 -0.7994
-0.0750 0.8810 -0.6448
-0.3535 0.1473 -0.7865
-0.5276 -1.3884 -1.2661
-0.3572 -3.0005 -1.5452
-0.2680 -3.5826 -1.5177
-0.1354 -3.2955 -1.5251
-0.1996 -3.2888 -1.5519
-0.2698 -3.2821 -1.5483
-0.3382 -3.2815 -1.5440
-0.4067 -3.2766 -1.5367
-0.4531 -3.2699 -1.5306
-0.4946 -3.2546 -1.5232
-0.5337 -3.2271 -1.5135
-0.5844 -3.1734 -1.5006
-0.6376 -3.1025 -1.4884
-0.6809 -3.0445 -1.4744
-0.7206 -2.9883 -1.4640
-0.7561 -2.9327 -1.4499
-0.7860 -2.8808 -1.4365
-0.8208 -2.8068 -1.4194
-0.8446 -2.7238 -1.4072
-0.8734 -2.6230 -1.3864
-0.9021 -2.5161 -1.3699
-0.9247 -2.4263 -1.3565
-0.9589 -2.2797 -1.3387
-0.9839 -2.1587 -1.3204
-0.9992 -2.0237 -1.3070
-1.0041 -1.9040 -1.2942
-1.0102 -1.7629 -1.2807
-1.0175 -1.5717 -1.2661
-1.0163 -1.4892 -1.2581
-1.0102 -1.2107 -1.2398
-1.0010 -1.0549 -1.2331
-0.9809 -0.7843 -1.2221
-0.9693 -0.5705 -1.2141
-0.9534 -0.3414 -1.2123
-0.9460 -0.2437 -1.2105
-0.8905 0.1467 -1.2007
-0.8428 0.4607 -1.2007
-0.8092 0.6671 -1.2007
-0.7506 0.9573 -1.2013
-0.6840 1.2823 -1.2013
-0.5038 20.0646 5.0637
-1.0346 20.0646 3.3802
0.1889 -19.9642 0.1475
0.8896 -19.9642 1.1640
1.6153 -19.9642 1.2012
2.0148 -19.9642 0.9422
2.3673 -19.9642 0.4193
2.4614 -19.9642 -0.0590
2.4155 -19.9642 -0.6643
2.2024 -19.9642 -1.1903
1.7485 -19.9642 -1.7560
1.4516 -19.9642 -1.9973
0.7454 -19.9642 -2.3662
0.0118 -19.9642 -2.5556
-0.6125 -19.9642 -2.5959
-1.2894 -19.9642 -2.5116
-1.6754 -19.9642 -2.3980
-2.5062 -19.9642 -1.9349
-2.9130 -19.9642 -1.5049
-3.2160 -19.9642 -0.8488
-3.2618 -19.9642 -0.5800
-3.1830 -19.9642 0.1292
-2.9350 -19.9642 0.6484
-2.4378 -19.9642 1.1285
2.9177 -14.1598 1.0778
16.8100 16.1495 -0.6784
14.7672 20.0646 1.2379
-0.8220 17.2986 -0.3797
-8.9649 -11.4500 -2.6778
-4.4023 -10.2893 -1.1256
0.3972 -3.1526 -0.0028
0.6532 -2.6627 0.0681
0.8884 -2.2363 0.0742
0.9037 -2.2222 0.0565
1.2213 -1.5711 0.0846
2.1681 0.6311 0.1475
2.7014 2.0611 0.1756
3.4070 11.7794 0.3106
-2.8483 6.4160 -0.1647
-1.7677 -6.6052 -0.1586
0.9024 -4.8099 0.2245
1.3942 -1.6157 0.1017
1.2757 -0.8802 0.1060
0.1566 1.7380 0.2336
-1.2179 3.3128 0.1402
-1.4451 3.2713 0.0504
0.7864 -1.4263 0.0088
0.3875 -1.1221 -0.0009
-0.2723 0.1015 -0.0040
-0.3260 0.7649 -0.0003
0.0912 0.3513 0.0088
0.1065 -0.3719 -0.0028
-0.0866 -0.1258 -0.0077
-0.0359 0.1504 0.0015
0.0588 0.0288 0.0045
0.0265 -0.0537 0.0015
-0.0414 0.0331 -0.0016
-0.0084 -0.0085 -0.0034
0.0222 -0.0152 0.0027
-0.0120 0.0080 -0.0022
0.0020 -0.0060 -0.0009
0.0045 0.0056 -0.0003
-0.0059 0.0050 0.0009
0.0002 0.0001 0.0003
0.0032 -0.0042 0.0009
0.0008 -0.0005 -0.0009
-0.0016 0.0001 -0.0003
0.0002 -0.0030 -0.0016
0.0008 -0.0005 -0.0009
0.0002 0.0037 0.0003
0.0002 -0.0005 0.0015
0.0014 -0.0024 0.0003
0.0008 -0.0030 -0.0009
0.0008 -0.0030 0.0021
-0.0010 0.0013 0.0003
0.0008 -0.0005 0.0003
-0.0004 -0.0011 0.0009
0.0002 -0.0005 -0.0003
-0.0023 0.0037 0.0009
-0.0004 -0.0005 -0.0003
-0.0004 -0.0011 -0.0016
0.0020 -0.0005 0.0003
-0.0004 0.0013 0.0003
-0.0010 -0.0011 0.0009
-0.0004 0.0007 -0.0003
0.0008 -0.0030 0.0009
0.0008 -0.0011 -0.0009
-0.0004 0.0031 0.0021
-0.0004 -0.0011 0.0009
0.0014 0.0007 -0.0003
-0.0029 0.0025 0.0009
0.0002 0.0007 0.0009
