D10
~A68
0.2466 2.7295 8.0088
1.1493 2.0327 8.7391
1.4318 1.8771 8.5931
1.7622 1.8819 8.2291
1.8484 1.8819 7.9610
1.3767 1.7095 7.7958
0.8332 1.7215 7.5779
0.3615 1.7909 7.7694
0.0599 2.3033 8.7487
0.3735 2.1453 10.0153
0.7398 1.4270 10.9658
0.9194 1.2570 12.1821
0.5196 0.7350 13.7192
1.3456 1.3312 14.6889
2.4422 2.3895 16.3337
2.4613 3.4094 18.1558
1.9657 3.8668 19.2835
1.8268 3.8213 20.4687
2.1094 3.3137 21.9363
2.5331 2.0232 24.4839
3.0623 0.8715 26.6914
3.6034 -0.4238 27.7281
3.5387 -1.6688 26.8326
3.6872 -2.5834 24.0050
0.4621 -1.7574 19.4367
-3.8308 -1.2115 11.8134
-5.1692 0.3520 5.7223
-1.7143 1.0128 1.8005
-0.2203 0.0168 0.1628
-0.0383 -0.1293 -0.0263
-0.0335 -0.1269 0.0120
-0.0575 -0.1245 0.0311
-0.0431 -0.1221 0.0479
-0.0455 -0.1245 0.0383
-0.0575 -0.1245 0.0575
-0.0455 -0.1293 0.0862
-0.0479 -0.1173 0.0958
-0.0527 -0.1293 0.1125
-0.0407 -0.1269 0.0934
-0.0431 -0.1197 0.1221
-0.0455 -0.1365 0.1245
-0.0359 -0.1341 0.1437
-0.0479 -0.1317 0.1604
-0.0431 -0.1269 0.1796
-0.0527 -0.1293 0.1963
-0.0670 -0.1149 0.2083
-0.0551 -0.1149 0.1963
-0.0503 -0.1245 0.2083
-0.0527 -0.1317 0.2227
-0.0670 -0.1197 0.2275
-0.0479 -0.1173 0.2538
-0.0479 -0.1101 0.2562
-0.0623 -0.1221 0.2777
-0.0479 -0.1317 0.2969
-0.0407 -0.1269 0.3160
-0.0599 -0.1101 0.3232
-0.0599 -0.1365 0.3496
-5.9737 4.4964 50.0284
5.6265 5.6433 30.4839
1.0726 -1.1109 8.7774
5.1333 -6.4526 35.9381
6.2323 -9.9961 38.7705
10.8628 -12.2539 31.5877
8.8732 -9.6848 26.5597
6.4741 -8.0591 22.2045
3.9937 -7.2403 17.7895
1.9633 -6.7997 15.6059
0.2011 -6.2491 14.2795
~M68
-24.0600 -2.8200 -36.2400
-23.8800 -1.9200 -36.4200
-24.1200 -1.8000 -36.3600
-24.1800 -0.5400 -36.6600
-24.1800 0.6000 -36.7800
-24.8400 1.0800 -35.9400
-25.1400 2.2800 -35.2200
-24.7800 2.8800 -34.6800
-22.9200 3.2400 -33.1800
-21.4800 4.0200 -34.5600
-21.0000 4.7400 -37.2000
-20.6400 4.7400 -37.2600
-19.5600 5.4000 -38.2200
-18.8400 5.4600 -38.5800
-18.2400 5.4000 -39.4200
-17.5800 5.4000 -39.7800
-17.1000 5.5200 -40.1400
-16.3200 4.8600 -41.2200
-14.5200 4.8600 -41.6400
-13.8000 5.4000 -42.3000
-13.5600 5.6400 -42.3000
-13.2600 5.7000 -42.9000
-12.2400 5.3400 -43.2000
-11.4000 5.1000 -42.9000
-10.9200 5.7000 -42.3000
-10.7400 5.8200 -42.5400
-10.3800 5.1600 -42.9600
-9.6000 4.8000 -42.7200
-9.6600 4.8000 -42.9600
-10.3200 4.6800 -42.9000
-17.2800 6.3000 -39.0600
-23.8800 11.1000 -33.4800
-24.1200 16.9800 -30.1800
-23.6400 19.5600 -28.2600
-24.0000 21.3600 -26.7000
-25.3200 22.3200 -24.3000
-26.7600 20.1600 -24.9000
-27.7800 16.6800 -27.1800
-28.2000 14.5200 -28.4400
-28.8000 10.1400 -30.9000
-28.2600 7.9800 -33.1200
-27.1200 6.4200 -34.0800
-26.4600 4.5000 -34.6200
-26.7600 3.3600 -34.8000
-27.2400 2.4000 -34.5600
-26.6400 2.1000 -34.2000
-26.4600 1.9800 -33.9600
-26.5200 1.7400 -34.7400
-26.2800 1.2000 -35.1600
-26.5200 0.3600 -35.1600
-26.5800 0.3000 -34.2000
-27.3600 0.4200 -33.9600
-28.0200 0.3000 -33.7200
-27.5400 -0.1200 -33.6000
-27.7200 -0.3600 -33.9000
-27.0000 -0.3600 -33.4200
-27.6000 -0.6000 -32.8800
-28.0800 -0.8400 -31.9800
-29.5800 -1.1400 -31.5600
-29.6400 -1.0800 -31.6800
-30.0000 -1.2600 -31.1400
-30.1200 -1.6800 -29.7600
-30.5400 -1.4400 -29.3400
-31.3200 -1.0200 -28.0800
-32.5800 -1.1400 -26.8200
-33.1800 -0.7800 -26.1000
-34.3200 -0.3600 -24.7800
-34.7400 0.1200 -25.3200
~G68
-1.0263 -0.5119 -0.0064
-0.8504 -0.5210 -0.2025
-0.6280 -0.1411 -0.5379
-0.1717 0.5089 -0.6368
0.4007 1.2199 0.1402
0.8356 1.3641 0.8909
0.9315 0.7728 1.3210
0.9669 0.6201 1.4053
0.9462 0.6384 1.4120
0.9333 0.6543 1.4169
0.9144 0.6720 1.4206
0.8942 0.6860 1.4242
0.8784 0.7050 1.4285
0.8582 0.7196 1.4340
0.8454 0.7325 1.4346
0.8228 0.7514 1.4419
0.8075 0.7667 1.4474
0.7904 0.7752 1.4523
0.7855 0.7813 1.4523
0.7556 0.7960 1.4609
0.7305 0.8027 1.4664
0.7079 0.8039 1.4694
0.6896 0.8076 1.4694
0.6707 0.8125 1.4737
0.6536 0.8143 1.4774
0.6328 0.8192 1.4804
0.6077 0.8229 1.4853
0.5906 0.8223 1.4884
0.5754 0.8156 1.4908
0.5583 0.8076 1.4933
0.5430 0.7972 1.4994
0.5296 0.7905 1.4994
0.5192 0.7807 1.5024
0.5137 0.7728 1.5018
0.5021 0.7624 1.5036
-2.1637 -8.0652 1.4481
-4.9145 -19.9661 2.1029
-9.5320 -4.0237 0.6203
-11.4660 5.3292 0.5324
-10.5882 3.3781 0.9392
-7.7165 0.2273 -0.3546
-4.8296 0.1491 -1.9025
-2.1540 0.7453 -2.7510
0.8148 0.9695 -3.4627
2.8099 1.2835 -3.5898
4.5142 1.8467 -3.2012
5.4776 0.5938 -2.4713
5.7628 0.7587 -1.6411
5.1703 1.4197 -0.8335
3.9803 1.4460 -0.2385
3.4122 0.1222 -0.2343
2.9284 -0.0598 -0.2776
2.4550 0.3324 -0.3381
1.7953 0.0013 -0.2972
1.2266 -0.2834 -0.2825
0.5558 -0.4770 -0.2404
0.0732 -0.5644 -0.3045
-0.0440 -0.2180 -0.3155
0.1099 0.0129 -0.2947
0.5118 0.2151 -0.2587
0.7403 0.3336 -0.2825
0.8081 0.1900 -0.2996
0.7849 0.0850 -0.3192
0.7379 -0.0372 -0.3503
0.1123 -0.6780 -0.5140
-0.0893 -0.7177 -0.3412
-0.1204 -0.6725 -0.2294
-0.0685 -0.5051 -0.1823
