D10
~A64
0.3352 0.6536 10.1948
0.5938 0.4693 9.0001
0.5507 0.4765 9.5436
0.5148 0.4693 9.3137
0.4046 0.6034 9.0743
0.2873 0.6536 8.9283
0.1939 0.6991 8.8947
0.2442 0.7039 9.1270
0.2490 0.5650 9.5364
0.1652 0.5363 9.8309
0.1317 0.4334 10.2810
0.3424 0.1341 10.7311
1.0870 -0.2011 11.9187
2.0184 -0.3998 13.5492
2.3655 -0.2346 15.1175
2.1333 0.3208 17.2771
1.4198 0.9314 19.3817
0.8548 1.2450 21.8741
0.8979 1.1708 23.9044
0.9505 0.6728 26.4304
1.2785 0.0168 28.7888
1.6520 -1.8101 30.0410
2.1716 -3.8763 28.3530
1.6161 -5.2411 24.4527
0.4741 -3.2035 17.8397
-1.1493 -1.1493 5.8756
-0.8117 -0.1868 -0.5196
-0.4980 -0.9122 0.0814
-0.0383 -0.1006 -0.0479
-0.0239 -0.0766 -0.0096
-0.0239 -0.0742 -0.0168
-0.0263 -0.0766 0.0215
-0.0311 -0.0742 0.0287
-0.0263 -0.0862 0.0455
-0.0239 -0.0886 0.0646
-0.0192 -0.0838 0.0838
-0.0215 -0.0766 0.0886
-0.0407 -0.0862 0.1077
-0.0431 -0.0718 0.0958
-0.0335 -0.0838 0.1197
-0.0168 -0.0742 0.1437
-0.0311 -0.0814 0.1532
-0.0239 -0.0814 0.1532
-0.0239 -0.0886 0.1820
-0.0359 -0.0862 0.1915
-0.0144 -0.0790 0.1796
-0.0287 -0.0934 0.1868
-0.0311 -0.0718 0.1891
-0.0311 -0.0766 0.1820
-0.0311 -0.0862 0.1915
-0.0311 -0.0551 0.1987
-0.0192 -0.0670 0.1963
-0.0383 -0.0670 0.2203
-0.0215 -0.0838 0.2370
-0.0239 -0.0862 0.2442
-0.0359 -0.0742 0.2514
-0.0287 -0.0934 0.2562
-0.0192 -0.0910 0.2825
-7.5611 8.1693 18.7615
17.2651 23.0210 -13.4678
-4.8388 -2.5547 20.8302
-4.0032 -10.2116 37.8391
4.3743 -11.3201 37.4489
13.6665 -6.5914 34.7625
~M64
-23.3400 -5.0400 -36.1200
-23.4600 -4.5000 -36.0600
-22.6800 -3.8400 -35.3400
-22.1400 -3.5400 -35.6400
-22.8600 -3.3000 -36.0000
-23.8800 -2.6400 -35.4600
-24.2400 -2.7600 -34.7400
-24.5400 -1.3200 -33.3600
-25.0200 -0.5400 -32.0400
-25.4400 -0.3600 -32.0400
-25.5000 0.2400 -33.4200
-24.8400 0.4200 -34.2600
-24.0000 0.4800 -34.9800
-23.5200 -0.3600 -36.2400
-21.8400 -0.8400 -37.8000
-21.1800 -1.2600 -37.9800
-19.4400 -2.2800 -38.0400
-19.5000 -2.7600 -38.0400
-18.1200 -3.9000 -38.5200
-16.8000 -4.5600 -38.8800
-16.7400 -4.5600 -39.4200
-16.0800 -4.3800 -40.5600
-14.8800 -5.3400 -42.0600
-15.0600 -5.8800 -42.2400
-14.3400 -7.0800 -42.4200
-13.0200 -7.9800 -42.3600
-12.0600 -8.8200 -42.7800
-11.5200 -9.7800 -42.5400
-11.7600 -10.5000 -42.4800
-11.9400 -11.4600 -41.6400
-10.9800 -12.6600 -40.9800
-10.6200 -14.1600 -40.3800
-14.8800 -14.2200 -37.7400
-22.8000 -9.8400 -33.9000
-26.1000 -5.8800 -32.7000
-27.6600 2.6400 -32.1000
-27.5400 9.0000 -31.4400
-27.9000 10.3800 -31.5600
-28.4400 10.9200 -31.6800
-28.8000 10.0200 -32.3400
-28.3800 7.1400 -33.5400
-28.5600 3.9600 -33.6000
-29.4000 2.7000 -32.7600
-30.4200 -0.2400 -32.5800
-30.3000 -2.8200 -32.2800
-30.1800 -3.4800 -31.5600
-30.5400 -3.4800 -30.7800
-31.0200 -3.5400 -30.6600
-30.6600 -3.7200 -31.0800
-30.4200 -3.8400 -31.2000
-29.9400 -4.5000 -31.3200
-29.5800 -5.5200 -30.6600
-30.4200 -5.7600 -30.3600
-30.7200 -5.7000 -30.1800
-29.8200 -5.9400 -30.3000
-30.3000 -6.6600 -30.0000
-31.2600 -6.9600 -29.1600
-31.0800 -6.6600 -29.5800
-31.4400 -6.2400 -29.1600
-31.5600 -5.7600 -27.9600
-31.9800 -4.8000 -27.7200
-33.3600 -4.6200 -26.8200
-33.9600 -4.5000 -25.9200
-34.6200 -3.8400 -24.3600
~G64
-1.2865 -1.2767 -0.5544
-0.7954 -1.2736 -0.3858
-0.0434 -1.2351 -0.3406
0.7482 -1.0060 -0.4750
1.8325 -0.3139 -0.3345
2.4843 -0.2510 0.1707
2.1893 0.0733 0.4768
1.8393 0.7441 0.4523
1.4514 1.1589 0.3558
1.4379 1.1717 0.3723
1.4257 1.1802 0.3845
1.4110 1.1906 0.3992
1.4000 1.1943 0.4114
1.3872 1.2065 0.4218
1.3756 1.2151 0.4346
1.3616 1.2230 0.4475
1.3548 1.2248 0.4578
1.3463 1.2309 0.4676
1.3353 1.2334 0.4847
1.3298 1.2346 0.4945
1.3225 1.2377 0.5073
1.3139 1.2389 0.5183
1.3011 1.2401 0.5348
1.2913 1.2444 0.5489
1.2766 1.2444 0.5605
1.2663 1.2425 0.5678
1.2504 1.2407 0.5806
1.2321 1.2389 0.5892
1.2119 1.2309 0.5996
1.1966 1.2254 0.6099
1.1783 1.2224 0.6228
1.1636 1.2144 0.6332
1.1594 1.2096 0.6387
1.1282 1.1857 0.6527
1.1148 1.1772 0.6582
1.0989 1.1631 0.6655
1.0732 1.1454 0.6778
1.0518 1.1308 0.6845
1.0066 1.1002 0.6961
-6.6389 -19.9661 1.1335
-15.5557 -4.2161 -0.4389
-15.7048 -1.0867 0.3522
-14.3346 -0.3072 2.4719
-10.4636 1.3562 2.0980
-6.5070 0.3122 0.2758
-2.5345 -0.5937 -1.2165
-0.1772 -0.0213 -1.6038
1.4880 1.1460 -1.3204
3.2394 2.1228 -0.8018
4.3090 0.8369 -0.5446
5.4611 -0.9682 -0.1469
5.4470 -2.0964 0.0815
5.3432 -2.2376 0.2471
5.0280 -1.9187 0.1506
4.3328 -0.9743 0.1133
3.6040 -0.2461 0.1616
2.2730 -0.1221 0.4175
1.1209 -0.6634 0.5122
-0.0471 -0.9615 0.3137
-0.6928 -0.6970 -0.0186
-0.7453 -0.3274 -0.2166
-0.3293 0.1955 -0.4652
0.2547 0.6885 -0.7266
0.8380 0.7239 -0.6100
