D10
~A60
0.3089 1.1947 13.0249
0.7973 0.6848 7.7958
0.7542 0.7638 6.8548
0.3663 0.7255 7.4486
-0.1317 0.6896 8.2387
-0.5794 0.6488 9.3353
-0.7949 0.6129 10.6809
-0.6225 0.8691 12.1174
0.0742 1.1516 13.4008
1.0511 1.2594 15.2946
1.3983 1.2043 17.7535
1.3863 0.7422 20.8015
1.6856 0.7805 23.7464
1.9418 1.4102 26.4687
1.6377 1.6066 28.7241
0.9409 1.0678 29.8446
1.0535 0.1628 29.4161
1.5611 -1.0702 27.5366
2.2267 -2.1070 25.3242
2.4853 -3.0455 20.8924
1.6257 -3.3065 16.5588
-0.6441 -2.7702 11.4303
-4.6114 -1.0176 4.3648
-6.9195 0.8380 0.0215
-0.1293 0.0287 -0.0814
-0.0263 -0.0575 -0.0551
-0.0407 -0.0431 -0.0239
-0.0215 -0.0479 -0.0024
-0.0311 -0.0479 0.0168
-0.0263 -0.0431 0.0168
-0.0263 -0.0527 0.0527
-0.0479 -0.0527 0.0646
-0.0311 -0.0623 0.0790
-0.0239 -0.0431 0.0814
-0.0168 -0.0455 0.1006
-0.0311 -0.0694 0.1077
-0.0407 -0.0479 0.1101
-0.0311 -0.0311 0.1317
-0.0144 -0.0311 0.1365
-0.0431 -0.0431 0.1484
-0.0263 -0.0503 0.1652
-0.0239 -0.0551 0.1652
-0.0263 -0.0527 0.1915
-0.0479 -0.0455 0.1796
-0.0407 -0.0407 0.1868
-0.0192 -0.0575 0.2083
-0.0359 -0.0479 0.2107
-0.0503 -0.0431 0.2059
-0.0144 -0.0407 0.2418
-0.0215 -0.0431 0.2299
-0.0551 -0.0551 0.2275
-0.0287 -0.0479 0.2490
-0.0263 -0.0455 0.2538
-0.0263 -0.0455 0.2801
4.9681 17.4495 12.4407
5.1668 1.1325 17.3489
-4.2810 -1.4030 41.0714
3.4382 -9.7543 37.5662
5.2602 -7.5061 23.2460
3.0359 -7.1397 18.6155
~M60
-22.8000 4.2000 -38.0400
-22.7400 4.6200 -37.9200
-23.2800 4.3200 -36.7800
-24.0600 3.6000 -34.7400
-24.3600 1.9800 -32.5200
-25.0800 1.3200 -31.0200
-25.5600 1.9800 -31.3800
-25.3800 1.9200 -32.4000
-24.9000 2.4000 -34.6200
-23.7600 2.6400 -35.1600
-22.6800 2.4600 -36.0000
-22.4400 1.6800 -36.9000
-22.0200 1.5000 -37.6800
-21.7200 1.2600 -38.0400
-20.7000 0.7200 -38.0400
-19.3200 0.6000 -38.8800
-19.1400 0.5400 -40.0200
-18.4800 -0.0600 -39.6600
-17.6400 -0.9000 -39.3600
-17.7600 -1.0800 -40.0200
-17.9400 -1.4400 -40.6200
-18.1800 -1.5600 -40.6800
-18.1200 -1.9200 -40.4400
-17.4000 -2.5800 -39.7800
-17.8200 -3.6000 -39.8400
-18.4200 -3.8400 -39.4200
-20.3400 -3.2400 -38.4000
-22.2000 0.0000 -37.5000
-23.5200 4.3200 -36.2400
-24.6000 4.9200 -35.1600
-25.6800 4.6800 -34.0800
-25.4400 2.5200 -34.5000
-25.2000 1.3800 -35.0400
-24.4800 -0.5400 -35.5800
-24.9000 -0.7800 -35.1000
-25.7400 -0.1800 -35.3400
-24.9600 0.0600 -35.0400
-23.7600 0.6600 -35.2200
-23.1000 2.9400 -36.3600
-22.6200 5.5200 -37.2000
-21.9000 6.9000 -37.5000
-20.5800 7.9200 -37.2600
-20.1600 8.2200 -37.3800
-19.9800 8.9400 -37.2000
-20.0400 8.9400 -36.7200
-20.1000 8.7000 -37.1400
-20.2200 8.8800 -36.9600
-20.7000 8.7600 -37.2600
-21.6000 8.7600 -36.3000
-22.5000 9.9000 -35.5800
-22.8600 10.9200 -35.0400
-23.8200 11.2800 -34.0200
-24.1200 11.4600 -34.1400
-24.4800 11.2800 -33.5400
-24.7200 11.7000 -33.2400
-25.8000 12.3000 -32.5200
-26.1600 12.4800 -32.1600
-26.7000 12.6000 -31.5000
-26.2800 12.3000 -29.6400
-25.5000 11.2200 -28.5000
~G60
0.8148 -1.8979 -1.5281
0.7959 -0.5320 -1.0327
0.7666 0.3782 -0.0828
0.7721 0.6408 0.1775
0.7635 0.6433 0.1805
0.7580 0.6421 0.1848
0.7476 0.6427 0.1884
0.7385 0.6439 0.1946
0.7281 0.6433 0.1952
0.7189 0.6421 0.1982
0.7067 0.6378 0.2049
0.7012 0.6353 0.2037
0.6975 0.6341 0.2098
0.6920 0.6323 0.2117
0.6872 0.6244 0.2123
0.6804 0.6207 0.2196
0.6756 0.6170 0.2202
0.6694 0.6146 0.2275
0.6609 0.6097 0.2275
0.6560 0.6066 0.2312
0.6468 0.6036 0.2349
0.6426 0.5944 0.2367
0.6328 0.5877 0.2367
0.6206 0.5853 0.2404
0.6132 0.5828 0.2398
0.5968 0.5834 0.2453
0.5925 0.5865 0.2465
0.5882 0.5859 0.2508
0.5809 0.5840 0.2514
0.5772 0.5810 0.2532
0.5662 0.5853 0.2563
0.5479 0.5895 0.2611
-10.1435 -11.6595 1.3857
-9.4159 6.1050 -1.2019
-7.7660 -4.2320 -0.6497
-3.7459 -2.0207 -0.2141
-0.3476 -2.4715 -0.7926
2.1013 -1.0671 -1.7706
3.5326 1.8827 -2.3473
1.8728 3.3592 -1.7223
0.2932 1.5083 -0.8005
-0.8736 -0.8423 -0.3546
-1.2957 -1.5888 -0.5922
-1.0605 -0.7238 -0.5898
-0.8547 -0.1429 -0.4499
-0.8541 0.0294 -0.3650
-1.4851 0.1473 -0.2398
-2.1045 0.8186 -0.3381
-2.3036 1.5828 -0.3308
-2.4771 2.0941 -0.1341
-2.5272 1.9402 0.0596
-2.3788 1.3983 0.1640
-2.1497 0.8192 0.3564
-1.9823 0.6396 0.5299
-1.4637 0.3867 0.8415
-0.9561 0.3030 0.9288
-0.2743 0.3568 0.9190
0.3756 0.0874 0.9380
0.8729 -0.2028 0.9337
1.0946 -0.2822 0.8928
