D10
~A75
0.5004 1.4150 9.8046
2.0854 0.4980 7.9298
2.0878 0.5698 7.4821
1.8723 0.6776 7.3911
1.1708 0.7303 7.7407
0.5866 0.8476 7.6808
0.1245 1.0271 7.5252
-0.1652 1.0295 7.3911
-0.0527 1.4342 7.2954
0.4046 1.8029 8.1022
0.6201 1.7694 8.6553
0.5818 1.7694 9.1940
0.4190 1.7813 9.7950
0.2897 1.8915 11.2004
0.3591 2.2147 13.2332
0.1700 2.9833 15.9674
-0.7183 3.9051 19.6570
-2.8133 3.9577 24.6491
-3.8500 3.5411 27.9532
-3.3759 2.6433 30.4935
-2.1764 0.8284 31.9133
-0.4932 -1.3025 32.1048
1.7023 -3.0838 30.0960
3.0072 -4.4821 26.7895
3.7446 -5.1022 20.2125
3.9649 -4.4797 12.0169
1.9274 -3.4214 4.3696
-1.2307 -1.2809 3.2802
-2.4900 1.2809 2.9354
-3.1485 1.2235 4.2307
-3.8811 1.3935 4.8316
-4.1852 1.4222 4.7215
-0.8739 0.4070 0.6536
-0.1006 -0.1891 0.0168
-0.1030 -0.1868 0.0359
-0.1077 -0.1796 0.0431
-0.1149 -0.1844 0.0646
-0.1006 -0.1915 0.0790
-0.0862 -0.1987 0.0814
-0.1149 -0.1987 0.1006
-0.1149 -0.1987 0.0886
-0.1125 -0.2131 0.1149
-0.1221 -0.2083 0.1269
-0.1006 -0.2059 0.1245
-0.1077 -0.2155 0.1461
-0.1030 -0.2275 0.1508
-0.1125 -0.2131 0.1844
-0.1006 -0.2227 0.1963
-0.1101 -0.2203 0.1939
-0.1149 -0.2059 0.2107
-0.1030 -0.2035 0.2011
-0.0934 -0.2179 0.2346
-0.0982 -0.1963 0.2682
-0.0934 -0.2107 0.2777
-0.0934 -0.2179 0.3160
-0.0766 -0.2083 0.3304
-0.0790 -0.2179 0.3711
-13.7695 -1.7430 46.1712
-7.3241 -1.2977 4.5515
29.5765 -12.5077 66.0987
-4.3145 -5.6601 12.9913
-5.1333 -7.2954 14.0879
-5.9067 -6.2251 12.0073
-3.4980 -7.1110 11.0951
-2.0615 -4.2235 14.7846
2.8492 -1.0487 16.8030
1.9872 0.4693 17.4231
0.4429 0.7518 17.2627
0.9122 0.3113 15.7974
1.8987 -0.3496 13.8892
1.8173 -0.4262 13.2954
0.5698 0.2011 13.4917
-0.6058 1.1133 12.4885
-0.2706 1.8029 10.9203
-0.7686 2.0615 10.3528
~M75
-21.4200 -1.4400 -39.6000
-21.4800 -0.9600 -39.4800
-21.0600 -0.1800 -40.2000
-20.4000 0.7200 -41.1600
-20.3400 1.3200 -40.0200
-20.8200 2.0400 -38.9400
-22.2600 2.8800 -38.1600
-24.1200 3.0600 -37.0200
-24.6000 2.7600 -36.2400
-24.9000 2.5800 -35.3400
-24.9000 2.3400 -34.8600
-23.5200 2.1000 -35.0400
-23.0400 2.5200 -35.8200
-21.4200 3.1200 -36.4200
-19.3800 4.3800 -38.5200
-17.5800 5.2200 -39.4800
-15.3000 7.0800 -40.3200
-13.2600 8.1600 -41.8200
-10.8600 8.7000 -42.3000
-8.4600 9.6600 -43.1400
-7.6800 10.0800 -43.5000
-6.0000 10.3800 -43.8600
-4.5000 10.9200 -43.6200
-2.7000 11.8800 -44.1000
-1.0800 12.0600 -43.8600
0.3000 12.6600 -43.0800
1.8000 13.7400 -43.1400
2.7600 14.2200 -43.3200
3.1200 14.9400 -43.0200
4.3800 15.2400 -42.7800
5.4600 15.8400 -42.3000
5.5200 16.4400 -41.8200
5.2800 16.6200 -41.0400
-1.6800 17.1600 -39.9600
-11.4600 18.0000 -38.5200
-16.0200 18.4800 -37.0200
-17.1600 19.1400 -35.2800
-17.5200 19.4400 -34.7400
-17.2800 19.1400 -36.4800
-17.0400 18.4800 -37.0800
-16.9800 17.9400 -36.7200
-16.8600 17.2200 -37.5600
-15.2400 16.4400 -36.6600
-14.7600 16.2600 -35.6400
-15.8400 16.6800 -37.0800
-15.3600 16.2000 -37.5000
-14.8800 15.3000 -36.7200
-14.1000 14.2200 -36.9600
-13.9800 13.5000 -37.4400
-14.5800 13.8000 -38.8200
-15.4200 13.7400 -38.9400
-16.1400 14.4600 -38.7000
-16.0200 14.5800 -38.5800
-16.5600 14.4000 -38.7600
-16.2600 13.8000 -39.7200
-16.0800 13.2600 -39.8400
-16.2000 13.0800 -39.7800
-16.1400 13.5000 -39.2400
-16.0800 13.5600 -39.0000
-16.6200 13.5600 -39.0000
-15.9600 13.8000 -37.8600
-16.0200 13.7400 -38.0400
-17.1000 13.6200 -38.5800
-16.6800 13.1400 -38.4000
-16.3200 13.0800 -38.5800
-16.2000 12.6000 -37.9200
-16.5000 11.9400 -37.6200
-17.1600 12.0600 -37.8000
-16.7400 12.3000 -38.1000
-16.7400 12.6000 -39.0000
-17.0400 12.4800 -39.1800
-17.1000 12.2400 -39.1800
-17.0400 12.5400 -38.3400
-16.8600 12.5400 -38.8200
-16.7400 12.7800 -39.4200
~G75
-0.4295 -2.1447 0.4542
0.2223 -2.5821 0.4829
0.7715 -2.7708 0.3760
1.3469 -2.7660 0.0742
1.6346 -2.2779 -0.2740
1.4544 -1.2681 -0.5623
0.7727 0.4448 -0.7431
-0.1772 2.1515 -0.5617
-0.9603 3.2431 0.5018
-0.7826 3.1973 0.8885
-0.4405 2.6549 1.3167
0.0256 1.7154 1.9325
0.0189 1.6610 1.9984
-0.0288 1.6549 1.9917
-0.0813 1.6475 1.9911
-0.1290 1.6414 1.9868
-0.1705 1.6335 1.9838
-0.2151 1.6256 1.9771
-0.2511 1.6188 1.9758
-0.3024 1.5987 1.9697
-0.3446 1.5895 1.9624
-0.3806 1.5773 1.9575
-0.4210 1.5559 1.9502
-0.4613 1.5364 1.9447
-0.5077 1.5052 1.9355
-0.5291 1.4936 1.9349
-0.5779 1.4454 1.9178
-0.6403 1.3892 1.9038
-0.6757 1.3488 1.8922
-0.6995 1.3165 1.8860
-0.7239 1.2749 1.8775
-0.7496 1.2291 1.8671
-0.7673 1.1796 1.8567
-0.7862 1.1265 1.8482
-0.8027 1.0721 1.8390
-0.8174 1.0202 1.8335
-2.0654 -15.7529 1.2520
-2.0550 -19.9661 0.3442
1.2547 -3.0689 -2.5452
-1.1186 -2.0745 -1.9203
-1.8919 -2.8863 -1.1640
-1.5743 -0.8967 -1.0632
-0.6604 0.4319 -0.7663
-0.0972 0.7374 -0.5318
0.1246 0.7936 -0.3577
0.3170 1.1894 -0.0431
0.5448 1.0068 0.0180
0.5809 0.7251 -0.1787
0.4636 0.6995 -0.3784
0.3170 0.6213 -0.5183
0.1417 0.3104 -0.6454
-0.0862 0.0740 -0.6692
-0.2249 0.2554 -0.5898
0.0146 0.5590 -0.3393
0.5827 0.4955 -0.0058
1.0958 0.2438 0.2605
1.3145 0.0379 0.3577
1.3176 -0.1887 0.3302
0.9382 -0.3048 0.1176
0.4599 -0.2229 -0.1744
0.0800 -0.1050 -0.3626
-0.1296 -0.0378 -0.4096
-0.1937 -0.0494 -0.3913
-0.1748 -0.0629 -0.3345
-0.1174 -0.0415 -0.2483
-0.0502 -0.0494 -0.1860
0.0323 0.0092 -0.1475
0.0103 0.0000 -0.1616
-0.0098 -0.0128 -0.1683
-0.2414 -0.1142 -0.2459
-0.3428 -0.1490 -0.2728
-0.3550 -0.2003 -0.2520
-0.2615 -0.2449 -0.2166
-0.0697 -0.2895 -0.1659
0.1215 -0.2663 -0.1054
