D10
~A223
0.6225 1.4892 11.1262
-0.2610 2.5810 12.1581
-0.2897 3.4909 11.1190
0.6632 5.1309 10.2930
0.6034 6.7686 11.6505
-0.1030 6.9817 13.7096
-1.6425 7.3480 16.0105
-3.2011 7.6545 17.2555
-4.0463 8.1597 18.4814
-3.9027 8.6912 19.2907
-3.2682 9.7303 20.6410
-2.4039 10.4534 21.4886
-1.9250 10.1996 20.9212
-3.0312 9.2850 19.6618
-4.7790 9.4478 18.7232
-5.5260 10.5755 17.6674
-5.3943 11.6362 16.4870
-5.0663 12.6370 14.7128
-5.2147 13.9682 13.4846
-5.4613 13.9969 12.7663
-6.1485 11.6529 11.1765
-6.4837 10.0967 10.0751
-6.4047 8.6864 9.3185
-5.2602 6.9626 8.4422
-2.8899 3.7830 6.4358
-0.9553 0.6608 4.5491
1.5659 -0.5291 2.2003
0.0239 -0.1461 0.0120
-0.0766 -0.1173 -0.0503
-0.0958 -0.1030 -0.0455
-0.0790 -0.0982 -0.0024
-0.0718 -0.1125 0.0072
-0.0575 -0.0886 0.0335
-0.0814 -0.1006 0.0623
-0.0742 -0.0982 0.0742
-0.0551 -0.0958 0.0958
-0.0670 -0.0766 0.0958
-0.0599 -0.0742 0.1077
-0.0527 -0.1030 0.1173
-0.0503 -0.0838 0.1149
-0.0479 -0.0910 0.1580
-0.0551 -0.0694 0.1676
-0.0527 -0.0790 0.1891
-0.0287 -0.0838 0.1891
-0.0503 -0.0718 0.2059
-0.0335 -0.0575 0.2322
-0.0192 -0.0934 0.2538
-0.0239 -0.0814 0.2706
-0.0072 -0.0694 0.2849
-0.0120 -0.0646 0.2993
-0.0072 -0.0742 0.3065
0.0120 -0.0575 0.3232
0.0072 -0.0646 0.3567
0.0048 -0.0694 0.3544
0.0215 -0.0694 0.3663
0.0215 -0.0742 0.4046
0.0335 -0.0718 0.4310
0.0215 -0.0551 0.5243
0.0287 -0.0551 0.5770
0.0479 -0.0263 0.6321
0.0431 -0.0479 0.6728
0.0551 -0.0431 0.7087
0.0527 -0.0383 0.7398
0.0623 -0.0383 0.7757
-0.0072 0.0838 0.7087
-17.8158 -4.4749 -67.6071
77.1818 -78.0510 77.5218
15.8357 -52.8943 76.9376
-4.6138 -12.1486 -7.5228
-3.0359 -6.0455 -4.4007
-2.1884 -5.2291 -1.1349
-2.0998 -4.9131 -0.3472
-2.1955 -4.7478 -0.1748
-2.2482 -4.5970 -0.1053
-2.3296 -4.4294 -0.0599
-2.4302 -4.1517 -0.0599
-2.4589 -3.9553 -0.0144
-2.4900 -3.5890 -0.0072
-2.4422 -3.3161 -0.0168
-2.3416 -3.0240 -0.0072
-2.2171 -2.8037 -0.0048
-1.9801 -2.5188 0.0024
-1.7406 -2.3392 0.0072
-2.0687 -0.9314 0.1149
-6.4167 10.9299 0.3783
-14.0712 32.0953 0.3807
-17.2029 41.2629 -0.2801
-7.3744 23.6818 -0.0383
-4.2642 11.4351 -0.0551
-1.4030 3.3376 -0.0479
-0.1413 -0.0096 0.0024
0.1508 -0.7566 0.0120
0.1413 -0.7566 0.0335
0.1413 -0.7662 -0.0048
0.1508 -0.7350 0.0144
0.1484 -0.6967 0.0862
0.0192 -0.1891 0.8619
-0.2083 2.0327 3.1676
0.8045 4.5946 5.3464
1.5922 1.1349 5.4733
0.5220 -5.8779 2.0806
-0.0335 -8.4326 0.0910
2.1525 -9.4454 -5.8372
22.1303 -25.3626 -78.2281
0.9649 -22.5613 -57.7954
-3.3520 -3.1269 5.3440
-0.0024 1.6233 2.9066
0.1508 0.1748 0.1484
0.0359 0.0335 -0.0814
0.0575 0.0599 -0.0551
0.1748 0.2442 0.1173
0.4741 0.6943 0.2849
1.7789 1.4964 -2.3823
2.0303 1.5060 -31.0346
-5.8277 -0.9242 -36.9724
-1.1540 -0.7518 -12.9411
2.4757 0.3687 -2.2267
1.7981 0.1245 -1.1349
0.4980 -0.1628 -4.2331
0.0192 0.1221 -9.9458
-0.9002 -0.2059 -16.3457
0.6369 -0.2682 -12.2994
0.8164 0.0359 -7.9849
0.6536 0.0982 -7.0176
0.2562 -0.0599 -10.3074
0.5220 -0.0431 -11.1214
0.2634 0.0024 -8.9498
0.2179 -0.0958 -8.5500
0.2658 -0.1365 -9.3496
0.3927 -0.0431 -10.1398
0.4118 -0.0120 -10.2355
0.4429 -0.0431 -10.0176
0.3879 -0.0239 -9.6513
0.3567 -0.0503 -9.8692
0.3113 -0.0503 -9.8189
0.3184 -0.0718 -9.5172
0.3424 -0.0431 -9.3808
0.3711 -0.0694 -9.6633
0.3927 -0.0479 -9.8979
0.4070 -0.0287 -9.9554
0.3879 -0.0192 -9.9219
0.3711 -0.0407 -9.7854
0.3472 -0.0599 -9.6705
0.3304 -0.0862 -9.6010
0.3424 -0.0886 -9.5915
0.3735 -0.0359 -9.7639
0.3831 -0.0311 -9.8429
0.3974 -0.0311 -9.8788
0.3759 -0.0503 -9.8429
0.3807 -0.0383 -9.7998
0.3352 -0.0599 -9.6082
0.3376 -0.0599 -9.6154
0.3615 -0.0503 -9.6561
0.3759 -0.0311 -9.7543
0.3855 -0.0503 -9.8069
0.3759 -0.0359 -9.8453
0.3735 -0.0623 -9.8309
0.3520 -0.0551 -9.7471
0.3544 -0.0575 -9.6489
0.3424 -0.0527 -9.6417
0.3520 -0.0431 -9.6609
0.3448 -0.0239 -9.7016
0.3807 -0.0527 -9.7639
0.3759 -0.0383 -9.8093
0.3687 -0.0670 -9.8189
0.3591 -0.0646 -9.7591
0.3520 -0.0359 -9.7088
0.3304 -0.0383 -9.6585
0.3544 -0.0527 -9.6705
0.3615 -0.0455 -9.7088
0.3567 -0.0383 -9.7447
0.3687 -0.0575 -9.7950
0.3735 -0.0335 -9.7902
0.3783 -0.0311 -9.7734
0.3591 -0.0407 -9.7112
0.3544 -0.0575 -9.6729
0.3544 -0.0599 -9.6753
0.3520 -0.0431 -9.6944
0.3615 -0.0048 -9.7327
0.3998 0.0790 -9.7423
0.4070 0.0215 -9.7519
0.3280 -0.1461 -9.7639
0.3232 -0.1341 -9.8022
0.3041 -0.1413 -9.7495
0.3304 -0.0575 -9.6681
0.3927 -0.0120 -9.6992
0.3831 -0.0239 -9.7806
0.3879 -0.0599 -9.7686
0.3927 -0.0766 -9.7351
0.3663 -0.0551 -9.7710
0.3663 -0.0096 -9.7639
0.3376 0.0120 -9.7399
0.3352 -0.0239 -9.6753
0.3567 -0.0455 -9.6513
0.3663 -0.0623 -9.6992
0.3831 -0.0431 -9.7878
0.3567 -0.0335 -9.7567
0.3424 0.0000 -9.7232
0.3424 -0.0287 -9.7399
0.3687 -0.0287 -9.7519
0.3711 -0.0431 -9.6968
0.3520 -0.0527 -9.6968
0.4262 0.0072 -9.7974
0.4405 -0.0144 -8.7559
0.6680 0.0407 -8.8660
0.5315 0.4262 -10.5396
0.1652 -0.2777 -11.2770
0.2897 -0.2035 -9.8907
0.5794 0.0575 -8.9139
0.4262 0.0359 -9.5795
1.6257 -2.3248 -10.9921
2.1429 -2.3248 -9.3113
1.5850 -1.4653 -9.3305
0.8332 0.4310 -10.9730
-0.3855 0.7710 -12.0624
1.3935 0.1317 -13.2236
2.4230 0.7781 -15.3018
2.5164 0.4932 -16.2452
2.4733 -1.8795 -16.8102
3.2969 -3.9194 -16.4295
7.4318 -5.7223 -13.6761
9.2563 -6.0096 -12.7040
10.4965 -5.8396 -12.0480
~M223
-1.7400 15.0600 -36.7200
-3.6600 14.2800 -37.8000
-6.3600 12.4200 -38.7000
-8.4600 12.1200 -38.6400
-9.9000 12.7200 -38.0400
-10.2000 13.3200 -37.8600
-9.9000 13.9200 -37.7400
-9.9600 14.4600 -37.8000
-9.7200 15.6000 -37.8000
-8.8800 17.4000 -37.2000
-7.8600 18.6600 -37.2000
-7.2000 19.9200 -37.0800
-7.5600 20.4600 -36.6000
-7.6200 19.6800 -36.7800
-7.2600 18.9600 -37.8600
-7.2000 18.3600 -38.0400
-7.0200 17.0400 -38.4600
-6.5400 16.4400 -38.3400
-5.6400 14.7600 -38.4000
-4.6200 13.1400 -38.3400
-4.3200 12.3000 -38.7000
-4.3800 11.3400 -39.8400
-4.5000 11.1600 -40.7400
-5.2200 11.4000 -41.1000
-6.7800 10.7400 -41.2200
-9.1200 9.7200 -41.5800
-12.1800 8.9400 -41.1000
-15.4200 7.8000 -40.1400
-17.8200 6.4800 -38.7600
-19.9800 5.5800 -39.0600
-21.4800 5.2800 -38.9400
-24.7200 4.5600 -37.0200
-27.3600 3.6600 -35.4600
-28.9200 2.8800 -34.2600
-30.9600 1.8000 -32.3400
-32.8200 0.6000 -31.1400
-34.1400 -0.4800 -29.7600
-34.9200 -1.4400 -28.2000
-34.9800 -2.1600 -27.6000
-36.2400 -3.1800 -26.2200
-36.8400 -3.6000 -25.5000
-37.5000 -3.6600 -24.4200
-38.2200 -4.8000 -23.6400
-38.2800 -5.3400 -23.1000
-38.1000 -6.6600 -22.6800
-38.1600 -7.2600 -21.9600
-38.0400 -8.3400 -20.6400
-37.5600 -8.7600 -19.8600
-36.6600 -8.8800 -19.6800
-35.7600 -9.2400 -19.5000
-31.2000 -3.7800 -24.0600
-21.5400 7.1400 -29.8200
-19.9800 10.0800 -31.6800
-27.0000 3.8400 -25.9200
-31.0200 -0.1200 -24.0000
-34.8600 -7.7400 -16.3200
-37.3200 -15.3000 -8.0400
-37.8600 -21.0600 1.2000
-35.0400 -24.6600 10.8000
-28.1400 -28.5600 19.6800
-23.2800 -30.4800 23.3400
-12.7800 -32.5800 28.5000
-0.1200 -33.8400 30.1200
5.4600 -34.0800 28.8600
15.1200 -34.0200 26.1600
19.3200 -32.9400 26.5800
18.3600 -31.0800 30.1200
17.2200 -29.4000 31.8000
15.4800 -26.3400 35.7600
12.6600 -23.0400 39.9000
9.0600 -19.3200 43.2600
7.5600 -17.4000 44.1600
4.0200 -13.0200 45.3600
2.1000 -10.1400 45.3000
-0.9600 -0.6600 46.4400
-1.9800 12.3000 45.9600
-1.3800 26.2200 45.1200
-0.3600 30.4800 46.4400
-1.0800 26.2200 46.5600
-2.7600 24.7800 45.8400
-4.3800 24.0600 45.4800
-5.5800 24.4200 45.6600
-2.8800 26.5200 45.5400
-0.1800 27.1800 45.3000
-1.3800 27.1200 45.6000
-1.8000 26.8200 45.7200
-0.7800 26.4600 46.5600
1.5600 25.9200 48.6600
2.5200 25.9200 48.9600
2.7600 25.6200 48.9000
2.7000 25.3800 49.0200
2.7000 25.5000 49.3800
2.7000 25.8600 49.7400
1.9200 26.1000 49.7400
1.7400 26.1600 49.5000
2.1600 25.9200 49.8000
2.4000 25.8600 49.4400
1.8600 25.9200 49.5000
1.9800 25.7400 49.5600
0.6000 26.1000 47.4600
-0.7200 27.0000 45.6600
-0.9000 27.4200 45.3000
-1.3200 27.2400 45.6600
-1.6200 27.0600 46.3200
-1.3200 26.7000 46.5000
-1.1400 26.9400 45.6600
-0.5400 26.8200 45.7800
-0.5400 27.2400 46.2000
-0.6600 27.1800 45.6600
-0.4800 27.4800 46.5600
-0.1800 27.1200 46.6800
0.1200 27.0000 47.3400
0.3000 26.5200 47.6400
0.7200 26.4000 46.7400
0.0600 26.4600 45.6600
-0.7200 26.8200 45.2400
-0.9600 26.9400 45.4200
-1.2600 26.9400 45.6000
-1.4400 27.0000 45.9600
-1.1400 27.0600 45.9600
-0.6600 26.8200 46.2600
-0.4200 26.7600 45.9600
-1.0200 27.1800 45.7200
-1.0800 27.2400 45.9000
-0.5400 27.1200 45.7200
-0.2400 26.8200 45.3600
-0.6000 27.6000 45.7800
-0.0600 27.0600 46.6200
-0.7800 26.8800 46.7400
-0.8400 27.2400 45.5400
-0.7800 27.1800 45.4800
-1.0200 27.4200 45.9600
-0.8400 27.5400 45.6600
-0.8400 27.3600 45.4800
-0.4800 26.8800 45.9600
-0.5400 26.8200 46.3200
-0.7800 26.7000 46.3200
-0.7800 26.5200 46.3200
-1.0200 27.1200 46.3200
-0.7200 27.6600 45.7800
-0.4800 27.4800 45.4200
-0.8400 27.6000 45.2400
-1.0200 26.9400 45.2400
-1.2000 26.7600 45.3600
-0.6600 26.9400 45.5400
-0.9000 27.3600 46.0200
-0.9600 27.7200 46.3200
-0.9600 27.6000 46.2600
-1.1400 27.4200 46.2600
-1.3200 27.0600 46.0800
-0.7200 27.0000 46.3200
-0.7800 26.9400 46.3200
-1.5000 26.7000 45.9000
-3.0600 26.6400 45.0600
-4.9200 26.8200 44.5800
-6.7200 27.3000 43.9800
-9.6600 27.6000 42.7800
-11.6400 28.0800 41.7600
-15.9000 28.3800 38.7000
-20.9400 28.3800 33.9000
-26.4600 27.3600 29.7000
-28.6800 26.9400 27.6000
-32.7000 25.6800 21.0000
-34.3800 25.2000 17.5200
-37.5000 24.5400 10.6800
-39.4200 23.5800 4.3800
-39.8400 21.7200 -2.5800
-38.7000 19.8000 -8.5200
-37.6800 19.6200 -11.1600
-34.3800 17.9400 -18.0600
-31.9800 16.3200 -24.5400
-27.3000 14.1000 -31.5600
-24.1200 12.5400 -34.8000
-16.6200 8.4600 -39.7800
-11.9400 6.1800 -41.8800
-9.0600 4.0200 -43.5600
-5.7600 2.4000 -45.1800
-5.8800 1.7400 -45.6600
-4.5600 1.5000 -45.4800
-3.7800 0.1800 -44.8200
-3.3600 0.1200 -44.8200
-4.3200 -0.4800 -44.7000
-4.2000 -0.1800 -44.7000
-4.3200 0.2400 -44.6400
-5.0400 0.4200 -44.7600
-4.8600 -0.1800 -45.2400
-4.9800 -0.3600 -45.0000
-4.0800 -0.2400 -45.5400
-3.7800 -0.2400 -45.1800
-2.4000 0.0600 -44.9400
-1.7400 -0.3000 -44.5800
-0.7200 0.0600 -44.8200
0.7800 0.6600 -45.7200
2.2800 1.1400 -46.4400
2.8800 1.3200 -46.0200
5.2200 1.0800 -45.4200
7.2600 0.7800 -44.4000
8.4000 0.4200 -43.8000
8.9400 0.1200 -44.7600
8.5800 -0.6000 -45.4200
8.1000 -0.7200 -45.1800
7.7400 -0.3000 -44.7000
8.1600 0.0600 -45.1800
6.6600 -0.3600 -45.1800
4.8600 -0.3600 -45.1800
4.0800 -0.1200 -45.9600
4.2000 -1.8000 -44.4600
4.2000 -2.4600 -43.3200
5.0400 -3.4200 -42.1200
4.6800 -4.5000 -41.6400
3.4200 -5.8200 -41.1600
3.3000 -6.2400 -41.6400
2.2200 -5.4000 -41.7000
0.2400 -4.0800 -41.7600
-0.5400 -3.5400 -41.7000
-2.1000 -2.7000 -41.1600
-2.0400 -1.9800 -40.8000
-0.8400 -1.5600 -40.8000
-0.4200 -1.4400 -41.6400
-0.1800 -1.2600 -42.3000
-0.1200 -0.6600 -44.8800
-0.6600 -0.0600 -46.5000
-1.3800 1.4400 -46.0200
~G223
-1.1757 0.0887 -0.4884
-1.0505 0.8461 -0.2691
-1.1189 1.3843 -0.0419
-1.5215 1.4246 -0.0883
-2.0713 0.9665 -0.5825
-2.1904 0.8504 -1.0370
-2.0639 0.8583 -1.3418
-1.7548 0.9408 -1.2337
-1.3449 0.9604 -0.8024
-0.8336 0.8675 -0.3834
-0.2643 0.7808 -0.3223
0.2916 0.8284 -0.6088
0.8218 1.1149 -1.0522
1.1804 1.2572 -1.2221
1.4363 1.0373 -1.0413
1.6850 0.6537 -0.7829
1.7686 0.5022 -0.6979
1.6300 0.6604 -0.7713
1.2885 0.8968 -0.9734
0.9721 1.1919 -1.1555
0.4938 1.7392 -1.2654
0.1511 1.7313 -1.1445
-0.0786 1.3910 -0.9802
-0.0750 0.9029 -0.8885
0.1205 0.1632 -0.8953
0.3704 -1.0133 -0.9313
0.6385 -2.1557 -1.0852
0.6471 -2.6260 -1.2325
0.6135 -2.6529 -1.2441
0.5457 -2.6993 -1.2685
0.4815 -2.7323 -1.2813
0.4449 -2.7519 -1.2929
0.3985 -2.7732 -1.3076
0.3514 -2.7787 -1.3168
0.3197 -2.7818 -1.3271
0.2604 -2.7690 -1.3436
0.2274 -2.7555 -1.3479
0.1786 -2.7244 -1.3565
0.1456 -2.6908 -1.3632
0.1065 -2.6395 -1.3675
0.0772 -2.5888 -1.3736
0.0515 -2.5252 -1.3760
0.0271 -2.4525 -1.3778
0.0057 -2.3762 -1.3760
-0.0163 -2.2943 -1.3803
-0.0359 -2.2003 -1.3815
-0.0487 -2.0934 -1.3833
-0.0609 -1.9785 -1.3797
-0.0707 -1.8802 -1.3809
-0.0829 -1.7232 -1.3772
-0.0859 -1.6150 -1.3760
-0.0902 -1.5436 -1.3760
-0.0951 -1.3927 -1.3748
-0.0951 -1.2424 -1.3717
-0.0914 -1.0873 -1.3687
-0.0841 -0.9046 -1.3662
-0.0731 -0.7446 -1.3583
-0.0297 -0.4202 -1.3516
-0.0071 -0.2876 -1.3497
0.0454 -0.0048 -1.3394
0.0894 0.1864 -1.3332
0.1303 0.3788 -1.3296
0.1706 0.5645 -1.3210
0.2164 0.7576 -1.3168
0.2494 0.9536 -1.3113
-7.8965 16.1911 6.7320
-20.0130 20.0646 14.2872
5.0765 -19.3607 -0.3559
13.4172 -16.3839 -3.0137
11.3788 -11.4756 -3.3754
9.1406 -8.6834 -3.5983
8.6036 -8.7597 -4.1017
8.0599 -9.1073 -4.7046
7.5120 -9.4714 -5.2434
6.7374 -9.9356 -5.8799
6.3513 -10.1501 -6.1603
5.2335 -10.6815 -6.8396
4.0643 -11.1177 -7.3802
3.2219 -11.3614 -7.6820
1.9977 -11.6198 -8.0015
0.9501 -11.7475 -8.1780
-0.2295 -11.7921 -8.2733
-1.4079 -11.7273 -8.2495
-2.4390 -11.5868 -8.1432
-3.0059 -10.8550 -7.6563
-1.8672 -8.1360 -6.2904
3.8321 0.9023 -1.7835
4.7552 2.3880 1.1096
4.5652 2.0074 0.4951
4.8712 2.4234 0.6099
5.0991 2.8333 0.7865
5.1980 3.0636 0.9178
5.1779 3.1668 1.0833
5.1406 3.2218 1.2153
5.1021 3.2749 1.3344
5.0527 3.3635 1.4902
5.1168 3.4606 1.5971
6.0673 4.0141 1.8414
8.0251 4.3238 2.1640
11.2847 3.2603 2.4450
13.7117 1.2542 2.7516
14.4362 0.5462 2.9636
14.6567 0.1052 3.2281
8.2878 -7.2100 1.8323
-7.2050 -3.9693 -0.7743
-4.0718 3.8278 -0.6234
0.1566 2.0795 -0.2936
0.3899 1.5065 -0.2251
0.3178 1.3770 -0.2129
0.3319 1.3000 -0.2080
0.3899 0.9665 -0.2123
0.6129 -0.4849 -0.1958
1.0551 -4.9327 -0.1805
1.4272 -6.4555 -0.0358
0.5267 -0.1105 0.0681
-0.7665 2.7166 -0.0437
-0.4763 0.9988 -0.0394
-0.1116 -0.3683 0.0381
0.2464 -1.1538 -0.0284
0.4919 -1.1196 0.0131
0.1914 0.1125 -0.0028
-0.2527 0.4814 -0.0126
-0.0811 -0.0586 -0.0028
0.0943 -0.0476 0.0027
-0.0469 0.0361 0.0009
0.0051 -0.0372 -0.0003
0.0246 -0.0152 -0.0003
-0.0126 0.0062 -0.0022
-0.0188 0.0050 -0.0003
-0.0041 0.0147 -0.0003
0.0057 -0.0109 0.0003
-0.0053 0.0056 0.0003
0.0020 -0.0079 -0.0009
0.0026 -0.0017 0.0003
0.0020 0.0025 -0.0003
0.0026 -0.0036 0.0021
-0.0053 0.0062 0.0003
-0.0029 0.0031 0.0021
0.0026 -0.0030 0.0009
0.0020 -0.0005 0.0021
-0.0010 -0.0030 0.0033
0.0008 -0.0005 0.0003
-0.0010 -0.0017 -0.0009
0.0002 -0.0030 0.0015
0.0008 -0.0017 -0.0034
-0.0004 0.0044 0.0015
-0.0010 -0.0011 0.0009
-0.0010 0.0001 0.0021
0.0008 -0.0042 -0.0016
0.0020 -0.0048 0.0003
0.0002 -0.0024 0.0009
-0.0004 -0.0011 -0.0016
0.0002 0.0007 -0.0009
0.0014 -0.0024 -0.0022
0.0020 -0.0030 -0.0016
0.0014 -0.0005 0.0015
-0.0010 -0.0024 0.0015
-0.0004 0.0013 0.0009
-0.0004 -0.0024 0.0009
-0.0010 -0.0024 0.0003
0.0014 -0.0030 -0.0003
0.0008 0.0007 0.0003
-0.0004 -0.0011 0.0015
0.0008 0.0001 0.0009
0.0008 -0.0011 -0.0009
0.0032 -0.0036 -0.0009
0.0008 -0.0017 -0.0016
0.0008 0.0007 -0.0003
-0.0010 -0.0030 -0.0016
0.0008 0.0001 0.0015
0.0014 0.0001 -0.0003
0.0008 0.0001 -0.0003
0.0008 -0.0036 0.0015
0.0014 -0.0042 0.0015
0.0002 -0.0030 -0.0028
-0.0004 -0.0005 -0.0028
-0.0010 0.0013 -0.0009
-0.0004 -0.0011 0.0021
-0.0010 0.0013 0.0003
0.0002 -0.0030 0.0033
-0.0010 -0.0048 0.0015
0.0020 0.0001 -0.0003
0.0002 -0.0054 0.0003
-0.0016 -0.0036 -0.0022
0.0008 0.0019 0.0003
-0.0004 -0.0017 0.0009
-0.0004 0.0025 -0.0003
0.0020 -0.0005 -0.0009
-0.0004 -0.0054 -0.0016
-0.0016 -0.0017 0.0003
0.0008 -0.0024 0.0003
0.0002 0.0013 0.0003
-0.0010 -0.0024 0.0009
-0.0016 0.0013 0.0021
0.0008 -0.0024 0.0009
-0.0016 -0.0011 0.0009
0.0020 -0.0030 -0.0016
0.0014 -0.0024 -0.0003
0.0002 -0.0024 0.0027
-0.0023 -0.0017 0.0009
-0.0090 0.0477 0.0082
-0.1385 0.1998 -0.0217
-0.3370 0.1119 -0.0278
-0.1464 -0.1575 0.0155
0.0600 -0.2956 0.0058
0.0265 -0.0305 -0.0046
-0.0713 0.1119 -0.0022
0.0216 -0.0934 -0.0003
0.0313 -0.1019 -0.0034
-0.0585 0.7124 -0.4341
0.1468 0.6788 -0.9759
0.0875 0.7270 -1.3571
0.4889 0.8498 -1.3791
0.7271 1.3672 -1.1799
0.6453 2.0581 -0.5972
0.6984 3.7795 -0.2416
0.9116 5.4826 0.3149
1.0588 6.9230 0.8860
1.0313 7.6927 1.1371
-0.2026 9.2278 1.4712
-0.9039 9.4276 1.2666
-2.1769 10.3286 0.5372
-2.6455 10.8588 0.4896
