D10
~A89
2.6217 0.8572 6.3137
2.2075 -0.5674 9.7112
1.5850 0.1173 10.7144
1.3647 0.6345 9.6753
0.9146 1.6520 8.4829
0.1915 1.1876 10.2331
-0.5650 1.0750 9.8931
-0.2706 0.8500 10.1565
0.1365 0.8763 10.1805
0.2179 0.8907 10.4917
0.2921 0.8763 10.7431
0.4908 0.7829 11.2435
0.3400 0.8404 11.6386
0.0503 0.9697 11.9283
-0.1844 1.0822 12.1462
-0.2634 1.1756 12.2180
-0.2945 1.2259 12.0456
-0.2251 1.2163 11.7894
-0.1030 1.1804 11.4662
-0.1197 1.1660 11.0376
-0.1437 1.2211 10.4151
-0.1844 1.1923 9.8141
-0.2538 1.1900 9.2730
-0.3160 1.2833 8.7774
-0.3137 1.1995 8.3943
-0.2370 1.0439 8.0759
-0.1101 0.8356 7.8963
-0.0359 0.7255 7.9442
-0.0287 0.7566 8.0998
-0.4142 0.7446 8.2602
-0.4070 0.5986 7.8724
-0.0215 0.6608 7.9442
0.2155 0.6919 8.7535
0.0287 0.8931 9.6729
-0.0311 0.9529 10.6402
0.1245 1.1756 11.7128
0.0742 1.3408 13.1254
-0.0575 1.5491 15.1773
0.1676 1.6880 18.1582
0.7566 1.1971 22.1183
1.7167 0.7111 25.1854
3.1461 -0.3232 29.3323
3.6824 -1.7574 32.2198
4.0344 -3.5028 32.5933
3.1485 -4.9131 29.6148
-0.7877 -5.1166 21.7209
-3.4334 -5.2315 13.3241
-5.2123 -2.4182 4.5898
-2.7582 -0.1101 1.6568
-0.0790 -0.2993 -0.0623
-0.0646 -0.2921 -0.0287
-0.0551 -0.2945 -0.0096
-0.0694 -0.2729 0.0168
-0.0862 -0.2897 0.0215
-0.0646 -0.2993 0.0359
-0.0455 -0.2873 0.0551
-0.0431 -0.2825 0.0814
-0.0790 -0.2945 0.0982
-0.0551 -0.2706 0.0934
-0.0407 -0.2825 0.0982
-0.0646 -0.2658 0.1125
-0.0527 -0.2706 0.1125
-0.0551 -0.2753 0.1173
-0.0455 -0.2729 0.1221
-0.0431 -0.2658 0.1484
-0.0311 -0.2538 0.1365
-0.0407 -0.2753 0.1413
-0.0479 -0.2490 0.1700
-0.0527 -0.2514 0.1820
-0.0455 -0.2538 0.1700
-0.0551 -0.2490 0.1628
-0.0503 -0.2586 0.1556
-0.0599 -0.2466 0.1748
-0.0479 -0.2514 0.1389
-0.0431 -0.2418 0.1556
-0.0455 -0.2514 0.1580
-0.0311 -0.2251 0.1508
-0.0455 -0.2251 0.1532
-2.8133 13.7048 12.9027
-0.7949 -6.9817 1.6904
23.8566 2.4948 69.0437
11.9211 -0.3998 18.8765
-0.5220 -6.8716 41.9860
4.1804 -7.8293 27.6635
0.1915 -4.9849 19.4295
-1.6449 -1.6018 18.2204
0.9050 0.5243 16.0488
4.3432 2.5260 17.0353
5.8133 3.6130 17.7799
~M89
-23.4600 -3.0600 -37.8000
-23.8800 -2.7600 -38.3400
-24.0600 -2.7600 -37.9200
-24.0000 -2.5800 -37.7400
-23.4600 -2.2200 -37.2600
-23.5800 -2.9400 -37.6200
-23.6400 -3.0000 -38.0400
-23.5200 -3.1200 -38.1600
-23.6400 -3.3600 -38.4600
-24.1200 -4.1400 -37.6200
-24.1800 -3.6000 -36.8400
-24.1200 -3.7200 -36.8400
-24.1800 -3.7800 -36.9600
-23.7600 -3.0000 -37.1400
-22.9800 -2.7000 -37.4400
-23.1600 -2.5800 -37.3200
-23.1000 -2.5200 -37.2000
-23.2800 -2.2200 -38.0400
-23.1000 -1.8600 -38.2200
-23.2800 -1.2000 -37.5600
-23.7000 -0.6600 -37.1400
-23.1000 1.2000 -36.9000
-22.9800 2.4600 -37.0800
-22.8000 4.8000 -35.7000
-23.3400 5.5800 -34.7400
-23.0400 5.3400 -34.8000
-22.6200 5.2800 -34.9800
-22.0200 3.6000 -34.6800
-21.2400 2.4600 -34.0800
-20.4600 2.0400 -34.7400
-20.5200 1.8000 -35.0400
-21.7200 1.0200 -35.9400
-22.3800 0.3600 -36.9000
-22.8000 -0.9600 -37.2600
-23.2800 -1.6800 -37.2000
-23.9400 -3.0600 -37.4400
-24.2400 -4.6200 -37.3800
-24.3000 -6.3000 -36.8400
-24.5400 -7.5000 -36.8400
-24.9000 -7.8600 -36.3000
-25.0200 -8.3400 -36.1800
-25.8000 -10.0200 -35.2200
-25.6800 -11.9400 -34.2000
-25.7400 -12.9000 -32.9400
-26.1600 -13.5600 -32.3400
-25.8600 -14.4000 -31.5600
-25.6800 -14.6400 -31.0800
-25.6200 -15.1800 -30.1800
-25.5600 -14.1000 -31.6200
-24.6000 -7.1400 -35.3400
-24.6600 -2.1600 -36.8400
-25.3200 7.0800 -35.6400
-24.7800 11.9400 -33.3600
-25.0800 13.2000 -31.9800
-25.4400 12.6000 -32.1000
-25.2600 11.2200 -33.9000
-25.2600 9.9600 -34.5600
-23.6400 8.1000 -35.3400
-22.5000 7.7400 -35.7000
-22.2600 8.1600 -36.1800
-22.2600 9.6000 -36.1200
-22.2000 10.3800 -35.4000
-21.9000 12.1200 -35.5800
-21.2400 12.7200 -35.8200
-19.9200 13.6800 -36.5400
-19.0200 14.3400 -36.4800
-17.6400 15.3000 -36.4200
-17.4600 15.4800 -36.6000
-17.4600 15.8400 -36.3600
-17.7600 15.7800 -36.6000
-18.4200 14.4000 -36.6600
-19.4400 12.0600 -36.5400
-20.1000 10.8600 -37.2000
-19.5000 9.0000 -37.6800
-20.0400 7.7400 -38.1000
-20.4600 6.3000 -37.7400
-21.2400 5.3400 -37.2600
-21.1800 5.4000 -37.1400
-21.9600 5.3400 -37.2600
-22.1400 5.5200 -36.6600
-22.9200 5.8200 -35.8800
-23.5200 6.0000 -35.7600
-24.0000 6.7800 -35.4000
-24.2400 7.1400 -34.9200
-24.5400 6.9000 -34.3800
-24.9600 6.8400 -33.1200
-25.0200 6.7200 -32.0400
-25.6800 7.2000 -30.0000
-28.0800 6.0000 -29.0400
~G89
0.5399 -0.0128 -0.0107
0.4911 -0.0690 -0.0351
0.3903 -0.1423 -0.0480
0.2272 -0.2199 -0.0486
0.0690 -0.3463 -0.0467
-0.0685 -0.4233 -0.0449
-0.1931 -0.4312 -0.0247
-0.2731 -0.3378 -0.0021
-0.2853 -0.1539 0.0357
-0.2053 -0.0323 0.1738
-0.1186 0.1014 0.3204
-0.1650 0.4912 0.3008
-0.3336 0.6207 0.1261
-0.4185 0.5572 0.0504
-0.5694 0.4331 0.0797
-0.8217 0.1436 0.0938
-1.0636 -0.0775 0.0889
-1.4710 -0.2700 0.1341
-1.9090 -0.5058 0.2789
-2.2664 -0.6768 0.4908
-2.4429 -0.6786 0.5873
-2.2847 -0.4129 0.4365
-1.8357 -0.3860 0.2092
-0.9585 -0.5161 -0.2135
0.0360 -0.5998 -0.6771
1.1832 -0.3787 -0.5886
1.5796 -0.3145 -0.2844
2.2192 -0.1612 0.2807
2.3206 -0.6255 0.7022
2.3444 -0.6866 0.7260
2.3457 -0.6658 0.7199
2.3450 -0.6450 0.7059
2.3432 -0.6188 0.6942
2.3414 -0.5955 0.6802
2.3371 -0.5736 0.6741
2.3341 -0.5552 0.6643
2.3328 -0.5387 0.6545
2.3334 -0.5155 0.6478
2.3347 -0.4978 0.6380
2.3383 -0.4783 0.6307
2.3395 -0.4550 0.6234
2.3383 -0.4453 0.6216
2.3328 -0.4007 0.6057
2.3255 -0.3799 0.5990
2.3163 -0.3561 0.5916
2.3114 -0.3347 0.5892
2.3023 -0.3158 0.5800
2.2974 -0.2956 0.5745
2.2864 -0.2675 0.5702
2.2791 -0.2510 0.5672
2.2711 -0.2321 0.5629
2.2565 -0.2156 0.5629
2.2412 -0.1960 0.5580
2.2204 -0.1759 0.5531
2.2015 -0.1472 0.5519
2.1771 -0.1142 0.5507
2.0726 0.0807 0.5635
-9.4734 15.6107 2.0504
-16.4562 1.0324 3.3124
-12.6554 3.4325 2.5708
-13.4892 0.3165 -0.4499
-10.3048 3.4863 -1.9722
-7.1362 1.1295 -2.3735
-4.3054 0.0795 -2.9563
-1.1234 0.2163 -2.4096
1.0103 0.9139 -1.8842
2.5430 1.3097 -1.5684
3.6914 1.9475 -1.1200
2.1819 1.7318 -0.0455
0.5387 1.5474 0.2153
-1.1351 0.9451 -0.3418
-2.0385 0.6311 -0.7333
-2.3641 0.4338 -0.7333
-2.1900 0.3629 -0.3363
-1.6030 0.1338 0.6209
-1.2939 0.1491 1.1353
-0.7948 0.2230 1.8524
-0.2719 0.7404 2.1554
-0.0966 1.3879 1.9294
-0.0856 1.7642 1.3387
-0.3843 1.4075 0.3180
-0.7453 0.9658 -0.3564
-1.3544 0.8467 -0.6069
-1.6506 1.1363 -0.6973
-1.2896 1.0452 -1.0180
-0.3128 0.2713 -1.3106
0.6377 -0.4764 -1.3967
1.5534 -1.1270 -1.2636
2.2302 -1.2492 -0.9410
