D10
~A94
3.4047 4.6233 8.0950
3.8524 4.4725 8.2962
3.4932 4.6928 7.8748
3.0958 4.8795 7.9011
3.5028 4.3408 7.7191
3.7494 4.1086 7.5372
3.6776 4.1612 7.4534
3.5172 4.3935 7.3504
3.3640 4.4294 7.3576
3.5651 4.0966 7.2044
3.7255 4.2666 7.1661
3.4358 4.1996 6.8452
3.3544 3.5363 5.7367
3.0120 3.0312 4.3696
1.8101 1.7311 2.9569
0.4334 0.9050 2.5236
1.6640 -0.2586 0.8164
-0.3615 -0.8931 -0.4310
-0.0168 -0.0742 0.0958
-0.0144 -0.0599 0.1173
0.0000 -0.0646 0.1341
-0.0120 -0.0694 0.1484
-0.0144 -0.0694 0.1676
-0.0192 -0.0670 0.1796
-0.0192 -0.0694 0.2011
-0.0239 -0.0790 0.2035
-0.0359 -0.0862 0.2227
-0.0144 -0.0982 0.2634
-0.0311 -0.0862 0.2538
-0.0192 -0.0790 0.2897
-0.0407 -0.0934 0.3256
-0.0120 -0.1006 0.3520
-0.0168 -0.1006 0.3831
-0.0168 -0.1173 0.4070
-0.0096 -0.1197 0.4453
-0.0263 -0.1149 0.4477
-0.0192 -0.1077 0.4669
-0.0168 -0.1245 0.4717
-0.0359 -0.1245 0.5028
-0.0144 -0.1149 0.5267
-0.0168 -0.1077 0.5603
-0.0192 -0.1125 0.6105
-0.0455 -0.1101 0.6465
-0.0072 -0.1269 0.6632
-0.0215 -0.1365 0.7087
-0.0168 -0.1173 0.7350
-0.0239 -0.1245 0.7757
-0.0168 -0.1269 0.8380
-0.0215 -0.1173 0.8572
-0.0287 -0.1197 0.9673
-0.0168 -0.1125 1.0200
-0.0263 -0.1173 1.0678
-0.0192 -0.1125 1.1540
-0.0287 -0.1006 1.5802
-7.4653 -5.5475 33.1727
-36.5534 -57.3165 78.1850
16.2332 22.8845 11.4351
1.7287 6.9626 -2.4350
0.3831 1.2905 3.3065
0.7710 0.8093 10.0057
1.9633 2.3536 11.2555
3.1413 2.2746 8.8397
0.9457 -0.9553 7.1038
0.5339 -1.2331 8.5164
0.3927 0.8212 9.5364
1.5706 2.2171 8.5284
2.8827 2.2003 8.8923
2.0902 0.7422 9.4358
0.1030 0.0311 10.4773
0.2634 0.6776 10.0272
1.4845 1.1325 9.4957
1.4030 0.9026 9.7303
1.0224 0.7877 9.7782
0.9936 0.7853 9.7806
1.1684 0.8955 9.7615
1.1636 0.8715 9.7351
1.1181 0.8236 9.7543
1.1349 0.8117 9.7950
1.1469 0.8356 9.7567
1.1373 0.8548 9.7591
1.1133 0.8428 9.7710
1.1588 0.8284 9.7902
1.1588 0.8524 9.7710
1.1397 0.8548 9.7662
1.1516 0.8548 9.7710
1.1540 0.8619 9.7662
1.1516 0.8332 9.7902
1.1732 0.8380 9.7830
1.1493 0.8691 9.7495
1.1325 0.8715 9.7662
1.1325 0.8667 9.7662
1.1516 0.8212 9.7758
1.1181 0.8356 9.7854
1.1780 0.8739 9.7686
~M94
-22.8600 0.3600 -37.8000
-22.0200 1.3200 -38.2800
-21.9000 1.9200 -38.8800
-21.3600 3.1800 -39.4200
-20.2200 4.6200 -38.9400
-18.2400 6.1200 -38.7600
-16.1400 7.3800 -39.9600
-15.6000 8.1000 -40.5000
-14.2200 9.4800 -40.6200
-12.9000 10.6800 -41.1600
-11.4600 12.2400 -41.6400
-10.3200 13.9800 -41.2200
-8.8200 14.4000 -40.3800
-7.2600 15.2400 -41.2200
-6.3000 16.0800 -40.8600
-4.9800 18.1200 -41.6400
-3.6600 19.7400 -41.5200
-3.1200 20.2800 -41.3400
-2.1000 21.4200 -41.2200
-0.7800 22.8000 -40.2000
-0.0600 24.5400 -39.7200
1.7400 25.3800 -39.8400
3.7800 26.5800 -39.2400
5.7000 28.8000 -39.0000
7.2600 30.1200 -38.4600
4.5600 25.8600 -37.7400
-4.2000 16.8600 -39.1200
-8.8800 13.6200 -40.9200
-7.3800 14.2200 -41.1000
-4.9200 15.3000 -42.0600
-5.2200 16.1400 -42.6600
-6.0600 16.0800 -43.0800
-5.3400 15.7800 -43.4400
-4.9800 15.9600 -43.1400
-5.2200 16.3800 -42.7800
-4.9200 15.8400 -42.1200
-5.5200 16.0200 -42.4800
-5.8200 16.2000 -42.9600
-6.1200 16.2600 -42.7800
-5.9400 15.9600 -42.7800
-6.0600 16.0800 -43.5600
-6.1200 16.2600 -43.8000
-6.0000 16.2600 -43.6800
-5.6400 16.4400 -43.6800
-5.9400 16.2000 -43.7400
-5.8200 16.0800 -43.6200
-6.0000 16.3800 -43.8000
-5.7000 15.4200 -42.6600
-5.0400 15.4200 -42.3000
-4.7400 15.0000 -41.6400
-5.1600 15.1800 -42.0000
-5.5800 15.3000 -42.9000
-5.8200 16.0800 -43.3800
-5.8800 15.9000 -43.7400
-5.9400 15.7200 -43.5000
-5.7600 16.0800 -43.4400
-5.8200 16.0800 -43.3200
-5.5800 16.3200 -42.9600
-5.8800 16.6800 -42.6000
-5.8200 16.4400 -42.4800
-5.6400 15.7800 -42.9600
-5.5200 15.4800 -43.5000
-5.6400 16.0200 -43.0200
-5.8200 16.2600 -42.6000
-5.8200 15.8400 -42.5400
-6.0600 16.0200 -42.5400
-6.1800 15.7800 -42.6600
-6.0600 15.6000 -42.7800
-5.9400 16.0200 -43.0200
-5.8800 16.1400 -42.9000
-5.5800 16.6800 -43.0800
-5.7600 16.6200 -43.2600
-5.3400 15.9000 -43.5600
-5.4000 15.8400 -43.4400
-5.5800 15.9600 -43.0800
-5.7000 16.0800 -42.7800
-5.4000 16.1400 -42.2400
-5.4000 16.1400 -42.6000
-5.1600 16.0200 -42.7800
-5.5200 15.9000 -43.2000
-5.4600 15.6000 -43.2000
-5.7600 15.2400 -42.9600
-5.9400 15.6600 -42.9000
-5.2200 15.7200 -42.4200
-4.4400 15.0600 -41.6400
-4.2600 15.1800 -41.6400
-4.1400 15.0600 -41.1600
-4.7400 14.8800 -42.0600
-5.1000 14.8200 -42.4800
-5.2200 15.4200 -42.8400
-5.5800 15.2400 -44.0400
-5.7600 14.5800 -43.9800
-5.4000 14.5200 -43.9200
-5.2800 14.2200 -43.6200
~G94
-1.2166 1.2484 0.1991
-1.2233 1.2783 0.1863
-1.2331 1.3101 0.1716
-1.2447 1.3492 0.1588
-1.2545 1.3834 0.1454
-1.2685 1.4219 0.1301
-1.2881 1.4579 0.1142
-1.3046 1.4836 0.0977
-1.3253 1.5104 0.0782
-1.3485 1.5214 0.0623
-1.3638 1.5361 0.0464
-1.3779 1.5398 0.0336
-1.3931 1.5379 0.0171
-1.4096 1.5336 0.0018
-1.4261 1.5355 -0.0122
-1.4463 1.5416 -0.0269
-1.4640 1.5416 -0.0440
-1.4823 1.5416 -0.0623
-1.4933 1.5465 -0.0745
-1.5067 1.5434 -0.0990
-1.5202 1.5398 -0.1197
-1.5251 1.5300 -0.1362
-1.5269 1.5233 -0.1552
-1.5306 1.5104 -0.1637
-1.5348 1.4768 -0.1888
-1.5318 1.4438 -0.2120
-1.5318 1.4341 -0.2169
-1.5141 1.3589 -0.2566
-1.5025 1.3180 -0.2737
-1.4884 1.2685 -0.2914
-1.4762 1.2380 -0.2999
-1.4463 1.1512 -0.3170
1.9862 -3.3374 0.0629
17.7300 -19.9670 -0.4252
0.4810 -4.2531 -1.1234
-1.7578 4.7572 -0.4435
-1.1720 5.1084 -0.3470
-0.1909 2.7847 -0.4197
0.2073 0.0040 -0.3543
-0.4164 0.3870 -0.0342
-0.4029 1.2869 -0.0330
-0.2710 1.1488 -0.0635
0.0241 0.2148 0.0147
0.1053 -0.2562 0.0336
0.0180 -0.3680 0.0092
-0.0376 -0.0045 -0.0092
-0.0028 0.0633 0.0061
0.0021 -0.0699 -0.0006
-0.0040 -0.0509 -0.0025
0.0009 -0.0137 -0.0006
0.0015 -0.0247 0.0024
-0.0040 -0.0271 -0.0018
-0.0022 -0.0143 0.0006
0.0003 -0.0137 -0.0006
-0.0028 -0.0192 0.0006
-0.0034 -0.0180 -0.0000
-0.0010 -0.0106 0.0012
-0.0016 -0.0149 -0.0012
-0.0016 -0.0137 0.0018
-0.0016 -0.0137 -0.0012
0.0015 -0.0143 0.0006
-0.0010 -0.0094 0.0006
-0.0004 -0.0112 -0.0006
-0.0016 -0.0088 0.0006
-0.0016 -0.0137 -0.0025
-0.0004 -0.0118 0.0012
-0.0016 -0.0045 -0.0000
-0.0010 -0.0070 -0.0018
-0.0016 -0.0063 -0.0018
0.0003 -0.0057 0.0006
-0.0022 -0.0094 0.0012
-0.0010 -0.0125 -0.0012
-0.0010 -0.0082 -0.0006
0.0003 -0.0094 -0.0000
-0.0016 -0.0094 -0.0018
-0.0010 -0.0045 -0.0025
-0.0004 -0.0063 0.0018
0.0003 -0.0088 -0.0025
-0.0004 -0.0063 0.0018
-0.0010 -0.0076 -0.0000
0.0003 -0.0063 -0.0031
0.0003 -0.0070 -0.0000
0.0009 -0.0063 -0.0006
0.0009 -0.0057 -0.0000
-0.0016 -0.0045 0.0018
0.0003 -0.0070 -0.0006
0.0003 -0.0039 0.0012
0.0003 -0.0051 0.0012
-0.0016 -0.0027 -0.0000
0.0149 0.0108 -0.0171
0.0302 -0.0766 -0.0312
0.0339 -0.0283 -0.0226
0.0265 -0.0558 -0.0275
0.0149 -0.0821 -0.0183
