D10
~A162
8.8828 1.7119 2.0112
10.0991 0.8883 2.0926
9.8189 1.0631 2.0639
9.5077 1.1373 1.9442
9.0887 1.0846 1.5802
9.1485 0.9457 1.3073
9.6417 0.9936 1.6185
10.0631 0.8715 1.9801
10.5731 0.6776 2.2698
10.9945 0.2179 2.2602
11.4518 0.4765 2.2434
11.2722 0.9170 2.8372
10.6210 1.2474 2.3129
10.4941 0.9793 1.3528
11.2603 0.5220 1.3504
12.1509 0.8787 2.4853
12.6035 1.1014 3.7303
12.7304 1.0822 3.4382
12.4335 1.0224 2.5523
11.7200 0.8452 1.6712
10.8006 0.6800 1.0295
10.2164 0.6872 0.2921
9.8644 0.4022 -0.1652
9.5508 -0.0096 -0.7303
9.2826 -0.0287 -0.8380
9.3903 0.1532 -0.5196
9.5675 0.2586 0.5028
9.8836 0.4908 0.7231
9.6202 0.2993 0.2394
8.9330 0.4789 -0.3352
8.5140 0.5052 -0.3496
8.4326 0.2682 -0.5220
8.1860 0.4980 -0.5459
7.8939 0.6225 -0.3759
7.6593 0.9242 -0.6632
6.9745 1.2785 -0.5243
5.6098 1.3887 -0.0359
4.1277 0.7518 -0.3328
3.1748 -0.2131 -0.8931
2.4900 -0.5986 -0.3951
2.5810 -0.1844 0.7326
-0.0766 0.4860 0.3591
0.0048 -0.0670 0.0335
0.0048 -0.0646 0.0383
0.0120 -0.0599 0.0455
0.0120 -0.0790 0.0479
0.0048 -0.0694 0.0503
0.0096 -0.0646 0.0479
0.0239 -0.0694 0.0479
0.0144 -0.0838 0.0335
0.0120 -0.0623 0.0335
0.0192 -0.0718 0.0311
0.0144 -0.0814 0.0311
0.0096 -0.0814 0.0144
0.0048 -0.0814 -0.0072
0.0000 -0.0790 -0.0120
0.0024 -0.0742 -0.0215
0.0120 -0.0718 -0.0263
-0.0096 -0.0718 -0.0646
0.0000 -0.0670 -0.0886
-0.0048 -0.0694 -0.1030
-0.0096 -0.0742 -0.1269
-0.0168 -0.0790 -0.1868
-0.0168 -0.0862 -0.2251
-0.0335 -0.0718 -0.2586
-0.0455 -0.0766 -0.2993
-0.0551 -0.0694 -0.3615
-0.0575 -0.0766 -0.4118
-0.0814 -0.0599 -0.4812
-0.0766 -0.0646 -0.5770
-0.0910 -0.0527 -0.6536
-0.1173 -0.0670 -0.7207
-0.1221 -0.0575 -0.8955
-0.1437 -0.0479 -1.0152
-0.1461 -0.0527 -1.1205
-0.1341 -0.0192 -1.2043
-0.1389 -0.0383 -1.3384
40.2861 -30.3522 -54.2207
61.4730 -77.9289 -78.4556
8.8133 -56.4690 -78.4556
-16.3266 25.7073 -41.4545
-7.1254 9.8022 -4.7622
-4.3360 4.4079 -2.0902
-5.0639 4.5850 -6.1150
-4.8628 4.3719 -8.4494
-3.4262 3.8332 -7.3025
-1.1756 3.2826 -7.2092
-0.4980 1.7023 -8.1022
-1.7430 0.5818 -8.6098
-2.5020 0.2777 -8.3680
-1.5659 0.1844 -10.0320
-0.3113 0.8476 -10.2427
-0.6201 1.0918 -9.5603
-1.6377 0.7326 -9.5388
-1.5874 0.6919 -9.5579
-1.1157 0.7686 -9.6202
-1.1133 0.8308 -9.6561
-1.2977 0.8069 -9.6178
-1.2642 0.7757 -9.6226
-1.2235 0.7877 -9.6106
-1.2690 0.8069 -9.6202
-1.2618 0.7901 -9.6274
-1.2690 0.7925 -9.6226
-1.2378 0.7877 -9.6298
-1.2546 0.7757 -9.6274
-1.2546 0.7757 -9.6298
-1.2498 0.7686 -9.6322
-1.2666 0.7781 -9.6441
-1.2833 0.8021 -9.6274
-1.2690 0.7949 -9.6106
-1.2498 0.8021 -9.6250
-1.2546 0.7710 -9.6250
-1.2690 0.7734 -9.6298
-1.2761 0.7925 -9.6250
-1.2474 0.8045 -9.6322
-1.2714 0.7805 -9.6202
-1.2642 0.7901 -9.6274
-1.2738 0.7925 -9.6274
-1.2761 0.7781 -9.6274
-1.2690 0.8093 -9.6034
-1.2642 0.7590 -9.6322
-1.2522 0.7997 -9.6274
-1.2809 0.8045 -9.6130
-1.2642 0.7805 -9.6154
-1.2761 0.7853 -9.6082
-1.2690 0.7997 -9.6322
-1.2666 0.7853 -9.6465
-1.2450 0.7997 -9.6322
-1.2761 0.7949 -9.6250
-1.2666 0.7662 -9.6154
-1.2738 0.8188 -9.6274
-1.2594 0.7662 -9.6370
-1.2594 0.8069 -9.6178
-1.2785 0.7781 -9.6274
-1.2666 0.8069 -9.6346
-1.2785 0.7949 -9.6154
-1.2809 0.7829 -9.6370
-1.2761 0.7997 -9.6106
-1.2833 0.7757 -9.6250
-1.2738 0.7781 -9.6298
-1.2594 0.7973 -9.6250
-1.2690 0.7949 -9.6178
-1.2881 0.7973 -9.6154
-1.2738 0.7734 -9.6370
-1.2953 0.7997 -9.6250
-1.2809 0.7925 -9.6346
-1.2809 0.7805 -9.6322
-1.2905 0.7925 -9.6106
-1.2857 0.8021 -9.6250
-1.2690 0.7997 -9.6202
-1.2738 0.7686 -9.6034
-1.2738 0.7781 -9.6202
-1.2785 0.7949 -9.6178
-1.2881 0.7901 -9.6274
-1.2690 0.7686 -9.6154
-1.2809 0.6393 -9.7136
-1.2378 0.7925 -9.7040
-1.3097 0.6943 -9.7591
-1.4198 0.8212 -9.6226
-1.2211 0.8045 -9.2491
-1.4150 0.9362 -9.5220
-1.4485 1.0846 -9.4310
~M162
-41.7000 15.6600 -13.0800
-40.8600 15.1200 -11.8200
-39.4200 15.0600 -8.7000
-39.0000 15.3600 -7.9200
-38.8800 15.1800 -7.3200
-39.0600 15.4200 -5.9400
-39.3600 15.3600 -4.8000
-39.4200 15.4800 -3.9600
-39.7800 15.9000 -3.3000
-39.8400 15.9600 -3.0600
-39.6600 16.3200 -2.7000
-39.6000 16.3200 -2.7000
-40.9800 16.3800 -3.5400
-42.7200 17.2200 -4.5600
-43.1400 17.6400 -4.0800
-42.7800 18.2400 -3.6000
-42.7800 18.1800 -2.7600
-42.4800 18.7200 -2.3400
-41.7600 20.2200 -1.7400
-41.1600 21.8400 -0.8400
-40.1400 22.5600 1.2600
-39.8400 22.9800 1.5600
-38.8800 24.3000 3.0000
-38.8800 25.9800 3.0000
-38.6400 27.7200 2.7000
-38.5200 28.8600 3.8400
-37.6200 29.4600 4.5600
-36.6600 30.6600 5.2800
-35.8200 31.8600 6.1200
-34.6200 32.5800 6.9000
-34.2000 34.0800 7.1400
-34.0200 34.9200 7.3800
-32.4000 35.5800 8.1600
-31.9800 36.1800 9.0000
-30.6000 36.9000 10.2600
-29.6400 37.8000 11.0400
-28.5000 39.3600 11.8200
-27.9600 40.2000 12.6000
-26.5800 40.6800 13.9200
-24.7800 41.0400 15.1200
-24.4200 41.0400 16.1400
-24.0600 41.3400 16.9200
-22.0200 40.3200 19.6200
-17.9400 37.5000 25.9200
-4.8000 24.0000 42.6600
0.9600 17.7000 49.0200
4.2600 12.7800 50.7600
3.2400 13.0800 50.7600
1.2000 13.5000 49.6200
-0.0600 13.8000 48.8400
-1.6800 14.5800 49.1400
-1.6800 14.5800 49.2600
-1.3800 14.4000 49.2000
-1.1400 14.2200 48.4200
-1.2000 14.0400 48.7800
-1.2000 14.4000 49.0200
-1.5600 15.4200 48.3000
-1.1400 15.3000 48.7800
-1.3200 14.8200 48.4800
-1.4400 14.6400 48.7800
-1.5600 14.7000 48.6600
-1.5600 14.8800 48.0000
-1.2600 14.5200 48.2400
-1.0200 13.9800 49.4400
-1.5000 14.7600 49.3200
-1.6200 15.1200 48.6000
-1.3800 15.0600 48.3600
-1.6200 14.5800 48.3000
-1.9200 14.7000 48.2400
-1.6800 14.7600 48.4200
-1.6800 15.0600 48.6600
-1.5000 15.3000 48.7800
-1.3200 15.7200 48.6000
-1.5000 15.0600 48.3000
-1.5600 14.8200 48.3000
-1.2600 14.6400 48.2400
-0.9600 14.5800 48.6000
-1.3800 14.2800 48.6000
-0.9600 14.4600 48.5400
-1.3800 14.7600 48.6600
-1.3800 14.8200 48.5400
-0.3000 14.8200 48.6000
-0.6000 15.0000 48.6000
-0.7800 14.9400 48.4200
-1.2000 14.7600 48.3000
-1.0800 14.6400 48.4800
-1.2000 14.7000 48.0000
-1.4400 14.8200 47.6400
-1.3800 15.1800 47.8200
-1.5000 15.3600 48.6000
-0.9000 15.2400 48.6600
-0.9600 14.9400 48.7200
-0.6600 14.7000 48.9000
-0.8400 14.5800 48.9600
-1.4400 14.7000 48.7200
-1.8000 14.1600 48.7200
-1.6800 14.1600 48.5400
-1.2600 14.3400 48.3000
-1.0800 14.0400 48.9000
-1.2600 14.1000 49.2600
-1.3800 14.7600 49.1400
-0.8400 14.8200 49.0200
-0.9000 14.5200 49.0800
-0.6600 14.5800 49.2000
0.1200 14.5800 49.6200
-0.6000 14.4600 50.0400
-0.6000 14.8200 49.6800
-0.0600 14.8800 49.9800
-0.4200 15.1200 48.8400
-0.3000 15.2400 47.7600
-0.5400 15.1800 47.7600
-1.0800 15.3000 48.0000
-1.2000 15.0000 48.9000
-0.9600 14.9400 48.7200
-0.7200 14.7000 48.7800
-1.8600 15.1200 48.4200
-2.2800 15.1200 48.4800
-3.4200 14.4600 48.2400
-5.1600 14.9400 48.3000
-6.0600 15.4800 48.6000
-7.9200 15.0000 48.3000
-10.2600 14.3400 48.3000
-13.2000 12.9600 48.4800
-14.8800 12.3000 48.3000
-19.1400 11.5200 46.9800
-23.8200 12.0600 43.8000
-28.2600 12.9600 40.2600
-33.1800 13.6800 35.5200
-37.3800 14.5800 30.1200
-39.6600 14.8800 25.9800
-41.9400 16.0200 21.1800
-43.3200 18.4200 15.7200
-43.0800 19.3200 11.2800
-43.2000 19.6200 9.0000
-43.2000 19.5000 7.6200
-43.3200 20.6400 4.3800
-43.7400 21.7200 1.3800
-43.0200 21.7200 -1.2000
-42.8400 21.7800 -2.7000
-41.7600 21.9600 -4.7400
-41.4000 22.5000 -6.4800
-41.0400 22.8000 -8.3400
-40.8000 22.9200 -9.4200
-40.0800 22.3200 -9.6000
-40.0800 22.4400 -9.7800
-40.4400 22.2000 -9.3000
-41.4000 22.3800 -10.0800
-41.1000 22.6200 -10.5000
-40.7400 22.6200 -10.0800
-40.8000 22.3800 -10.0800
-40.9800 22.0800 -10.3800
-41.4000 22.8000 -9.8400
-41.5800 23.2200 -9.7800
-41.0400 22.3800 -8.8200
-41.2800 22.2600 -8.9400
-41.1000 22.8000 -8.8800
-41.1600 22.6200 -8.9400
-41.5800 22.4400 -8.2800
-40.8000 21.7800 -7.6200
-39.8400 21.6000 -7.4400
-39.9000 22.2000 -8.5200
-40.1400 22.3800 -8.7000
~G162
-0.0297 -1.1798 0.2193
-0.0370 -1.0894 0.1875
-0.0156 -0.9037 0.0983
-0.0908 -0.6893 0.0806
-0.1763 -0.6154 0.1637
-0.2172 -0.5989 0.1613
-0.1305 -0.5696 0.0782
-0.0382 -0.5641 -0.0354
0.0314 -0.5586 -0.1155
0.0045 -0.5439 -0.0617
-0.0413 -0.5299 0.0617
-0.1335 -0.5519 0.1814
-0.1537 -0.6337 0.2651
-0.0431 -0.6093 0.2193
-0.0272 -0.4981 0.1723
-0.0181 -0.5573 0.2688
0.0064 -0.6001 0.4740
-0.0712 -0.6991 0.8173
-0.2178 -0.8664 1.1289
-0.3473 -1.0509 1.4215
-0.1787 -1.0668 1.5583
-0.0798 -0.9966 1.4691
-0.0621 -0.9984 1.4697
-0.0425 -0.9960 1.4716
-0.0297 -0.9978 1.4710
-0.0089 -0.9978 1.4722
0.0070 -1.0008 1.4722
0.0253 -1.0027 1.4728
0.0424 -1.0082 1.4740
0.0693 -1.0271 1.4728
0.0888 -1.0430 1.4734
0.1053 -1.0662 1.4722
0.1224 -1.0925 1.4710
0.1401 -1.1212 1.4691
0.1560 -1.1603 1.4679
0.1713 -1.2061 1.4655
0.1841 -1.2495 1.4636
0.1963 -1.3099 1.4618
0.2110 -1.3832 1.4581
0.2244 -1.4791 1.4551
0.2409 -1.5738 1.4520
0.2544 -1.6612 1.4453
0.2672 -1.7779 1.4392
0.2788 -1.9257 1.4337
0.2843 -2.0344 1.4282
0.2941 -2.1566 1.4233
0.2990 -2.3063 1.4160
0.3014 -2.4736 1.4068
0.2947 -2.6557 1.4013
0.2800 -2.8487 1.3946
0.2684 -3.0185 1.3842
0.2385 -3.3893 1.3677
0.2134 -3.5799 1.3592
0.1786 -3.8346 1.3415
0.1383 -4.0466 1.3286
0.0839 -4.2842 1.3054
-14.1284 -19.9670 -1.9878
-20.0123 -19.9670 0.3488
-13.8126 -9.7869 1.7489
1.1560 0.4994 -1.5357
1.0534 2.5709 -0.7862
0.7559 2.7236 -0.2425
0.5415 2.4206 0.1075
0.2672 1.2545 0.2132
0.0595 0.6607 0.1851
0.0357 0.7053 0.0507
-0.0059 0.1189 0.0128
-0.1189 -0.3900 -0.0171
-0.0077 -0.1676 -0.0104
0.0106 0.0773 -0.0171
-0.0016 -0.0619 0.0043
-0.0071 -0.0632 -0.0012
-0.0022 -0.0192 -0.0037
-0.0016 -0.0277 -0.0043
0.0003 -0.0290 -0.0049
-0.0004 -0.0296 -0.0031
-0.0010 -0.0222 -0.0043
-0.0022 -0.0186 -0.0031
-0.0010 -0.0198 -0.0012
-0.0010 -0.0167 -0.0025
-0.0010 -0.0155 -0.0012
-0.0016 -0.0143 -0.0037
-0.0016 -0.0167 -0.0000
0.0003 -0.0149 -0.0037
0.0009 -0.0161 0.0006
0.0033 -0.0131 -0.0012
0.0009 -0.0137 -0.0018
-0.0016 -0.0094 -0.0025
-0.0022 -0.0094 -0.0018
-0.0016 -0.0070 0.0012
-0.0022 -0.0100 0.0012
-0.0004 -0.0082 -0.0000
-0.0010 -0.0082 -0.0006
0.0015 -0.0094 -0.0018
0.0015 -0.0045 0.0006
0.0015 -0.0039 -0.0000
0.0015 -0.0070 -0.0018
-0.0010 -0.0045 0.0006
0.0015 -0.0039 -0.0006
0.0027 -0.0063 0.0018
-0.0004 -0.0076 -0.0018
0.0003 -0.0045 0.0030
-0.0004 -0.0063 0.0012
-0.0010 -0.0045 -0.0000
0.0003 -0.0082 -0.0018
-0.0010 -0.0021 0.0006
0.0009 -0.0033 -0.0018
0.0021 -0.0045 0.0012
0.0009 -0.0057 -0.0006
0.0003 -0.0039 0.0006
0.0003 -0.0027 0.0006
-0.0022 -0.0082 -0.0037
0.0015 -0.0027 -0.0012
0.0003 -0.0039 0.0018
-0.0004 -0.0045 -0.0012
0.0021 -0.0033 -0.0018
-0.0010 -0.0057 -0.0000
0.0015 -0.0021 -0.0037
0.0021 -0.0051 -0.0006
0.0009 -0.0021 0.0012
0.0015 -0.0021 -0.0012
-0.0016 -0.0063 -0.0006
-0.0004 -0.0063 0.0012
-0.0004 -0.0051 -0.0000
-0.0016 -0.0039 -0.0006
0.0015 -0.0039 -0.0000
0.0003 -0.0033 -0.0018
0.0033 -0.0027 -0.0006
-0.0004 -0.0045 0.0012
0.0003 -0.0027 0.0006
0.0027 -0.0045 -0.0025
0.0021 -0.0033 0.0006
0.0015 -0.0057 0.0006
-0.0028 -0.0057 -0.0018
-0.0254 -0.0210 -0.0153
-0.0260 -0.0228 -0.0153
-0.0468 -0.0528 -0.0220
-0.0553 -0.0326 -0.0275
-0.0022 0.2801 -0.0263
0.0033 0.0963 -0.0257
-0.0168 -0.0118 -0.0226
0.0027 -0.0497 -0.0275
0.0247 -0.0943 -0.0251
0.0271 -0.1682 -0.0134
0.0314 -0.1267 -0.0360
0.0308 -0.0870 -0.0434
0.0265 -0.0821 -0.0422
0.0137 -0.0253 -0.0709
-0.0877 -0.5781 -0.0666
-0.0792 -0.5231 -0.2205
-0.0590 -0.1554 -0.4551
0.0180 0.2044 -0.6121
0.0540 0.1958 -0.4698
0.0748 0.3235 -0.3366
0.1542 0.4176 -0.2993
0.2275 0.5007 -0.3225
0.2648 0.5996 -0.3543
0.3191 0.9564 -0.4643
0.3802 1.3156 -0.5235
0.3869 1.6515 -0.3971
0.3057 1.6644 -0.1741
0.1120 1.5679 0.0275
