D10
~A133
-1.9298 0.4094 9.1078
0.2011 1.0535 8.4685
1.1085 1.0200 8.8875
1.4964 0.8691 9.2491
1.1636 0.7183 9.6753
0.5818 0.5579 10.0105
-0.0694 0.2706 10.4941
-0.6465 0.0646 10.8724
-0.5986 0.0048 10.9370
0.0024 0.2251 10.6785
0.5579 0.5315 10.4319
0.9984 0.7877 10.2810
1.3384 0.8907 10.2834
1.6281 0.8572 10.0464
1.8292 0.8572 9.9027
1.4940 0.6991 9.9147
0.5650 0.4358 9.6274
-1.1062 -0.3017 8.2052
-1.8604 -0.7063 9.6322
-0.6201 -0.4142 10.4295
0.6321 0.0623 10.1972
1.1277 0.3544 10.3337
1.0463 0.6058 10.7048
1.0200 0.5076 11.1214
0.8548 0.4453 10.6449
-0.3424 -0.0383 9.8788
-0.7279 -0.7805 10.4510
0.1341 -0.6632 10.4342
0.9409 0.2275 9.7734
0.3208 0.0814 9.1557
0.3089 0.2562 10.2906
2.1979 1.1684 11.8301
1.8412 0.7159 11.8900
0.8667 -0.0670 10.5276
0.0048 -0.6488 9.1605
-1.3145 -0.8787 8.7104
-0.9026 0.2155 9.5699
0.1868 -0.6417 10.5492
-0.4621 0.0287 10.3504
-0.2586 0.3998 10.0583
0.5866 0.2227 10.7264
0.9601 0.1413 11.1980
-0.2945 -0.1556 10.4414
-1.2953 -0.6800 8.2052
-0.5962 -0.3496 7.7239
0.8643 -0.2562 10.4486
1.4557 1.1612 11.2459
1.2522 1.1900 10.5180
-0.3639 -0.6824 8.9498
-0.8835 -1.4078 8.4829
-0.8691 -0.7590 8.7056
-0.2849 0.4884 9.0360
0.0694 0.6824 8.3273
0.2059 0.1652 8.0807
1.6257 -0.1963 7.8987
0.4142 0.3735 7.4462
0.3496 0.6441 8.4662
0.8045 1.0583 9.1437
1.1205 0.9481 7.2451
0.2011 0.4789 6.2754
-0.0838 0.1293 4.8316
0.4884 0.6752 4.2259
0.1820 1.7766 4.1828
-0.1173 1.1062 4.4079
-1.7670 -0.6345 1.2618
-0.0431 -0.0742 0.0239
-0.0168 -0.0407 0.1293
-0.0239 -0.0503 0.1413
-0.0192 -0.0168 0.1676
-0.0335 -0.0551 0.1652
-0.0144 -0.0215 0.1915
-0.0263 -0.0383 0.2370
-0.0287 -0.0575 0.2706
-0.0215 -0.0575 0.2753
-0.0215 -0.0527 0.3041
-0.0192 -0.0527 0.3304
-0.0239 -0.0407 0.3567
-0.0215 -0.0287 0.3998
-0.0120 -0.0503 0.4190
-0.0144 -0.0311 0.4597
-0.0072 -0.0383 0.4812
-0.0120 -0.0335 0.5124
-0.0096 -0.0359 0.5100
-0.0024 -0.0431 0.5315
0.0144 -0.0072 0.5818
0.0096 -0.0263 0.6225
0.0048 -0.0239 0.6249
0.0096 -0.0168 0.6896
-0.0048 0.0072 0.7446
-0.0096 -0.0024 0.7662
-0.0048 -0.0120 0.7997
0.0120 -0.0215 0.8236
0.0000 -0.0120 0.8643
0.0000 0.0000 0.8955
0.0024 -0.0168 0.9433
0.0024 -0.0024 0.9649
-0.0144 -0.0024 1.0152
0.0000 -0.0072 1.0511
-0.0024 0.0024 1.1181
-0.0096 0.0144 1.2235
-0.0120 0.0048 1.7263
-76.8036 -59.5887 78.0127
2.3296 -29.7465 78.2066
30.2828 14.4471 26.0952
1.6975 1.1277 4.3217
2.0375 -0.2610 7.3648
3.5938 -0.3807 10.4941
3.0766 -1.2905 7.3624
2.7893 -1.5347 5.8827
2.7654 -1.8460 7.4175
2.8276 -0.4573 9.4287
2.2003 2.2793 9.4550
2.6098 1.4390 9.5627
2.8947 -0.4573 9.5340
3.0192 -0.7303 9.4143
2.8133 -0.2299 9.3951
2.6864 0.2203 9.5412
2.6241 0.3089 9.4885
2.6337 0.3041 9.4550
2.7414 0.0215 9.4909
2.7391 0.0503 9.5196
2.6864 0.1413 9.4909
2.6960 0.1317 9.5101
2.7151 0.0646 9.5005
2.7295 0.0694 9.5005
2.7175 0.1030 9.5101
2.7127 0.0886 9.4957
2.7271 0.0790 9.4933
2.7151 0.0838 9.5053
2.7319 0.0790 9.5101
2.7271 0.0766 9.5125
2.7031 0.0886 9.5029
2.7271 0.1006 9.4957
~M133
-9.1800 16.6200 -40.4400
-9.4800 16.9800 -39.9600
-9.4800 17.1000 -41.2200
-9.9000 16.9200 -41.2800
-9.8400 17.0400 -40.7400
-9.3600 17.4000 -40.1400
-9.6000 17.8200 -40.2600
-9.3000 18.3600 -40.1400
-8.8200 18.3000 -39.9000
-8.5200 18.2400 -40.3800
-8.4600 18.1200 -40.2000
-7.9200 18.7800 -39.5400
-8.3400 18.9600 -38.9400
-9.1800 18.6000 -39.3000
-8.8800 18.4200 -39.9600
-8.6400 18.1800 -40.8600
-8.4600 18.0600 -41.3400
-7.9800 17.5800 -41.2200
-7.6200 17.7000 -40.5000
-8.1000 18.1800 -40.3200
-8.2200 18.0600 -40.5600
-8.5200 17.7000 -40.5000
-9.0000 17.4000 -41.1000
-9.4800 17.6400 -41.4000
-9.7800 18.6000 -41.0400
-9.7800 18.4200 -40.4400
-9.6600 18.0000 -39.3000
-9.3600 17.8200 -38.8200
-9.3600 18.2400 -38.9400
-8.6400 17.9400 -38.8200
-9.3600 18.0600 -37.5000
-9.7800 19.2000 -36.9000
-9.7800 19.3800 -36.9600
-9.7200 19.5600 -38.5200
-9.1200 20.7000 -39.0000
-8.7000 21.3000 -39.5400
-7.0800 21.9600 -39.5400
-4.8600 22.6200 -39.0600
-3.1200 23.2200 -38.7000
-1.1400 23.7000 -38.5200
0.4200 24.2400 -38.6400
1.3800 24.7800 -38.6400
2.2200 24.9000 -38.5800
4.0800 26.2800 -37.2600
5.7000 27.3000 -36.0600
6.5400 27.7200 -35.5800
8.5800 28.3800 -34.7400
9.5400 28.5000 -35.4600
10.5000 29.2800 -34.5000
11.1000 30.2400 -34.0200
11.7600 30.4800 -32.8200
13.7400 30.0000 -32.5200
14.4000 30.0600 -32.0400
15.9000 31.3200 -31.9800
16.8000 31.4400 -31.5000
17.3400 31.6200 -31.5000
18.2400 31.9200 -31.5000
19.2000 32.3400 -30.9000
20.0400 32.5200 -30.3000
20.6400 32.2800 -30.1800
13.2600 28.8600 -32.5200
4.3200 25.2000 -34.9800
-11.7000 19.0800 -40.6800
-12.1800 18.3600 -41.2800
-9.5400 18.4800 -41.4600
-8.9400 18.5400 -41.8200
-8.4000 18.7200 -42.0000
-8.5800 18.7200 -42.3600
-8.8200 18.8400 -42.2400
-8.7000 19.2000 -42.1200
-7.6200 20.0400 -41.7600
-7.6800 19.7400 -41.6400
-7.7400 18.9600 -42.0000
-7.7400 18.6000 -41.7000
-8.5800 18.8400 -41.1000
-7.6200 19.0200 -40.9200
-7.4400 18.7800 -41.1000
-8.0400 19.0800 -42.0000
-8.0400 19.0800 -41.8800
-8.1000 19.1400 -42.3600
-8.2800 19.3800 -42.1200
-8.4000 19.2000 -41.5800
-8.4600 19.3800 -41.5800
-9.0000 19.6200 -42.0600
-9.1200 19.2000 -42.1200
-8.3400 19.3200 -41.3400
-7.8000 19.5600 -40.8600
-7.5000 19.3800 -40.5600
-7.2600 19.1400 -40.5000
-7.8600 19.2600 -40.9800
-8.5200 19.9200 -42.0000
-8.3400 19.8600 -42.1800
-7.8600 19.0800 -42.4200
-8.0400 19.0800 -42.1800
-8.4000 19.8000 -41.7600
-8.7000 19.5600 -42.0600
-8.3400 19.4400 -42.1800
-8.7600 19.7400 -42.3000
-8.3400 19.9200 -41.9400
-7.8600 19.7400 -41.8200
-8.2800 19.2000 -41.8200
-9.0000 18.6000 -42.1200
-8.4000 19.2600 -42.3000
-8.4000 19.4400 -42.6600
-8.7600 19.0800 -42.3600
-8.9400 19.3200 -42.0600
-8.7000 19.5000 -42.7200
-8.7600 19.5600 -42.5400
-8.7600 20.1600 -41.8800
-8.8200 19.9200 -42.0000
-8.7600 19.4400 -42.1200
-8.1600 19.8000 -42.2400
-8.0400 19.6200 -42.6000
-8.1600 19.3800 -42.6600
-7.5600 19.3800 -41.6400
-8.1600 19.3800 -41.5800
-8.9400 19.5600 -41.7000
-8.6400 19.8600 -41.8200
-8.2200 19.9800 -40.9800
-8.2800 19.4400 -41.2200
-8.4000 19.0800 -41.2200
-7.8000 19.6800 -41.7600
-7.5000 19.9800 -42.0600
-8.2800 19.5600 -42.5400
-8.7000 19.3800 -42.7800
-8.8200 18.7200 -42.3600
-8.3400 18.4800 -42.1200
-7.3800 18.9600 -41.7000
-8.4600 19.5600 -42.3000
-8.7000 20.0400 -42.0600
-8.5200 19.8600 -42.1800
-7.9200 19.9200 -42.3000
-7.6800 19.2000 -42.4800
~G133
-0.3828 -0.0381 0.3537
-0.2954 0.0969 0.2358
-0.1818 0.2130 0.1313
-0.0193 0.2447 0.0537
0.0192 0.2154 0.0195
-0.0504 0.1794 0.1930
0.0119 0.2050 0.3018
0.0406 0.2282 0.2407
-0.1268 0.2435 0.1680
-0.3186 0.2356 0.2773
-0.1610 0.1506 0.1503
0.2379 0.0138 -0.2511
0.5207 -0.0448 -0.4044
0.4535 0.0291 -0.3696
0.2299 0.1079 -0.2413
-0.0688 0.0871 -0.0086
-0.0193 0.1054 -0.0532
0.0925 0.1073 -0.0611
0.0943 0.0761 0.0177
0.0467 0.0462 0.1002
0.1426 0.0731 0.0574
0.2892 -0.0253 -0.0947
0.3045 -0.1975 -0.1417
0.0064 -0.3906 -0.0391
-0.2600 -0.3704 0.0605
-0.0456 -0.3173 -0.0012
0.1750 -0.1029 -0.1002
0.1090 -0.1456 -0.1295
-0.0718 -0.2562 -0.0104
-0.1812 -0.2904 0.0666
-0.1922 -0.3032 0.1093
-0.2404 -0.4529 0.1093
-0.2404 -0.5091 0.0996
-0.2013 -0.4785 -0.0513
-0.1769 -0.2440 -0.0104
-0.1928 0.2692 -0.0281
-0.0987 0.1629 -0.0293
-0.1366 -0.5152 -0.0641
-0.2294 -0.5091 -0.0000
-0.3754 -0.3564 0.0629
-0.4854 -0.1884 0.1014
-0.5440 -0.0613 0.1216
-0.4353 0.3119 0.2682
-0.5013 1.1787 0.5369
-0.6931 1.6344 0.6836
-0.7071 1.6344 0.6707
-0.7157 1.6363 0.6622
-0.7285 1.6418 0.6530
-0.7389 1.6491 0.6420
-0.7432 1.6558 0.6328
-0.7505 1.6625 0.6212
-0.7548 1.6662 0.6139
-0.7584 1.6613 0.6023
-0.7652 1.6607 0.5925
-0.7719 1.6473 0.5840
-0.7774 1.6265 0.5693
-0.7755 1.6033 0.5602
-0.7719 1.5813 0.5528
-0.7615 1.5226 0.5382
-0.7560 1.4805 0.5278
-0.7523 1.4481 0.5192
-0.7487 1.3895 0.5125
-0.7432 1.3461 0.5052
-0.7383 1.2924 0.4966
-0.7285 1.2313 0.4893
-0.7193 1.1671 0.4826
-0.7041 1.0877 0.4765
-0.6949 1.0254 0.4697
-0.6790 0.9454 0.4655
-0.6595 0.8531 0.4612
-0.6430 0.7762 0.4569
-0.6259 0.6729 0.4551
-0.6100 0.5789 0.4551
-0.5953 0.4952 0.4533
-0.5782 0.4097 0.4490
-0.5501 0.2582 0.4484
-0.5324 0.1360 0.4484
-0.5068 -0.0009 0.4496
-0.4799 -0.1493 0.4526
-0.4402 -0.3393 0.4514
13.8590 -19.9670 2.8283
10.2219 -19.9670 -1.8405
3.1114 -1.0528 0.5455
-1.3290 3.7816 0.1063
-0.5422 3.0651 -0.1265
0.2434 1.1555 -0.4288
-0.0205 0.4347 -0.4191
-0.4591 0.4011 -0.2834
-0.4011 0.3980 -0.1539
-0.0987 0.1934 -0.0629
0.0913 0.1677 0.0238
0.0198 0.0358 -0.0043
-0.0309 -0.0222 -0.0086
-0.0156 -0.0027 -0.0012
-0.0248 -0.0027 0.0049
-0.0205 -0.0021 -0.0025
-0.0162 -0.0027 -0.0012
-0.0101 -0.0045 -0.0012
-0.0138 -0.0063 0.0024
-0.0107 -0.0045 0.0037
-0.0095 -0.0039 0.0024
-0.0095 -0.0076 0.0012
-0.0089 -0.0070 -0.0006
-0.0083 -0.0033 -0.0000
-0.0065 -0.0045 -0.0012
-0.0077 -0.0039 -0.0012
-0.0059 -0.0027 -0.0012
-0.0059 -0.0045 -0.0000
-0.0046 -0.0039 -0.0000
-0.0046 -0.0021 0.0006
-0.0065 -0.0033 0.0012
-0.0065 -0.0015 -0.0006
-0.0046 -0.0033 -0.0006
-0.0022 -0.0009 -0.0000
-0.0028 -0.0039 -0.0000
-0.0040 -0.0009 0.0012
-0.0022 -0.0045 -0.0043
-0.0010 0.0028 0.0024
-0.0052 0.0022 0.0030
-0.0034 0.0004 0.0024
-0.0046 0.0010 0.0037
-0.0052 0.0010 0.0012
-0.0083 0.0016 0.0030
-0.0083 -0.0009 0.0018
-0.0065 0.0028 -0.0006
0.0039 0.0065 -0.0000
0.0039 -0.0009 0.0012
-0.0010 0.0028 0.0024
-0.0034 0.0065 0.0030
-0.0022 0.0034 0.0024
-0.0034 0.0040 0.0018
-0.0034 0.0028 0.0030
-0.0034 -0.0045 -0.0006
