D10
~A106
0.2753 0.7279 9.4191
0.5603 0.8021 9.5963
0.6632 0.7542 10.0368
0.7279 0.5172 10.1996
0.9074 0.4789 10.1876
0.6512 0.3759 10.0919
0.6488 0.3304 9.9410
0.6369 0.4118 9.9315
0.4669 0.5100 9.8788
0.4860 0.7015 9.7686
0.4022 0.7183 9.8285
0.4405 0.6153 9.8836
0.4932 0.6680 9.8069
0.4046 0.6465 9.6681
0.4166 0.5818 9.5292
0.3855 0.5483 9.5819
0.4046 0.5794 9.5675
0.4429 0.6417 9.7375
0.4693 0.6441 9.8740
0.5459 0.5052 9.8692
0.6201 0.3137 9.7088
0.5650 0.3927 9.6106
0.4525 0.5507 9.6130
0.4358 0.6465 9.7399
0.5435 0.5746 9.8237
0.5986 0.5603 9.8333
0.4190 0.5627 9.7232
0.5004 0.5004 9.7543
0.6058 0.5124 9.9410
0.6249 0.5411 10.2643
0.5291 0.3567 10.2188
0.3591 0.2011 9.6393
0.2897 0.2706 9.1461
0.1772 0.5363 9.0312
0.2658 0.8356 9.0504
0.3137 1.0319 8.4733
0.1939 1.1995 7.7048
-0.0862 0.7422 7.0248
-2.1477 0.5028 6.1509
-2.2458 0.1461 3.8596
-1.4749 0.0431 1.6832
-0.2203 0.0263 -0.1197
-0.0838 -0.0048 0.1173
-0.0527 -0.0168 0.1173
-0.0670 -0.0096 0.1221
-0.0694 0.0000 0.1580
-0.0862 0.0024 0.1844
-0.0503 -0.0144 0.1891
-0.0766 -0.0287 0.2322
-0.0575 -0.0192 0.2753
-0.0527 -0.0096 0.3089
-0.0718 -0.0072 0.3400
-0.0599 -0.0120 0.3544
-0.0599 -0.0144 0.3591
-0.0670 -0.0144 0.3998
-0.0742 0.0000 0.4070
-0.0551 -0.0024 0.4405
-0.0575 -0.0192 0.4477
-0.0599 0.0048 0.4860
-0.0670 -0.0048 0.5267
-0.0599 -0.0048 0.5363
-0.0503 -0.0024 0.5483
-0.0407 -0.0120 0.5818
-0.0623 0.0048 0.6034
-0.0503 0.0024 0.6105
-0.0623 -0.0096 0.6081
-0.0287 0.0096 0.6393
-0.0359 -0.0072 0.6512
-0.0335 0.0048 0.6967
-0.0479 -0.0024 0.6872
-0.0239 -0.0048 0.7135
-0.0383 0.0000 0.7662
-0.0192 0.0096 0.8260
-0.0072 -0.0024 0.8619
-0.0311 -0.0048 0.8979
-0.0407 -0.0024 0.9601
-3.4645 -0.8284 6.4933
-78.1156 -23.2963 78.1036
14.1358 -7.2307 75.3766
15.1007 2.4350 1.7143
5.4566 0.6584 -0.4166
4.7790 -0.2322 1.3336
5.9761 -0.3352 2.5954
8.3464 -2.0303 11.3920
2.7414 -3.6752 11.9570
-1.1780 -1.0415 8.9091
-0.8164 0.7494 10.4726
1.4366 0.5363 9.9099
1.9442 0.1101 9.2227
2.7295 0.8979 8.1621
2.8923 0.6225 8.1836
1.7670 -0.5603 9.4646
0.6034 -0.6872 10.3959
0.7949 -0.2945 10.2092
1.8819 0.0479 9.5388
1.9274 -0.0838 9.5005
1.5706 -0.2514 9.6872
1.4030 -0.2394 9.7830
1.5491 -0.1293 9.7686
1.6281 -0.1628 9.7303
1.5994 -0.2131 9.7375
1.5754 -0.2179 9.7447
1.5587 -0.2059 9.7639
1.5467 -0.1987 9.7734
1.5922 -0.1772 9.7495
1.5754 -0.2155 9.7351
~M106
-9.1800 15.3000 -40.5600
-8.5200 14.8800 -39.9000
-8.7000 15.1200 -39.3000
-9.5400 15.1200 -40.0200
-9.7200 15.6000 -41.1600
-9.4200 15.9000 -40.9800
-9.7800 15.9600 -41.1600
-9.4800 16.3800 -41.1600
-8.6400 16.5000 -40.8600
-8.5800 16.8000 -41.1000
-8.7600 16.3800 -41.2800
-9.5400 16.3800 -41.2800
-9.0600 16.5000 -41.5200
-8.8200 16.3800 -40.7400
-9.7800 16.3800 -40.3800
-9.3600 16.3200 -40.5000
-8.4600 16.7400 -40.9200
-8.8800 17.2200 -41.5800
-8.4600 17.3400 -41.5200
-5.8800 17.0400 -41.1600
-4.3800 16.8000 -41.1600
-2.2800 17.2200 -41.3400
-1.6200 17.8200 -41.5200
1.3800 18.9600 -41.1600
5.5800 18.9000 -40.9200
7.2600 19.2600 -40.8000
10.2000 20.1000 -40.6800
12.3600 20.5800 -39.6000
13.8000 20.5800 -39.1200
16.0200 21.1800 -38.2800
17.0400 20.7600 -37.6800
19.6200 20.8800 -35.8200
20.5800 20.9400 -35.1000
22.0200 21.8400 -33.7200
23.7000 22.2000 -32.1600
24.7200 22.2600 -31.3800
27.1800 23.2800 -30.1800
27.9600 23.7600 -29.7600
29.0400 23.4000 -29.2800
29.5200 23.7000 -28.5000
31.9800 23.7000 -26.2200
33.4800 24.3600 -24.6600
33.6000 24.5400 -24.4800
36.1200 24.3600 -21.7200
38.4600 24.6000 -19.0800
37.7400 24.4800 -19.0800
30.2400 23.2800 -23.6400
18.6000 21.7200 -28.3200
-5.7600 19.5000 -36.9000
-10.2000 19.5600 -36.6000
-8.1600 20.5200 -36.9600
-4.3200 20.7600 -38.3400
-2.8200 20.7000 -38.8800
-1.5600 21.0600 -38.5200
-0.5400 20.9400 -38.5800
-0.9600 21.3000 -39.9000
-2.7600 22.2600 -41.5800
-3.0600 22.2600 -41.1000
-2.3400 21.7800 -40.5600
-1.3800 21.3000 -38.4000
-2.1000 21.3000 -38.5800
-1.5600 20.9400 -38.4000
-1.5600 21.1800 -38.4000
-1.3200 21.0000 -38.2800
-1.1400 20.7000 -38.2800
-1.1400 21.3000 -38.6400
-1.0800 21.4200 -38.2800
-1.4400 20.8200 -38.1600
-1.8000 20.7600 -38.3400
-2.4000 21.4200 -38.8800
-3.4800 22.3200 -40.5600
-4.1400 22.0200 -41.7000
-4.6200 21.8400 -41.9400
-4.7400 22.0200 -42.5400
-4.6800 22.2000 -42.1800
-4.6200 22.2000 -41.6400
-4.2600 22.6200 -41.7000
-4.0200 22.7400 -42.0000
-4.4400 22.0800 -41.6400
-4.5000 22.2000 -41.4000
-3.8400 21.9600 -41.1000
-3.3600 22.6800 -41.1000
-3.8400 22.4400 -41.2800
-4.4400 22.3800 -41.9400
-4.0800 22.2600 -41.7000
-3.6000 22.4400 -41.4600
-3.4800 22.7400 -41.1600
-3.9000 22.8000 -40.9200
-4.3200 22.7400 -41.4600
-4.4400 22.4400 -41.9400
-4.2600 22.3200 -42.4800
-4.2600 22.0800 -42.5400
-3.8400 21.8400 -42.4800
-3.4800 21.9600 -41.7000
-3.8400 21.9600 -41.6400
-4.5600 21.7200 -42.6600
-5.2800 21.5400 -42.8400
-5.1000 21.9600 -42.1800
-4.8600 22.1400 -42.4200
-4.7400 22.0800 -41.7600
-4.5000 21.7200 -42.4200
-4.3800 21.5400 -42.5400
-4.0800 21.9000 -42.2400
-4.2000 22.3200 -42.3000
-3.7800 22.4400 -42.1200
-4.2600 21.9000 -42.3000
~G106
-0.0804 -0.0045 -0.0037
-0.0956 -0.0070 -0.0147
-0.0865 0.0108 -0.0232
-0.0590 0.0737 -0.0312
-0.0315 0.1103 -0.0373
-0.0272 0.0914 -0.0360
-0.0590 0.0242 -0.0165
-0.1091 0.0199 0.0202
-0.0956 0.0272 0.0281
-0.0346 0.0193 0.0147
0.0369 -0.0118 -0.0214
0.0394 -0.0699 -0.0501
-0.0303 -0.0430 -0.0385
-0.1244 0.0126 0.0012
-0.1677 0.0101 0.0287
-0.2502 -0.0784 0.0641
-0.3339 -0.2006 0.0910
-0.2135 -0.2049 0.0525
0.0595 0.0902 0.0495
0.2348 1.1030 0.0935
-0.0004 1.9600 0.1588
-0.3107 2.8232 0.3787
-0.3229 2.8244 0.3726
-0.3278 2.8250 0.3690
-0.3461 2.8220 0.3549
-0.3620 2.8287 0.3439
-0.3730 2.8232 0.3311
-0.3858 2.8226 0.3250
-0.4121 2.7914 0.2889
-0.4237 2.7755 0.2804
-0.4267 2.7450 0.2663
-0.4359 2.7120 0.2559
-0.4402 2.6796 0.2450
-0.4426 2.6472 0.2364
-0.4469 2.6082 0.2266
-0.4506 2.5636 0.2181
-0.4512 2.5141 0.2077
-0.4518 2.4634 0.1955
-0.4512 2.4163 0.1869
-0.4524 2.3534 0.1771
-0.4530 2.2789 0.1686
-0.4524 2.1873 0.1576
-0.4512 2.0950 0.1478
-0.4518 2.0003 0.1435
-0.4512 1.8953 0.1344
-0.4487 1.7994 0.1301
-0.4469 1.6137 0.1197
-0.4457 1.4762 0.1148
-0.4451 1.3162 0.1051
-0.4438 1.1671 0.1026
-0.4445 1.0065 0.0953
-0.4457 0.8336 0.0928
-0.4445 0.6925 0.0886
-0.4432 0.5074 0.0880
-0.4377 0.3003 0.0812
-0.4377 0.0828 0.0831
-0.5116 -0.3106 -0.0079
3.1102 -19.9670 0.3873
3.8169 -19.9670 -1.4630
-0.0956 -0.1139 0.0544
-0.2361 4.1292 0.5046
0.2642 5.0260 0.5473
0.1805 4.5489 0.4056
-0.6857 3.0516 0.2144
-0.4536 1.3638 -0.1032
-0.0388 1.2129 -0.0782
0.1799 0.8873 0.1099
0.1469 0.4891 0.1387
-0.0205 0.3168 0.0556
-0.0162 0.0596 0.0116
-0.0236 -0.2996 -0.0269
-0.0327 -0.2770 -0.0104
-0.0327 -0.0729 -0.0110
-0.0193 -0.0155 -0.0012
-0.0065 -0.0674 -0.0000
-0.0089 -0.0552 -0.0006
-0.0052 -0.0363 -0.0006
-0.0065 -0.0375 -0.0000
-0.0065 -0.0375 0.0006
-0.0046 -0.0265 -0.0018
-0.0077 -0.0277 0.0012
-0.0022 -0.0314 -0.0012
-0.0059 -0.0265 -0.0006
-0.0004 -0.0198 -0.0025
-0.0004 -0.0186 0.0012
0.0009 -0.0143 0.0024
0.0027 -0.0118 0.0018
0.0009 -0.0143 0.0030
-0.0022 -0.0173 0.0006
-0.0034 -0.0137 -0.0018
-0.0040 -0.0155 -0.0006
-0.0016 -0.0118 -0.0006
0.0003 -0.0063 0.0012
0.0003 -0.0125 -0.0000
-0.0022 -0.0149 -0.0006
-0.0052 -0.0100 0.0018
-0.0040 -0.0082 0.0006
0.0009 -0.0063 -0.0006
0.0021 -0.0106 -0.0012
-0.0028 -0.0070 0.0012
-0.0010 -0.0100 -0.0000
-0.0016 -0.0106 -0.0018
-0.0016 -0.0137 -0.0018
-0.0022 -0.0100 -0.0043
-0.0034 -0.0106 -0.0006
-0.0004 -0.0088 -0.0031
