D10
~A74
2.5523 2.1189 9.1294
3.4382 -8.6625 -0.2562
3.4885 -8.8014 0.0814
3.5747 -8.9067 0.4190
3.6058 -9.0049 0.5172
3.5675 -9.1605 0.2418
3.5339 -9.3496 -0.2849
3.4310 -9.4789 -1.2857
3.5148 -9.6250 -1.8556
3.5028 -9.7950 -2.2650
3.2730 -9.5460 -2.3703
2.9569 -9.4789 -1.9489
3.1341 -9.6010 -1.1181
1.9944 -7.2355 -0.0048
2.4326 -7.1732 -1.8436
3.6177 -2.6912 1.2426
3.6561 -2.8923 1.6856
3.3616 -3.2658 1.9896
2.8923 -3.7279 2.2793
1.9825 -4.1014 2.8013
1.0583 -4.1636 3.6154
0.1724 -4.3432 4.4797
1.3576 -7.0487 9.0049
3.7470 -10.0129 11.7679
4.9154 -18.0433 20.9595
21.1175 -60.7547 27.0002
39.2015 -67.9782 22.6618
14.1310 -20.5477 19.6091
-5.9234 7.1637 7.7622
-10.2882 6.1413 0.5698
-11.1956 -0.3304 -68.1267
-6.2060 -5.1190 -1.1947
12.4335 -14.9451 24.4575
20.9284 -30.2732 -16.2092
11.4183 -40.2334 17.4662
12.0528 -12.9363 6.5579
8.5356 -1.0894 27.1104
9.1437 -10.8030 18.1558
5.5595 -11.6745 5.6888
5.0663 -4.5443 9.4263
6.8333 -2.8205 12.2012
6.1724 -3.1676 6.6369
5.5499 -0.9074 7.9370
4.6210 0.2801 7.3911
4.0774 0.1006 5.5595
3.8308 -0.7231 5.6505
4.6018 -0.4262 5.4542
5.6170 -0.2227 6.1724
5.0543 -1.2474 6.1940
4.4869 -0.9457 6.3951
3.1652 0.5459 7.1373
2.6337 1.5970 8.0400
3.6010 2.0208 9.0719
4.7263 3.4502 9.7686
4.9154 4.1612 11.0855
4.7000 4.6210 12.0504
5.4039 4.5156 12.9243
5.3105 3.7231 13.7886
4.0535 4.0894 13.9203
3.7470 4.0415 13.5803
3.4262 3.9146 13.3170
2.4637 3.7758 12.8405
1.6975 3.8931 12.2659
1.2378 3.7518 11.4877
1.1995 3.1126 10.2595
2.2674 0.4142 8.9402
2.1788 0.3807 8.9522
2.1764 0.4214 9.0336
2.2674 0.4597 9.0336
2.3799 0.5052 9.2611
2.4015 0.6919 9.3520
2.5475 0.9386 9.4215
2.6553 1.0415 9.5651
2.8588 1.2450 9.7064
~M74
13.3200 49.9800 -5.1600
13.0200 49.9800 -5.5200
13.2000 50.2800 -6.3600
13.5600 49.8000 -7.0200
13.5600 49.5000 -7.6200
13.8600 49.3800 -8.0400
13.5000 50.0400 -8.5800
12.7200 49.9200 -8.6400
12.6600 50.2800 -9.7800
13.2000 50.2200 -10.6800
12.6000 49.9800 -11.3400
12.4200 50.2800 -11.7600
12.2400 50.1600 -12.0000
12.3600 49.9800 -12.2400
10.5600 49.6800 -13.0200
9.6600 49.0800 -14.5200
4.5600 50.7600 -9.0600
4.9200 50.9400 -9.0600
4.5000 51.1200 -8.7600
4.5000 51.1800 -8.1000
4.5600 51.0000 -8.8200
5.5200 50.5800 -11.1600
5.8800 49.9200 -13.6200
8.1000 46.8600 -18.7200
13.1400 39.7800 -22.2600
16.3200 36.6600 -23.1000
19.5000 34.2000 -25.0200
19.7400 34.4400 -26.2200
19.6800 34.2600 -27.6600
19.7400 34.2600 -28.2000
20.1000 34.2000 -27.3000
22.0800 34.9200 -24.0600
21.0600 34.2600 -24.1800
17.7000 33.2400 -25.1400
16.5600 32.7600 -25.1400
14.7000 31.3200 -25.9800
13.6800 30.4800 -26.5800
12.4800 27.9600 -27.7200
12.1200 25.0800 -29.5200
11.8800 23.4000 -29.9400
12.3000 19.2600 -30.0000
13.5600 15.9000 -29.7000
14.1600 12.6000 -30.7800
14.2200 11.3400 -31.3800
14.6400 9.7800 -31.9200
16.2600 7.8000 -33.0600
17.1000 6.1800 -33.2400
19.3800 3.8400 -33.9000
21.3000 2.0400 -34.6800
24.0000 0.7200 -34.6200
26.8800 -0.3000 -34.5600
28.9200 -1.2000 -34.6200
31.0800 -1.0200 -34.6800
30.6600 5.0400 -36.0000
29.9400 5.2800 -36.9000
29.9400 5.2800 -37.0200
29.8200 4.8000 -36.6000
29.9400 4.6800 -36.9000
29.5200 4.4400 -37.3200
28.5600 3.6000 -38.0400
28.2600 3.2400 -38.2200
27.5400 3.7200 -38.1000
27.1200 3.3000 -37.8000
26.7600 2.6400 -37.9200
26.7000 2.8800 -38.0400
26.1600 3.5400 -38.1600
25.7400 3.6600 -38.5200
25.6200 3.6600 -38.6400
26.4600 2.8800 -37.5600
27.9000 1.8000 -35.9400
29.0400 1.6200 -35.4000
29.2200 1.0800 -35.5800
28.9200 1.4400 -35.1000
28.4400 1.9200 -34.6200
~G74
0.3981 0.3562 -0.1764
0.3847 0.3427 -0.1862
0.4440 0.3672 -0.1948
0.5753 0.3812 -0.1954
0.7775 0.3440 -0.2131
0.9253 0.3238 -0.2070
0.8887 0.3214 -0.1954
0.7598 0.3171 -0.2155
0.5686 0.2878 -0.3004
0.4446 0.1589 -0.2772
0.4238 0.0941 -0.2565
0.2473 -0.2761 -0.1654
0.1233 -0.1918 -0.1422
-0.1736 -0.0592 -0.1453
-1.5047 0.8687 -0.1257
-1.2860 0.5926 -0.2381
-1.0905 0.3342 -0.3860
-0.9439 0.1558 -0.4990
-0.7533 0.0862 -0.6248
-0.3099 0.7019 -0.7293
0.1904 1.6854 -0.6718
1.0744 3.0153 -0.6358
2.0426 3.5425 -0.9583
3.5600 3.9823 -1.3414
6.3211 7.0281 -0.2473
7.2600 7.2046 -1.5051
8.2215 8.4819 -2.8233
8.5801 9.7232 -2.5625
7.3828 8.0060 -1.5411
-2.8688 -5.8197 -0.3230
-5.2731 -8.2179 0.2096
1.5783 4.1326 -0.8038
1.2558 1.7606 -3.0762
5.8147 -0.1350 -3.0011
3.0035 2.3012 -1.6059
0.5173 -0.5577 -0.3798
0.7757 -1.8863 -0.2186
3.2930 0.4741 -1.0976
3.1366 0.5248 -1.2363
3.0365 -0.0910 -1.1746
3.3718 -0.0250 -1.3627
3.5716 0.3660 -1.4421
3.5380 0.2291 -1.4544
3.5386 0.3666 -1.4794
3.5123 0.5303 -1.4794
3.4005 0.7355 -1.4562
3.2613 0.9072 -1.3725
3.0841 0.9707 -1.1770
2.9766 1.1356 -1.0671
2.8520 1.2389 -1.0420
2.6394 1.4631 -0.9822
2.5050 1.7508 -0.9510
2.2625 1.9750 -0.8496
2.0615 2.0623 -0.7445
1.7756 2.1393 -0.5784
1.4873 2.1326 -0.4043
1.2130 1.9939 -0.2839
0.9162 1.7740 -0.1789
0.6969 1.6237 -0.1117
0.4507 1.4680 -0.0451
0.2503 1.3427 -0.0060
0.0035 1.1967 0.0264
-0.1687 1.1106 0.0484
-0.3257 1.0068 0.0893
0.3401 -0.2425 -0.0958
0.3810 -0.2596 -0.1013
0.4354 -0.2816 -0.1080
0.4653 -0.3066 -0.1068
0.4666 -0.3237 -0.1123
0.4776 -0.3451 -0.1178
0.4769 -0.3610 -0.1208
0.4287 -0.3824 -0.1184
0.3761 -0.3836 -0.1092
0.3041 -0.3707 -0.1037
