D10
~A90
1.8819 1.3528 10.2283
2.8803 -9.1366 -0.2059
2.9641 -8.9594 -0.2729
3.1197 -8.7319 -0.1197
3.3352 -8.5524 0.2227
3.5603 -8.6625 0.3256
3.5866 -8.7511 0.5172
3.8548 -9.1940 0.3472
3.3735 -8.3991 -0.3927
3.3424 -8.5643 -1.3623
3.2945 -8.8037 -1.4773
3.2371 -8.8995 -1.4701
3.4454 -9.1174 -1.5036
3.0192 -7.9825 -1.4222
3.6752 -10.0895 -0.8308
3.2395 -9.7255 -0.7686
3.2586 -9.4574 -0.8883
3.3041 -9.5125 -0.7350
3.4932 -9.3688 -0.8859
3.1197 -8.4781 -1.1540
2.8133 -8.9330 -0.6488
2.3631 -9.6561 0.1293
1.4390 -10.8413 0.8356
0.6967 -11.0328 0.6201
0.9673 -10.2571 -0.2753
2.3488 -9.7830 -1.1469
2.9186 -9.5843 -1.0870
1.7694 -9.0743 -0.6321
1.0415 -8.0041 -0.5507
2.0950 -7.7982 -0.5770
2.7965 -7.7096 -0.5076
3.1724 -7.5683 -0.5770
3.3759 -7.4079 -0.8787
3.4645 -7.3792 -1.1612
3.3568 -7.3289 -1.1062
3.1173 -7.3073 -1.0104
2.4134 -4.0870 2.1668
1.0750 -4.7215 2.2530
-0.5722 -5.3488 2.4637
-2.2554 -5.4996 3.0216
-3.7806 -5.2147 3.3735
-5.6218 -5.2387 4.1589
-5.4087 -7.6090 6.2107
-3.6656 -11.4542 9.1078
-1.5252 -15.2779 14.2292
0.1437 -17.2891 18.6658
7.7191 -29.1958 21.5269
36.1009 -57.8577 19.2907
46.2813 -63.1825 14.2004
14.9977 -23.2652 7.3600
-20.9882 10.1398 -27.7113
-13.5779 4.6640 -19.3745
29.4041 -22.2189 26.5788
16.5229 -24.5820 2.4517
12.9626 -5.5284 7.0104
5.8923 -6.7231 22.5014
8.4015 -10.3074 8.2291
7.6449 -6.5268 10.9107
8.1621 -3.7830 13.1565
8.1429 -2.4829 10.5061
7.7335 -1.2187 10.0655
7.3073 -0.2682 9.5915
6.7064 0.3879 10.0775
6.5651 0.5555 8.7750
6.8333 -0.5579 8.8780
7.9825 -0.0096 7.2355
7.4270 -0.3831 7.8652
5.3488 0.1030 7.1397
4.4941 0.4334 7.5827
3.3664 -0.1796 7.5061
3.0695 1.0607 8.4757
2.7223 2.5619 9.5843
2.9090 3.3664 11.0041
3.0838 3.9290 11.5787
3.7303 4.3719 12.4215
3.7303 4.3121 12.7902
3.3113 4.1804 12.8716
3.1748 3.6201 12.9746
3.1580 3.5100 13.0871
2.0806 3.9170 12.6897
1.0678 4.2187 11.7894
0.8164 4.0176 11.2603
0.0215 3.9434 10.6138
-0.2801 3.5363 9.8117
-0.1341 3.2179 8.8421
-0.0646 2.8971 8.0615
-0.3160 2.5547 7.7646
0.1149 2.3392 7.3648
0.4789 1.9968 7.0535
0.5196 1.9011 6.9961
~M90
14.6400 49.7400 -5.3400
15.0000 49.5600 -5.4600
14.7600 49.5600 -5.8200
14.8200 49.6800 -5.7000
15.0600 50.1000 -5.5200
14.8200 49.9200 -6.0000
14.5800 49.2600 -6.9600
14.2200 49.2600 -7.4400
14.1000 49.8600 -7.7400
14.2800 50.1600 -8.4000
14.0400 49.8000 -9.1800
13.6200 49.9800 -8.8200
13.4400 50.2200 -8.8200
13.3200 50.5200 -9.0000
13.5000 49.9800 -8.8800
13.6800 50.0400 -8.8800
13.0800 49.5600 -9.5400
13.0800 49.7400 -10.3200
12.8400 49.8000 -10.6800
12.4200 49.2600 -11.1600
13.5000 48.7200 -10.2600
14.2200 48.3600 -9.3000
13.5600 47.6400 -9.6000
13.5000 47.4600 -9.9000
13.3200 47.7000 -10.3200
13.1400 48.0600 -10.8000
12.6600 48.2400 -10.8000
13.0800 48.2400 -10.8000
13.3800 48.7800 -11.2800
3.8400 51.6600 -7.7400
3.9600 51.5400 -7.8600
4.5600 51.7800 -8.4000
4.0800 52.6200 -9.4200
3.1800 52.2600 -9.9600
4.2000 51.7200 -12.2400
7.2600 52.3800 -16.2600
9.8400 51.7200 -19.2000
12.4800 50.7000 -21.7200
14.8200 48.6000 -24.4200
15.5400 45.5400 -24.9000
12.0600 43.9200 -23.9400
11.9400 43.8600 -22.8600
12.5400 44.6400 -23.1000
11.7600 44.4000 -24.3000
11.1600 43.6200 -25.0800
11.2200 42.7800 -25.6200
10.6800 42.4200 -26.2800
8.5200 40.8600 -27.9600
7.0200 38.4000 -29.7600
7.4400 35.7000 -31.5000
7.9800 33.0000 -33.6000
7.0800 31.3200 -37.3200
6.6600 29.4000 -41.0400
8.2800 26.2200 -42.7800
10.6800 23.2800 -43.6800
12.8400 20.3400 -45.0600
16.1400 17.8200 -46.3200
19.8600 16.2000 -46.1400
21.6000 15.9000 -46.4400
24.9600 14.7000 -46.3200
27.4800 14.1600 -44.9400
29.2200 13.6800 -42.9000
31.2000 13.4400 -42.0600
32.4000 12.8400 -42.2400
32.9400 12.3600 -41.8200
33.0600 12.1200 -42.0600
33.8400 12.9600 -42.1800
34.2000 13.0200 -42.4800
34.2600 13.3800 -41.6400
34.3200 13.2600 -39.6600
35.2200 13.3200 -38.4000
36.0600 13.5600 -37.8600
36.2400 14.5200 -37.5600
36.1200 15.0000 -38.0400
35.7600 15.3600 -38.1000
35.6400 15.0600 -37.6800
35.1000 15.4800 -37.5000
27.2400 15.1200 -45.2400
27.3600 15.0600 -45.2400
27.9000 15.4800 -44.8200
27.6000 14.7000 -45.5400
27.2400 14.5800 -46.4400
28.2600 14.2800 -44.8200
29.7000 13.3800 -42.7200
30.1200 13.0800 -41.8800
30.9000 13.7400 -41.5200
30.6600 14.4000 -41.8800
30.4800 14.4600 -41.9400
30.0600 13.9200 -41.5200
30.2400 13.7400 -41.2200
~G90
0.3474 0.1998 -0.1098
0.3279 0.1803 -0.1080
0.2815 0.1931 -0.1025
0.3016 0.2212 -0.1141
0.3535 0.2627 -0.1453
0.4604 0.3379 -0.1728
0.5771 0.3818 -0.1972
0.7091 0.4411 -0.2607
0.6859 0.6146 -0.2632
0.5930 0.6836 -0.2748
0.5319 0.5480 -0.2528
0.5032 0.3476 -0.2277
0.4550 0.0666 -0.2241
0.3963 0.0068 -0.2705
0.3688 -0.1007 -0.2320
0.3981 -0.2504 -0.1862
0.4360 -0.3567 -0.1483
0.5008 -0.5888 -0.1245
0.5912 -0.8625 -0.1141
0.5521 -0.6872 -0.3175
0.5454 -0.4954 -0.4226
0.7036 -0.2461 -0.6169
0.9241 -0.2333 -0.7006
0.6816 -0.7867 -0.5430
0.3694 -0.8594 -0.2155
0.3462 0.0532 -0.1037
0.4018 0.8693 -0.2791
0.3151 1.2199 -0.5668
0.1636 1.1424 -0.3065
0.1410 1.2035 -0.1777
0.1898 1.3061 -0.2192
0.1856 1.2316 -0.2772
0.1477 1.2016 -0.3346
0.1092 1.3061 -0.4067
0.0017 1.2755 -0.4984
-0.1999 1.0123 -0.5784
-0.6605 -0.0403 -0.6028
-0.5395 -0.3848 -0.6419
-0.4003 -0.6078 -0.6865
-0.3068 -0.6249 -0.6920
-0.1718 -0.4526 -0.6010
-0.0172 -0.1056 -0.1398
0.0713 0.0947 0.2396
0.3933 0.4185 0.5878
0.6926 0.3837 0.3758
1.3218 -0.1802 -0.9144
2.3590 0.2743 -2.1569
3.0633 0.9695 -3.1226
4.3529 4.0452 -7.3193
6.0774 8.5473 -8.9368
4.7719 9.6432 -6.0982
-3.5316 6.2016 -1.1587
4.5374 7.0849 -2.5869
5.9057 1.0819 -2.8025
2.8208 5.0073 -1.3151
1.1074 1.5016 -0.3811
2.0750 -0.5821 -0.6315
2.6058 1.5028 -1.0659
2.7714 0.9322 -1.2253
2.8214 0.8058 -1.2253
3.0145 0.9585 -1.2882
3.0866 0.9903 -1.2882
3.1666 0.9481 -1.3371
3.1806 1.0116 -1.3041
3.2582 1.1515 -1.4379
3.2209 1.4026 -1.3786
3.1959 1.6072 -1.3517
3.0957 1.7300 -1.2509
2.9552 1.8479 -1.1001
2.7384 2.0990 -1.0720
2.5105 2.2920 -1.0396
2.2167 2.5651 -0.9137
1.9797 2.7190 -0.8288
1.7714 2.7746 -0.7342
1.5362 2.7135 -0.5631
1.3890 2.6213 -0.4623
1.1703 2.4496 -0.3304
1.0005 2.3018 -0.2430
0.8563 2.1650 -0.1825
0.6309 1.9041 -0.1337
0.4794 1.7300 -0.1105
0.3022 1.5785 -0.0671
0.1147 1.3586 -0.0268
-0.0056 1.1845 0.0038
-0.1504 0.9683 0.0203
-0.2433 0.8773 0.0203
-0.3551 0.7991 0.0056
-0.4766 0.5975 0.0044
-0.5438 0.4631 0.0001
-0.5945 0.3763 -0.0023
