D10
~A40
-0.3615 -10.1852 -1.4964
-2.6457 -20.2173 1.3815
-4.3767 -15.5412 1.1564
-3.9338 -11.9450 0.7805
-2.9258 -7.7311 -1.0846
-1.5635 -4.9466 -3.5339
0.2299 -2.8516 -2.2147
-2.0208 2.9785 -2.5667
-6.3688 -23.0617 -9.8093
-9.7160 -20.1263 0.0527
-9.2467 -17.6530 3.1509
-3.8811 -15.5508 1.2378
-0.1844 -15.2946 0.1125
0.6369 -14.6673 0.7997
0.6632 -13.6833 3.0431
1.8053 -12.7088 3.1341
3.4813 -12.0959 1.5036
4.2642 -11.6458 0.2035
4.3217 -11.1406 -0.5196
4.2259 -10.7216 -0.4286
4.1972 -10.1134 -0.5483
4.3504 -9.3784 -1.2235
4.2187 -8.7846 -1.8651
3.7710 -8.4135 -1.9442
3.1509 -7.8676 -1.9106
2.7486 -7.4007 -1.8963
2.2171 -6.9865 -1.9944
1.5850 -6.6704 -2.2841
1.2331 -6.5555 -2.2458
1.0678 -6.5819 -2.0926
0.9457 -6.6824 -1.8771
0.6441 -6.7590 -1.8364
0.1389 -7.0416 -1.6329
-0.1987 -7.4175 -1.5611
-0.0886 -7.9011 -1.4007
0.2011 -8.3848 -1.3480
0.9074 -9.0719 -0.9817
1.3623 -9.4430 -0.7374
1.3863 -9.4670 -0.7374
0.6848 -9.9913 -0.9194
~M40
-8.2200 38.3400 18.6000
-8.8800 37.8600 19.0800
-9.5400 37.0200 19.2000
-10.8000 36.5400 19.2000
-11.8800 36.8400 19.0800
-12.1200 36.8400 18.3600
-12.7800 37.3200 17.4000
-13.3200 37.6800 16.9800
-12.8400 38.0400 17.1600
-11.3400 38.2800 17.4600
-9.4800 37.9200 18.0600
-7.4400 38.1600 18.7200
-4.8600 39.0000 19.5000
-2.4000 39.4800 20.2200
0.0600 39.9600 20.2200
2.0400 40.3800 18.8400
3.6000 39.9600 19.2600
-7.9800 37.2000 21.0600
-9.1200 37.0800 20.2800
-10.2000 36.3000 20.9400
-10.4400 35.4000 21.4200
-10.8000 36.1200 21.0600
-11.2800 36.3000 21.0600
-11.2800 36.9600 20.6400
-11.4600 36.4800 20.5200
-11.5200 36.6600 19.8600
-11.9400 36.8400 19.2000
-12.0000 37.4400 18.7800
-10.5600 37.7400 18.6000
-8.9400 38.0400 18.9000
-7.8600 38.1600 19.4400
-7.2600 38.1000 19.5000
-6.6600 37.9200 19.6800
-5.2800 38.2800 19.7400
-4.7400 38.7000 20.4000
-3.5400 38.8200 20.0400
-2.5200 38.5800 20.1000
-2.4000 38.5800 19.9800
-2.0400 38.4600 20.3400
-1.7400 38.7000 20.1600
~G40
0.5833 0.8748 -0.5489
0.6725 0.7820 -0.3607
0.3445 0.2584 -0.0046
0.0354 -0.1924 0.4004
0.2583 -0.2113 0.8457
0.1893 -0.6212 1.1774
-0.3922 -1.6242 1.4016
-0.4100 -2.0781 1.5843
-0.1131 -1.7483 1.7022
-0.1497 -1.8967 2.1322
-0.3385 -2.0751 2.6148
-0.3049 -1.9254 2.4877
-0.1228 -1.9651 2.1976
0.6236 -1.8228 1.7071
1.0195 -1.5002 1.7321
1.2791 -1.6731 1.6759
0.9058 -1.5412 1.5824
0.1276 -0.4355 1.2819
0.8594 1.7318 -1.3381
-1.2957 -0.0433 -1.4340
-1.0740 0.3977 -0.8537
-0.6818 0.7679 -0.3436
-0.3666 1.0965 0.1353
-0.1949 1.1381 0.0938
-0.0269 1.2792 0.1072
0.3506 1.2206 0.3436
0.6218 0.9860 0.4432
0.7214 0.8730 0.4157
0.7446 0.5596 0.3314
0.6646 0.2994 0.3265
0.5931 0.1210 0.4572
0.5118 -0.0739 0.7517
0.4373 -0.1624 0.9789
0.2528 -0.4050 1.0864
0.0335 -0.7764 1.0840
-0.1125 -1.0152 1.0944
-0.1442 -1.1075 1.1041
-0.1265 -1.1875 1.0980
-0.1473 -1.2742 1.0815
-0.1937 -1.2638 1.0534
