D10
~A65
1.3576 -9.8069 -0.9242
1.4126 -9.7375 -1.0870
1.3408 -9.7064 -0.7925
1.2857 -9.6729 -0.9218
1.3145 -9.6609 -0.9242
1.3121 -9.6346 -0.9290
1.3576 -9.6322 -1.0295
1.4725 -9.6322 -1.1852
1.5850 -9.6465 -1.2738
1.7095 -9.6465 -1.3599
1.8532 -9.5723 -1.4102
1.9465 -9.5316 -1.4845
2.0495 -9.4382 -1.5299
2.2363 -9.3209 -1.5802
2.4206 -9.1366 -1.7191
2.5738 -8.9546 -1.8412
2.7127 -8.7295 -2.0615
2.9378 -8.4733 -2.3368
3.3448 -8.1022 -2.5164
3.8093 -7.8197 -2.5499
4.4605 -7.4653 -2.6337
5.1166 -7.0176 -3.0216
5.6385 -6.5316 -3.6608
5.8133 -6.1126 -4.3719
6.0767 -5.4302 -5.4973
6.3688 -5.1285 -5.6912
6.6657 -5.1309 -3.7255
5.7319 -5.0974 0.6345
3.7063 -3.8189 -0.0623
1.7813 -2.7941 -2.8324
-0.1987 -3.9865 1.4821
0.9026 -6.5076 4.9059
1.6760 -7.8628 3.1245
0.7877 -11.9091 4.7646
2.8683 -16.2164 -0.8667
3.7087 -27.0936 -2.4517
3.9314 -37.0490 -5.4350
6.1198 -37.0801 -5.9665
4.2043 -35.1982 -3.3424
1.6066 -34.2836 -1.2833
2.4206 -30.8981 1.7574
2.5571 -27.1223 3.6704
-1.8436 -24.2708 2.3440
-4.2834 -21.5581 1.4461
-4.1900 -18.9124 -0.2490
-1.5874 -13.3409 -4.2187
1.9609 -8.6697 -4.8125
1.9777 -5.3392 -1.9920
-0.6584 -2.9019 -4.4246
-2.7917 1.3719 -14.5332
2.9785 1.1085 -22.1207
6.6082 -1.1636 -6.1150
5.9809 -0.6273 1.3456
1.1564 -0.4573 7.0440
-1.2857 -0.1437 9.3736
-1.0439 0.2921 8.9354
-0.7638 0.3184 8.6074
1.9226 0.7734 3.9482
3.7207 -0.1628 -0.4597
4.5922 -0.3639 -1.6209
4.7574 -0.2251 -1.2666
4.4366 0.1101 -0.5459
3.3568 0.4382 -0.0192
1.8005 0.6824 0.4884
0.3520 0.8715 0.2969
~M65
-5.8200 38.2800 20.9400
-5.7000 37.8000 21.1200
-5.3400 37.8600 21.0600
-5.3400 38.1000 20.9400
-5.5200 37.9200 20.5200
-6.2400 37.4400 20.5200
-6.3000 36.7200 21.3000
-7.3200 36.2400 22.1400
-8.4600 36.0000 22.8600
-9.6000 35.2200 22.9800
-11.1000 34.2600 23.5800
-13.4400 33.4800 23.2200
-15.9000 32.7600 23.1000
-16.9800 32.6400 22.6800
-17.6400 32.8200 21.3600
-17.5200 33.5400 20.7600
-16.7400 34.2600 20.6400
-15.3600 34.7400 21.7800
-12.7200 35.0400 23.2200
-9.3000 35.4600 23.7600
-5.5800 36.4200 23.5200
-3.7200 38.2200 21.8400
-2.3400 39.6600 20.4600
-0.1800 39.9600 19.8000
1.3200 40.1400 19.4400
2.2800 39.6600 19.0800
1.5600 38.8200 20.2200
-0.9000 37.8000 21.6600
-3.3600 37.8000 21.3000
-3.9000 37.9200 21.1200
-4.0800 37.8600 21.0000
-4.3800 37.7400 21.0000
-4.2600 37.6200 20.9400
-4.6800 37.9200 20.7000
-4.3800 38.1000 21.2400
-13.2000 32.1600 25.8600
-15.9600 31.2600 25.2600
-16.9800 31.3800 24.7200
-17.8800 30.6000 23.9400
-18.2400 30.7800 23.7000
-17.9400 30.9000 23.9400
-17.6400 30.8400 24.4800
-17.9400 30.2400 24.4200
-17.7000 30.1800 24.2400
-17.0400 30.4200 23.7000
-16.6800 31.9800 22.9800
-16.2000 32.8800 22.6200
-15.0000 33.3600 22.8000
-14.7600 33.4200 22.3200
-14.4000 33.5400 22.5600
-12.6000 34.6800 22.9200
-11.7000 35.4600 23.1000
-10.7400 35.3400 22.8600
-10.2000 35.5800 23.1000
-9.6600 35.8200 22.2600
-8.7000 36.5400 22.5000
-6.9000 36.4200 22.8600
-6.1200 36.3000 23.5800
-6.1200 36.7200 23.5800
-6.4200 37.0200 22.9800
-6.3600 37.8000 22.4400
-6.2400 38.1600 21.7200
-6.3000 38.1000 21.2400
-5.6400 38.1000 20.8200
-6.3600 33.4800 27.9600
~G65
-0.8357 0.3837 -0.7059
-0.9878 0.4362 -0.9349
-1.1357 0.5077 -1.1561
-1.3250 0.7392 -1.4102
-1.4002 1.1961 -1.6228
-1.2872 1.7147 -1.7901
-0.6934 1.8601 -1.9410
-0.1980 1.9536 -1.8812
-0.0972 1.8284 -1.5055
0.2504 1.5125 -1.1976
0.6090 1.6421 -0.9300
0.0946 0.7264 -0.5715
-0.0587 -0.7073 -0.0919
0.6719 1.0892 0.8189
1.0103 0.8437 1.3638
0.2883 -0.9321 1.7150
-0.2316 -2.4813 1.8311
-0.2340 -3.1050 2.0601
-0.3214 -3.2882 2.4639
-0.1228 -3.4214 2.4401
0.4666 -3.3677 1.9484
1.4263 -2.7336 1.3546
2.1575 -2.3023 1.1188
2.6389 -2.2901 1.1872
2.4507 -2.5570 1.3674
1.6639 -1.7733 1.2116
1.1496 -1.4844 0.9080
1.1673 -1.8759 0.6894
0.6884 -2.4550 0.6454
-0.9298 -0.0097 0.9856
-1.6024 3.8454 0.7297
-1.5113 4.6206 0.4114
-1.2175 4.1949 -0.4328
-1.0599 3.4563 -0.7077
-0.5614 2.5681 -0.4609
-0.5187 2.5296 -0.4328
0.2253 1.2859 -0.2349
0.2815 0.2383 -0.3302
0.1313 -0.0690 -0.4181
0.0610 -0.1514 -0.4493
-0.0104 -0.4477 -0.5421
-0.1112 -0.8326 -0.6106
-0.2255 -1.3811 -0.6161
-0.2420 -1.7941 -0.5128
-0.2102 -1.9046 -0.3919
-0.1112 -1.6597 -0.3222
-0.0758 -1.4758 -0.3088
0.2076 2.5522 -0.4578
0.2070 1.9909 -0.4126
0.0286 0.5846 -0.4951
-0.1870 0.1277 -0.5538
-0.2603 -0.0287 -0.5012
-0.1919 -0.1484 -0.2770
-0.1900 -0.2211 0.0076
-0.0563 -0.0409 0.1487
0.0659 0.1033 0.2471
0.4074 0.7050 0.8940
0.6102 0.7416 1.0803
0.4727 0.3256 0.9997
0.5296 0.1112 0.8946
0.6401 -0.0317 0.7889
0.6279 -0.1460 0.7621
0.5949 -0.4526 0.7993
0.5760 -0.6426 0.7816
0.4886 -0.7532 0.8183
