D10
~A51
1.0870 -9.6178 -3.4717
-3.4741 -22.6355 0.2490
-3.0862 -18.8022 0.2059
-3.2371 -15.5245 0.4022
-3.9697 -11.7319 -0.2897
-0.7279 -8.6457 -2.5738
1.2977 -5.9617 -1.2594
0.8117 -2.1740 1.1062
-0.1844 0.6536 -3.2826
-1.0702 3.7159 -16.7910
6.1054 2.6936 -20.0401
8.1645 -1.0104 -4.2738
6.3472 -0.8308 5.5427
2.5044 0.0263 6.7351
0.4238 0.5028 7.4079
-0.4214 0.5507 6.5531
1.0990 -0.7805 -0.7997
2.5595 -1.6975 -0.6536
1.6377 -0.2059 0.1484
-5.8085 -17.8876 1.5850
-4.6856 -15.6466 -0.7997
-1.9418 -15.1582 -2.0998
1.2163 -14.9307 -0.6943
3.6728 -14.4447 -1.4294
4.5300 -13.4271 -2.6720
2.6169 -12.1222 -1.9849
1.2546 -10.8437 -0.9553
1.1876 -10.2643 -1.2402
1.3408 -9.5867 -1.3935
1.7287 -9.2491 -1.3049
2.5834 -8.3417 -0.9266
2.8037 -7.7766 -1.0032
2.9306 -7.0224 -1.3336
2.8061 -6.3472 -1.6880
2.6002 -5.8253 -1.9825
2.3799 -5.3177 -1.9849
2.0327 -4.8316 -1.9896
1.5587 -4.6233 -2.1261
1.1277 -4.7526 -2.1692
0.9457 -5.0663 -2.3009
0.9817 -5.5236 -2.5762
1.2929 -6.1054 -2.7295
1.4294 -6.5986 -2.7582
1.6281 -7.6665 -2.3655
1.8316 -8.6553 -1.8651
1.7023 -9.3233 -1.7981
1.1636 -10.3983 -1.8101
0.7374 -11.0711 -1.7550
0.2251 -11.4782 -1.7933
0.0192 -11.6242 -1.8292
2.0256 -10.7934 -1.0439
~M51
-8.2200 36.1200 22.2600
-8.6400 35.4000 23.0400
-10.9800 34.2000 23.6400
-13.6800 33.2400 23.5200
-15.4800 33.3000 22.6800
-16.9800 33.4800 22.6200
-17.2200 33.4800 22.2600
-17.4600 33.7800 21.3000
-17.7000 33.8400 20.4600
-17.7000 34.3200 18.6000
-16.9200 34.9800 18.5400
-14.5200 36.0600 19.9800
-13.0800 36.1200 20.3400
-9.3000 36.8400 21.0000
-5.4000 37.8600 21.7200
-3.9600 38.1600 22.1400
-1.5600 38.3400 21.6000
-0.9600 38.6400 21.0000
0.0000 39.4200 19.6200
0.4200 39.8400 18.6600
1.6200 39.5400 18.3000
1.8000 39.4800 18.6000
0.1200 39.4200 19.5000
-1.4400 39.3600 19.5000
-4.9800 38.8200 19.1400
-6.4800 39.1200 18.0000
-6.1200 38.2800 18.8400
-15.9600 33.4800 21.1800
-16.4400 33.3600 21.8400
-15.8400 33.3600 22.0200
-15.6600 33.4200 21.6600
-15.6000 33.8400 22.2000
-15.6600 34.2600 21.5400
-14.8800 34.3800 21.0600
-13.5600 34.8600 21.1800
-13.3200 35.1600 21.0000
-12.7200 35.0400 21.0000
-11.1000 35.2800 21.3600
-9.7200 35.8200 21.4200
-8.4000 36.6000 21.9600
-7.4400 36.6000 22.9200
-5.7000 37.2000 22.4400
-4.6800 37.6200 21.8400
-3.7200 37.8600 21.5400
-3.0600 37.9200 20.7000
-2.5800 37.9800 20.7000
-2.5200 38.2200 21.2400
-0.6600 38.3400 22.3200
-0.7200 39.0000 20.4000
3.1200 37.9800 23.8800
3.4800 38.2200 24.0000
~G51
0.1032 -0.8680 -0.6582
1.1392 1.0342 0.0003
1.8869 3.2841 0.5238
1.8612 0.5376 0.4609
0.6749 0.3208 0.7266
-0.2878 -1.6475 1.6472
-0.0447 -1.5143 2.1328
-0.0300 -2.3921 2.2226
-0.1216 -3.1410 2.1286
-0.2481 -3.6364 2.1176
-0.1742 -4.1966 2.2605
0.2449 -4.6438 2.3308
0.7305 -3.7623 2.1970
1.2785 -1.7122 1.7816
1.7372 -0.1679 1.4193
2.0347 0.4924 1.2098
1.6768 0.4509 1.4474
0.9798 0.2658 1.3399
0.5607 -1.2528 0.9471
0.8478 -1.8387 0.8317
0.6407 -0.9474 0.9856
-0.7533 1.2163 0.9471
-1.2426 4.0922 0.2611
-0.9109 4.0061 -0.2581
-0.0862 3.9878 -0.8787
0.3732 2.8045 -1.1365
0.4410 2.3671 -1.1823
0.4349 1.0367 -0.8103
0.0818 0.4600 -0.2850
-0.6403 -1.6401 0.0919
-0.6647 -0.5174 -0.1622
-0.2151 -0.2260 0.2324
-0.1235 0.1424 0.4988
0.0476 0.2432 0.5837
0.2803 0.2731 0.6203
0.3005 0.2255 0.5660
0.1960 0.1118 0.6515
0.1740 -0.0934 0.9539
0.2718 -0.1875 1.1194
0.3127 -0.2797 1.2086
0.3286 -0.4923 1.3271
0.3353 -0.6383 1.3589
0.3610 -0.8295 1.3833
0.3512 -1.0610 1.3528
0.2895 -1.2382 1.2813
0.2040 -1.3048 1.1933
0.1508 -1.3188 1.0785
0.1331 -1.3426 1.0095
0.1563 -1.3897 0.9252
0.2541 -1.3451 0.8995
0.3768 -1.1991 0.8824
