D10
~A112
1.0511 1.3695 10.2499
-0.0527 -0.0072 9.8237
-0.0670 -0.0120 9.8429
-0.0479 -0.0215 9.8405
-0.0623 -0.0024 9.8309
-0.0431 0.0000 9.8453
-0.0431 -0.0168 9.8357
-0.0551 -0.0263 9.8477
-0.0599 0.0024 9.8381
-0.0527 -0.0144 9.8333
-0.0551 -0.0215 9.8285
-0.0455 0.0024 9.8596
-0.0479 -0.0120 9.8500
-0.0503 -0.0048 9.8285
-0.0455 0.0144 9.8261
-0.0575 -0.0048 9.8405
-0.0479 -0.0144 9.8668
-0.0383 0.1700 9.8548
0.2035 0.8188 9.8548
0.1724 0.7422 9.8453
-0.0407 0.3615 9.8237
-0.3113 -0.0407 9.8812
-0.3472 -0.1987 9.8477
-0.2083 -0.9194 9.8860
-0.1604 -1.0200 9.8979
0.0168 -0.3974 9.8333
0.2610 -0.0551 9.8644
0.7398 -0.2275 9.8309
1.2642 -0.8284 9.8620
2.9306 -2.2410 9.9291
5.3991 -4.5132 9.8357
3.9410 -4.3624 9.8237
-11.4518 0.3328 13.7551
-5.7391 4.0224 10.5276
-0.7757 1.2977 10.0296
-0.5052 -1.2594 10.2020
-0.6704 -1.3791 9.6130
-0.9098 -1.1014 9.6489
-1.9465 -0.7422 10.1230
-2.0687 -0.6800 10.0057
-2.2099 -1.5994 10.0847
-2.0615 -1.8556 10.3792
-0.1772 -2.0327 10.1326
0.7039 -1.3432 8.7487
0.9433 -1.5539 8.6912
0.8715 -2.2985 10.0105
0.4118 -2.0806 10.1876
-0.3783 -2.7295 10.0464
-0.8500 -3.2227 9.8357
30.3738 -2.3655 3.8069
-0.9146 -3.6680 12.8094
1.0774 -3.5028 11.8038
1.6592 -2.6960 10.5180
-0.7279 -3.3592 7.9921
-0.8476 -1.9872 7.6377
-0.6704 -0.9888 7.6832
0.4358 -0.1939 7.5946
1.0032 -0.7470 6.5627
1.3480 -1.4629 5.7822
1.3576 -1.9178 4.9466
0.8931 -2.1309 3.9194
0.3927 -1.8077 2.8564
0.1317 -1.1852 2.5978
-0.1772 0.0838 2.5284
-0.3567 1.1828 2.1668
-0.6848 1.6880 2.7917
-1.1995 1.9872 3.8739
-1.3719 2.3177 5.0735
-1.5180 3.0910 6.2012
-1.5754 4.2594 6.3712
-1.7909 4.7119 5.1166
-1.6664 5.1166 3.6273
-1.5419 5.7941 2.1716
-1.6066 6.0575 1.2618
-1.6568 6.5843 0.8667
-1.1804 6.2107 1.3671
0.4094 6.0982 1.0702
4.6976 6.2658 0.3400
5.0974 6.7950 0.9194
4.2259 7.4677 2.6122
3.8237 7.5875 4.4126
2.8252 7.3911 5.7295
1.5323 7.4318 6.4957
1.2546 7.8724 6.5938
2.0615 7.5563 5.9857
2.3081 7.2499 6.0958
2.8300 6.0001 8.3800
3.0048 5.4422 10.1589
1.6066 5.1309 12.5149
0.6536 5.5882 12.8405
0.6728 5.5787 12.0983
0.0144 5.6313 11.3896
-0.1508 4.5036 10.9610
-0.1149 3.7446 11.4303
0.1796 3.1820 11.8445
0.3903 2.5810 12.0456
1.2378 2.0974 13.6809
2.0088 2.2243 15.3641
2.5619 2.0232 16.1542
3.0695 1.3863 16.3481
9.3592 1.3504 37.1400
6.1078 -0.9098 20.7488
8.7726 0.5866 22.7696
4.0128 1.6999 19.4271
1.0798 2.4039 7.4582
0.8188 4.7766 3.9913
-0.2322 5.3273 3.4358
-0.3951 4.4007 7.1062
-0.1221 3.9386 10.3433
0.0120 3.2418 12.3856
0.2634 2.7821 12.5173
0.5339 2.3584 12.2467
~M112
32.7000 -42.7200 -69.8400
32.1600 -42.3600 -70.9200
32.0400 -42.0000 -71.8200
32.7600 -42.0600 -71.2200
33.0000 -42.3600 -70.3200
31.6800 -42.7200 -70.6800
32.1600 -42.9000 -70.1400
32.9400 -42.5400 -70.0200
32.0400 -42.5400 -70.6200
31.8600 -42.3600 -70.8000
32.2200 -43.1400 -70.4400
32.4600 -43.3200 -69.9600
32.2800 -42.9000 -70.1400
32.0400 -42.1800 -70.5600
31.8000 -42.4800 -70.6200
32.6400 -43.2000 -70.3800
32.7600 -43.0800 -70.3200
31.6800 -42.9000 -71.0400
31.4400 -42.1800 -71.7600
30.6600 -41.6400 -72.4200
30.6000 -41.9400 -72.2400
29.6400 -42.6000 -72.1200
29.4600 -42.7800 -72.0000
29.6400 -43.2000 -71.1600
30.1800 -43.0200 -71.4600
29.5800 -43.0800 -72.6000
31.3200 -43.3200 -73.8000
34.7400 -44.1000 -76.3800
35.9400 -45.0000 -77.6400
38.7000 -45.2400 -77.8200
39.0000 -45.3000 -78.4200
40.2000 -44.8200 -79.2000
40.3200 -44.9400 -79.4400
41.7000 -44.6400 -78.9000
41.8200 -43.8000 -78.1800
42.3600 -42.4800 -76.8600
43.3800 -40.6800 -75.6600
44.3400 -39.6600 -74.8200
44.7600 -38.4000 -72.9600
45.6000 -36.3600 -70.7400
47.2200 -35.1000 -69.3000
48.5400 -34.0200 -68.2800
49.8000 -33.0600 -67.8000
51.6600 -31.6200 -67.2600
52.1400 -30.2400 -67.6200
51.9600 -29.2800 -67.0200
51.1800 -26.1600 -65.2200
49.9200 -23.8200 -62.4600
47.5800 -21.9600 -59.7000
43.6800 -19.6200 -57.7200
40.0200 -17.6400 -56.2200
36.4200 -15.8400 -53.6400
31.1400 -15.1800 -50.4000
26.2800 -15.4200 -47.5200
22.6200 -16.4400 -45.9600
18.9600 -18.5400 -44.4600
17.5800 -19.8600 -43.0800
16.2600 -21.3000 -41.8200
14.1600 -23.4600 -40.4400
13.0800 -24.3000 -39.8400
12.0600 -25.7400 -38.3400
11.9400 -27.2400 -37.2600
12.5400 -27.4800 -36.9600
13.1400 -27.9000 -36.4200
13.8600 -28.0800 -36.4800
14.5800 -27.6600 -36.3600
15.0000 -27.3600 -36.4200
15.5400 -26.1600 -37.3200
16.1400 -24.4800 -39.0000
17.8200 -22.5000 -39.6000
18.8400 -22.3200 -39.9000
19.6200 -21.6000 -39.9600
20.5800 -20.9400 -40.2000
21.1800 -19.3200 -41.0400
21.0000 -17.2800 -42.9000
21.3000 -16.2600 -43.6200
21.2400 -15.1800 -44.1600
21.7800 -12.7200 -44.5800
21.9000 -10.9200 -44.7000
21.9600 -10.8000 -44.4600
22.3800 -11.6400 -44.7600
21.9000 -12.7800 -44.3400
21.2400 -12.9600 -44.2800
21.5400 -11.2200 -44.9400
20.8200 -9.3000 -45.4200
20.4600 -8.5800 -45.5400
21.2400 -8.1600 -45.1800
21.5400 -6.9600 -45.2400
22.0800 -5.4000 -45.0000
23.2200 -4.7400 -43.6800
23.7000 -3.6600 -43.4400
23.4000 -3.1200 -43.6800
23.2800 -1.9800 -44.8800
23.5200 -1.3800 -44.2800
22.5000 -1.9200 -44.5800
22.8600 -2.4600 -44.1600
23.4000 -3.1200 -43.5000
23.1600 -4.7400 -44.2800
23.2800 -5.1600 -43.8600
23.1000 -4.7400 -43.2600
23.0400 -4.8600 -43.2000
23.4600 -4.3800 -42.8400
23.4000 -4.9200 -42.7200
23.5200 -4.5000 -42.6000
23.1600 -4.3200 -42.9000
22.8600 -3.8400 -43.8000
22.9800 -3.9600 -44.0400
23.4600 -4.2000 -43.2000
24.9000 -4.3800 -41.9400
24.4800 -4.2000 -42.3000
23.8800 -5.2200 -41.2200
24.3000 -5.8800 -41.4000
~G112
0.0014 0.0025 0.0015
-0.0004 0.0001 -0.0034
0.0002 -0.0005 0.0009
-0.0029 0.0031 0.0027
0.0002 -0.0005 -0.0003
-0.0004 0.0037 0.0027
0.0014 0.0007 0.0015
-0.0023 0.0013 -0.0003
-0.0010 0.0013 0.0021
0.0008 -0.0011 0.0021
-0.0004 0.0001 -0.0022
0.0014 -0.0030 0.0003
-0.0016 0.0019 0.0003
-0.0004 0.0007 0.0027
-0.0035 0.0025 0.0015
0.0002 0.0019 0.0021
-0.0023 -0.0005 0.0045
0.0008 0.0001 0.0253
0.0026 -0.0005 0.0925
0.0014 -0.0005 0.1725
0.0051 -0.0066 0.2623
0.0063 -0.0024 0.3931
0.0075 -0.0072 0.4853
0.0093 -0.0085 0.3967
0.0045 -0.0097 0.2697
0.0045 -0.0103 0.2519
0.0112 -0.0054 0.2758
0.0069 -0.0115 0.1701
-0.0090 -0.0262 -0.1213
-0.0181 -0.0207 -0.6601
-0.0658 -0.0341 -1.9020
-0.1031 -0.0915 -2.8977
-0.1745 -0.0983 -2.9814
-0.0933 -0.0970 -1.3363
-0.0316 -0.0824 -0.8488
-0.0658 -0.2889 -0.5355
0.0026 -0.3292 -0.4774
-0.0047 -0.2815 -0.3504
-0.0029 -0.2895 -0.2416
0.0283 -0.3444 -0.1494
0.0210 -0.4654 0.1841
0.1071 -0.5705 0.4517
0.0949 -0.3951 0.3723
0.0203 -0.0751 0.3613
0.0381 0.0612 0.4297
0.0527 -0.0146 0.4572
0.0179 -0.1496 0.5439
-0.0371 -0.2278 0.6942
-0.0212 -0.1251 0.8934
0.0802 -0.1655 -0.3027
0.3337 -0.6841 0.3265
0.7558 -1.0060 0.6606
1.0277 -1.2791 0.5250
1.4913 -1.2192 0.0467
1.6049 -0.9284 0.0162
1.7827 -0.5699 0.0876
2.0527 -0.5137 0.0461
2.1871 -0.5295 -0.1360
2.2292 -0.7213 -0.2746
2.2109 -1.1471 -0.4524
2.1333 -1.4752 -0.6198
2.0038 -1.3951 -0.7749
1.8621 -1.2888 -0.8690
1.7503 -1.4923 -0.8916
1.4766 -1.5759 -0.8733
1.1761 -1.5045 -0.8501
1.0625 -1.3011 -0.7609
1.1364 -1.1319 -0.6650
1.4699 -0.7659 -0.5379
1.8847 -0.5705 -0.4157
2.3758 -0.5894 -0.3076
2.5249 -0.6138 -0.1995
2.4308 -0.5857 -0.1506
2.1132 -0.5784 -0.0956
1.3881 -0.2638 0.0662
1.0576 -0.1044 0.3283
0.9623 0.1931 0.5274
0.6795 1.8052 0.4114
-0.1354 2.0819 -0.0303
-0.7561 1.7093 -0.2514
-0.9858 1.3916 -0.3980
-1.1073 1.0709 -0.5422
-1.1482 0.6702 -0.5434
-1.2356 0.2469 -0.4139
-1.4476 0.6464 -0.3601
-1.9314 1.2994 -0.3265
-2.2619 1.7441 -0.3687
-2.0548 2.1858 -0.4139
-1.7701 2.0196 -0.4053
-1.3694 1.3715 -0.3540
-1.3718 0.8443 -0.3461
-1.5636 0.3507 -0.2471
-1.7732 0.1797 -0.1744
-1.8788 0.0398 -0.0743
-2.0236 0.0404 -0.0028
-2.3242 0.4546 0.0589
-2.3700 0.6409 0.0559
-2.2057 0.4595 0.0375
-2.0847 0.3251 0.0247
-1.8135 -0.1172 -0.0938
-0.8501 1.3110 -0.3687
1.3600 -0.4733 -0.5819
1.7479 0.3556 -0.9539
2.5249 -0.9290 -1.3907
2.0490 -0.6199 -0.8513
0.9721 -0.5827 -0.7535
-0.4653 -0.4813 -0.4933
-1.5215 -0.2320 -0.1818
-1.7518 -0.2278 -0.0242
-1.5325 -0.1862 0.1212
-1.2191 -0.0182 0.1695
-1.0511 0.1748 0.1041
