D10
~A114
0.4621 0.8643 9.7136
-0.0503 -0.0168 9.8668
-0.0551 0.0000 9.8309
-0.0431 0.0000 9.8405
-0.0551 -0.0263 9.8453
-0.0599 -0.0048 9.8285
-0.0575 -0.0096 9.8620
-0.0670 0.0048 9.8141
-0.0694 -0.0168 9.8596
-0.0718 -0.0096 9.8500
-0.0646 -0.0072 9.8572
-0.0718 -0.0120 9.8477
-0.0551 -0.0168 9.8357
-0.0575 0.0024 9.8979
0.0407 -0.0551 9.8285
0.0120 -0.0335 9.8429
-0.1077 0.0766 9.8524
-0.2179 0.5052 9.8596
-0.2969 0.7207 9.8860
-0.1556 0.3759 9.6872
-0.0120 -1.0463 9.9195
-0.1580 -0.7734 9.8213
0.0431 -0.5627 9.8453
0.1891 -1.3791 10.0368
0.1006 -1.4845 9.2802
0.1413 -1.0990 10.2403
-0.1101 -1.1756 9.1605
-0.3017 -0.9481 8.6625
0.2849 -0.7901 10.9323
-0.0814 -0.8763 8.7271
-0.2873 -0.6872 8.4326
0.7015 -1.4174 9.6202
0.6465 -1.5754 10.1014
0.3089 -1.6281 9.8381
0.1748 -1.7598 9.1868
-0.0311 -1.5802 9.8213
-0.3065 -2.0184 10.0296
-0.4118 -2.6289 10.3121
-0.9170 -3.0719 9.3784
-0.9769 -2.4230 8.8205
-0.7518 -1.7694 8.8205
-0.9673 -1.8675 12.8022
-1.0080 -1.8771 13.2715
-0.1293 -2.8995 10.3385
-0.0862 -2.6122 9.3975
-0.7374 -2.4278 9.1222
-0.8356 -1.2761 8.7487
-0.2514 -0.1796 8.0352
0.3208 0.4669 6.9841
0.7303 -0.4286 7.0368
1.0822 -1.4725 7.6329
1.2426 -2.6624 8.0663
0.4094 -2.8372 4.1972
-0.2538 -1.8316 5.8325
-0.5220 -0.9984 5.5978
-1.1349 -0.7829 5.3440
-1.7813 -0.6584 5.1836
-2.1405 -0.6776 5.0830
-2.2865 -0.2682 4.4366
-1.6353 0.8021 3.6106
-0.6297 1.9034 3.0407
-0.8476 2.5834 2.4781
-1.6497 3.7686 1.8268
-2.1596 4.1349 1.0702
-2.5451 4.4174 0.3951
-2.8061 5.1357 0.5866
-2.0734 5.1860 1.3791
-0.8236 6.0982 2.5571
-0.8907 6.5100 3.2562
-0.7255 7.2187 4.3696
0.2538 6.9626 4.2666
0.9625 6.6034 4.5850
2.4805 6.5244 6.3089
2.6816 6.5555 7.0416
2.2267 6.9075 6.5603
1.3097 7.7000 4.7311
-0.1149 7.9011 3.8332
-0.5986 7.7718 4.3312
-1.4797 6.9003 5.9330
-1.4366 6.7016 7.2690
-1.5299 6.0312 7.6138
-0.3448 4.8484 7.5037
2.3584 3.3927 10.4845
2.4350 2.5092 10.9514
-0.0407 1.1133 10.6114
-2.4900 -0.1125 9.4095
-2.3296 -2.4733 6.5220
1.0463 -4.0080 3.7135
8.7654 -17.4806 4.9849
13.9107 -7.3480 37.0466
8.2004 -11.3129 31.1160
-0.0311 -7.5946 34.9492
-3.5244 -4.6257 25.7313
-5.7127 -3.6561 15.9650
-9.7495 -0.9817 11.4446
-11.0041 -0.1077 8.6242
-3.9218 0.3759 8.0017
1.9418 -0.3807 8.9163
4.2810 -0.4669 8.1142
5.4566 -0.7231 7.1828
4.3719 0.4501 6.3017
2.0615 2.0782 9.4741
1.8747 2.4302 12.9650
1.7502 1.4821 14.3513
1.7718 0.5627 14.4327
2.0112 -0.2155 13.9586
2.4206 -0.8164 13.0823
0.7901 -0.9912 12.3545
-0.4382 -1.2833 12.6777
-0.1796 -0.9673 13.3289
0.1437 -0.9457 14.1286
0.0623 -0.7662 14.3824
-0.0215 -0.8164 13.7144
-0.6991 -0.2251 12.1509
~M114
36.3600 -40.5000 -71.2800
36.3600 -39.8400 -71.5800
35.9400 -39.2400 -71.6400
35.1600 -39.5400 -71.2200
35.7000 -39.8400 -71.0400
36.3600 -39.9600 -70.8000
36.5400 -39.7200 -70.6200
36.2400 -39.5400 -70.7400
36.1800 -40.2000 -71.1600
36.0000 -40.0800 -71.3400
36.3000 -39.9600 -70.9800
37.0200 -40.4400 -70.2600
36.6600 -40.0800 -70.6800
36.1200 -39.9600 -71.1000
35.7600 -40.4400 -71.4600
35.4600 -40.0800 -71.4600
35.6400 -39.6000 -70.8000
35.8800 -39.7800 -70.8600
36.0600 -39.5400 -70.6800
35.7000 -39.6000 -70.8000
35.1600 -39.5400 -70.8600
35.1600 -39.6600 -71.1600
35.4000 -40.0800 -71.2800
36.3000 -40.3200 -70.7400
36.9000 -40.6200 -70.2600
36.6000 -40.8600 -70.2000
36.9600 -40.5000 -69.8400
37.9800 -40.2000 -70.6800
38.7600 -40.3800 -70.6800
40.0800 -40.2600 -69.4800
40.6800 -39.5400 -69.6600
42.1800 -39.7200 -70.3800
43.7400 -40.0200 -70.4400
46.1400 -39.3600 -69.9000
47.2200 -38.8800 -70.4400
51.1200 -38.5200 -68.4600
52.4400 -38.2800 -67.8000
54.1800 -37.6800 -66.6000
55.5000 -35.8800 -64.6200
57.4200 -34.9200 -61.6800
59.9400 -33.6600 -58.2600
61.7400 -31.3200 -54.4200
61.7400 -30.6600 -53.5200
60.6000 -28.3200 -51.1800
59.6400 -25.3200 -49.5000
57.8400 -22.2600 -47.1600
54.3000 -19.0800 -44.8200
49.6200 -15.7800 -44.4600
43.1400 -14.1000 -44.0400
40.0800 -14.1600 -44.4600
34.0200 -14.2800 -43.2600
29.2200 -16.0200 -41.5200
26.9400 -16.6200 -40.5600
23.5800 -17.5800 -38.9400
20.8200 -19.1400 -38.7600
19.0200 -19.9800 -38.5200
17.5200 -21.4800 -37.2600
16.7400 -22.1400 -37.5000
16.8000 -23.1600 -36.8400
16.9800 -23.8200 -36.2400
17.2800 -23.6400 -37.0800
18.8400 -23.7600 -36.8400
19.8000 -23.2200 -36.3600
21.3600 -22.8000 -37.1400
23.0400 -21.6600 -37.0800
25.8000 -18.7200 -38.1000
26.5800 -17.1600 -39.1200
27.0600 -13.6800 -40.0800
26.5200 -9.3600 -41.9400
25.5000 -4.0200 -44.5200
25.6200 3.0600 -44.8200
26.9400 8.8200 -43.0200
27.6000 10.2000 -42.3000
27.6000 9.4800 -41.3400
27.2400 7.2000 -41.7600
27.2400 5.5200 -42.1200
26.7600 4.3200 -42.7200
25.6800 2.4000 -43.8600
25.5000 2.1000 -42.8400
25.5000 2.6400 -42.0600
25.9800 4.2000 -41.0400
26.1000 5.0400 -40.7400
24.3000 5.9400 -41.4600
22.8600 6.4800 -41.8800
21.3600 6.9600 -41.5200
20.7600 6.6000 -41.2800
20.5800 5.8800 -41.1000
19.8000 5.0400 -41.1000
18.7200 4.4400 -41.4000
18.1800 3.7800 -42.0000
17.6400 3.9600 -42.6000
17.3400 4.4400 -42.7200
17.1600 4.5600 -41.2800
16.8600 4.3200 -41.2800
16.6200 4.5000 -41.9400
16.9800 3.4200 -42.7200
17.2200 2.3400 -42.7200
17.4000 2.6400 -42.9600
16.0800 1.5000 -42.7200
15.6600 0.8400 -42.9600
15.4800 -0.9600 -41.8800
15.5400 -1.3800 -42.4200
15.6600 -2.0400 -41.8800
15.0000 -1.6200 -42.0600
14.4000 -0.4200 -42.7800
13.7400 0.2400 -42.8400
14.1000 0.7200 -42.6600
14.6400 0.7800 -43.0800
15.4800 0.3000 -42.2400
15.2400 0.3600 -41.7000
14.1600 1.3200 -42.7800
14.1000 1.4400 -42.8400
14.4600 0.7200 -42.0600
15.7800 -0.3600 -41.1600
~G114
-0.0010 0.0007 -0.0009
-0.0023 0.0013 0.0009
0.0014 -0.0011 -0.0003
-0.0016 0.0031 0.0033
0.0002 0.0031 0.0027
-0.0016 0.0007 0.0009
0.0002 0.0019 0.0015
-0.0047 0.0037 0.0027
-0.0004 0.0007 -0.0009
-0.0016 0.0007 -0.0009
0.0026 -0.0011 0.0021
-0.0004 0.0001 0.0015
-0.0004 -0.0036 -0.0003
-0.0004 0.0013 0.0003
-0.0065 -0.0005 -0.0272
-0.0059 -0.0048 -0.1133
-0.0071 -0.0054 -0.1127
-0.0016 0.0013 -0.0321
0.0020 -0.0182 0.0430
-0.0200 -0.0213 0.1182
-0.0291 -0.0665 0.1927
-0.0511 -0.0928 0.2495
-0.0768 -0.1154 0.3430
-0.0291 -0.0549 0.2941
-0.0139 -0.0219 0.1719
0.0252 -0.0323 0.0553
0.0038 0.0557 -0.0938
0.0674 0.1253 -0.0321
0.0717 0.1583 -0.0101
0.0265 -0.1184 0.2012
-0.0524 -0.0488 0.2886
-0.1208 -0.1691 0.4291
-0.0322 -0.1282 0.1658
-0.0658 -0.2143 -0.0706
-0.1599 -0.1484 -0.1647
-0.1324 -0.0256 -0.1653
-0.0841 0.1559 -0.0706
0.0319 -0.0335 0.0681
0.0234 -0.1600 0.2416
0.0032 -0.1722 0.2599
-0.0346 0.1094 0.3338
0.0680 0.5315 0.4865
0.4950 0.4662 0.5910
0.7546 0.1363 0.6099
0.9971 0.1394 0.6264
1.2757 0.5266 0.6716
1.3068 0.8852 0.7309
1.3099 1.1430 0.9111
1.4937 1.1558 1.0076
1.5829 0.7679 1.0314
1.5286 -0.1783 0.8769
1.5273 -0.6261 0.6771
1.5982 -0.6248 0.4224
1.5811 -0.2638 0.1273
1.3227 -0.7238 -0.2013
1.4058 -1.4910 -0.3870
1.4974 -1.9498 -0.6356
1.5377 -2.1098 -0.7926
1.6196 -2.1941 -0.8946
1.8389 -2.1630 -0.9136
2.0008 -1.9608 -0.8745
2.0594 -1.6780 -0.8207
2.0057 -1.5998 -0.8647
1.8823 -1.6340 -0.9368
1.7931 -1.6303 -0.8995
1.5744 -1.5417 -0.8012
1.2317 -1.3976 -0.6839
0.6831 -1.2797 -0.5104
0.4131 -0.9742 -0.4017
0.3465 -0.2742 -0.3650
0.3643 0.1699 -0.3400
0.1847 0.3562 0.0070
-0.1043 0.5486 0.1035
-0.3566 0.8162 0.1304
-0.5667 1.2762 0.1047
-0.4195 1.4240 -0.0046
-0.1794 1.3788 -0.1243
-0.1983 1.3996 -0.2270
-0.6449 1.7502 -0.2685
-1.2771 2.0227 -0.2642
-1.7652 2.1045 -0.2209
-1.9228 2.0569 -0.1005
-1.7573 1.7472 -0.0119
-2.2289 1.9255 0.0717
-2.2906 1.9341 0.0675
-3.4866 0.9903 -0.2923
-3.5929 0.6048 -0.4347
-3.9918 -0.4232 -0.7047
-4.4988 -1.1624 -0.6014
-5.5758 -2.2717 -0.0419
-6.7181 -2.6474 0.6331
-7.2532 0.5040 2.0742
-7.0932 4.2871 -0.7603
-4.0786 -1.0854 -2.2569
0.5054 2.9426 -2.6442
2.4650 1.6708 -2.5373
3.8835 0.4375 -2.7456
4.4772 -0.1618 -2.5000
3.6910 -1.1948 -1.4762
2.9055 -1.2375 -0.1243
2.4522 -1.0567 0.4523
1.9006 -1.7672 0.5623
1.7479 -1.7317 0.5507
-0.6437 0.1223 -0.3791
-1.3767 0.9726 -0.5428
-1.6266 1.0147 -0.2923
-1.3462 0.2475 -0.1897
-0.9589 -0.2785 -0.1408
-0.4616 -1.0286 -0.0914
-0.0688 -1.4904 -0.1518
0.0979 -1.6193 -0.3375
0.1437 -1.1508 -0.2508
0.2225 -0.5992 -0.1598
0.4675 -0.3139 -0.0901
