D10
~A181
-0.0551 1.0942 9.5795
-0.0335 0.0024 9.8572
-0.0335 -0.0072 9.8381
-0.0623 -0.0048 9.8477
-0.0407 -0.0144 9.8500
-0.0335 -0.0120 9.8500
-0.0479 -0.0144 9.8477
-0.0383 -0.0215 9.8357
-0.0287 -0.0120 9.8453
-0.0503 0.0048 9.8524
-0.0431 0.0048 9.8500
-0.0479 -0.0024 9.8572
-0.0551 0.0024 9.8572
-0.0335 -0.0096 9.8453
-0.0359 -0.0072 9.8453
-0.0359 0.0048 9.8477
-0.0335 -0.0048 9.8500
-0.0431 -0.0024 9.8668
-0.0431 -0.0024 9.8429
-0.0479 -0.0048 9.8596
-0.0479 0.0048 9.8189
0.0407 -0.0503 9.7615
0.6991 -0.5818 9.7830
0.3065 -0.4621 9.7854
0.0575 0.0958 9.9075
-0.1772 0.3256 9.7686
0.1030 0.0982 9.9817
0.0215 0.1173 9.8740
-0.0814 0.0383 9.8357
-0.1149 -0.0311 9.9051
-0.1532 -0.0215 9.8141
-0.1987 -0.0263 9.8333
-0.2514 0.0024 9.8668
-0.2634 0.0407 9.8500
-0.2586 0.0862 9.8477
0.0575 -0.0718 9.8620
0.0263 -0.0263 9.7950
0.0024 0.0192 9.8668
0.2035 0.2706 9.8117
0.1700 0.2634 9.8524
-0.1197 -0.0239 9.8572
-0.3759 -0.2418 9.8500
-0.3520 -0.2466 9.8357
-0.2586 -0.1437 9.7950
-0.1580 -0.1365 9.8381
0.1006 -0.1006 9.8117
0.5507 -0.4549 9.8860
0.7638 -0.4908 9.8764
0.2801 -0.5435 9.8979
0.0694 -0.3304 9.8812
0.0215 -0.1748 9.8429
-0.0192 0.1939 9.8285
-0.0120 0.2299 9.8309
0.0048 0.3160 9.8692
-0.3089 0.3951 9.8764
-0.4405 0.1532 9.8333
-0.2658 -0.0790 9.8477
-0.0790 -0.3879 9.8620
-0.0527 -0.3113 9.8620
0.0000 -0.0263 9.8261
0.1149 0.1796 9.8812
0.1963 0.3089 9.9075
0.2275 0.1365 9.7471
0.0766 0.0575 9.8931
-0.0862 0.0623 9.9171
-0.1149 0.0814 9.8884
0.1508 0.0958 9.8500
0.6800 0.3472 9.9338
0.2825 0.0766 9.7447
-0.0910 -0.0479 9.9147
-0.4908 -0.2083 9.7279
-0.1006 -0.2825 9.8836
0.0192 -0.3855 9.9291
-0.0048 -0.4286 9.7136
0.1700 -0.4070 9.7615
-0.0096 -0.3663 9.9362
0.2322 -0.7231 9.9793
0.2442 -0.9745 10.0368
0.2035 -1.1828 9.8836
0.3304 -1.3192 9.8500
0.5842 -1.1469 9.9650
0.7829 -0.8117 9.8429
0.7614 -0.6560 9.7878
0.2945 -0.5914 9.7734
-0.0910 -0.5674 10.1134
-0.2490 -0.3974 9.9817
-0.1987 -0.0263 10.1852
-0.1628 0.2418 10.2595
-0.3544 0.7350 10.3385
-1.0128 0.4932 10.2331
-0.8763 0.4334 10.4247
-1.0391 -0.0982 9.9769
-0.8739 -0.6417 9.8285
-0.9170 -0.8859 9.9841
-0.4142 -0.2490 9.5819
0.0934 0.7638 9.2443
0.3232 0.3615 11.6984
-0.1604 -0.7087 10.1733
-0.5650 -0.3807 8.7128
-0.5483 0.2634 9.0288
-0.1293 0.5962 10.4007
-0.2251 -0.1245 10.4821
-0.3113 -0.5794 9.0168
-0.1604 -0.1269 8.9977
0.2825 -0.0599 9.6920
0.8524 -1.8388 10.5803
1.4102 -3.2035 10.8628
1.0702 -3.2466 10.6785
0.6225 -2.1477 9.0719
0.5315 -1.1804 8.4374
2.1620 -1.8723 9.8309
-1.3719 -2.2746 10.0799
-2.0806 -2.4446 10.0272
-1.8005 -2.8348 10.4031
-0.5890 -2.5834 9.9243
0.7207 -2.1213 9.3664
0.5291 -2.2339 10.0607
0.0120 -1.9561 11.0496
0.3113 -1.9058 11.3848
1.4581 -1.7239 10.0775
1.6305 -1.6377 9.2227
1.3719 -1.4342 9.2108
0.2490 -1.1660 9.7902
-0.3735 -1.9872 10.3481
-0.5076 -2.6026 9.7184
-0.4166 -1.9705 8.5284
0.0383 -1.4437 7.9083
0.1963 -0.6752 7.8029
0.0455 -0.4286 8.4207
-0.0838 -0.6872 8.9330
-0.0599 -0.9002 9.1844
-0.6201 -2.7750 7.7455
-1.7095 -2.1525 6.9218
-2.8348 -1.0439 5.3057
-2.8659 0.1987 4.4821
-2.5667 1.2331 3.6848
-1.9465 1.6066 2.7750
-0.3759 0.0239 2.4733
1.0080 -0.3879 2.4996
1.0463 0.4573 3.5244
1.0152 0.6010 3.6680
1.8508 2.1812 5.9809
2.6169 1.7287 6.1413
3.1221 0.7877 5.4901
3.3209 1.1277 4.9897
4.1397 2.5116 4.0918
4.3145 1.2929 3.8141
4.9274 1.5443 3.6704
5.4398 1.7287 2.8707
5.2578 2.5331 2.5092
3.6417 3.6225 3.3831
2.8707 3.1580 4.9370
2.7965 3.0335 6.3664
3.4382 3.2418 8.7247
5.2554 4.1924 9.7327
6.9195 3.8859 10.7671
7.0894 3.9697 11.3441
6.5938 3.5148 11.5739
5.0280 2.1094 11.4327
4.0320 2.6912 10.8676
4.4198 4.4917 11.7559
5.6912 5.1357 13.1829
7.4246 4.0296 14.8828
7.6258 2.3272 15.4934
6.0695 1.6161 14.7799
4.1684 1.6449 13.4750
2.7486 1.3360 11.4494
2.1213 1.5587 9.4598
1.9896 2.7534 8.6098
2.6145 3.5411 8.9809
3.1317 3.8093 10.4031
3.6824 3.9984 12.3209
3.7279 2.9545 13.5396
3.6393 2.1836 14.0352
2.9569 1.7598 13.3505
2.0615 1.8173 11.5883
1.0008 2.6217 9.2850
1.2714 4.1804 8.5380
1.7167 5.0184 8.3728
1.7335 4.6593 9.1581
1.8891 4.1277 9.7543
~M181
19.9800 -44.7000 -63.8400
20.2200 -44.5200 -64.3200
20.3400 -44.3400 -64.2600
20.4600 -44.9400 -64.5600
20.5200 -45.1200 -64.1400
20.4000 -45.2400 -63.8400
20.1600 -44.7600 -64.3800
20.7000 -44.6400 -64.5000
20.8200 -44.7000 -64.6800
20.2800 -44.8800 -64.8000
20.4600 -45.4200 -64.5000
20.4000 -45.3000 -64.3200
20.8200 -44.6400 -64.6800
20.9400 -44.4600 -63.9000
20.7000 -44.0400 -63.1800
20.7600 -44.4000 -63.7800
21.1200 -44.4000 -63.7800
20.6400 -44.2200 -63.7800
20.7600 -44.4600 -64.6200
20.6400 -44.6400 -64.7400
20.2200 -44.6400 -64.9200
20.2800 -44.4600 -64.8600
21.2400 -44.8200 -64.6800
22.5000 -44.5200 -65.1600
23.2200 -43.6200 -65.3400
22.9200 -43.3200 -65.2200
22.9800 -43.2000 -65.3400
23.1600 -43.2600 -65.4000
23.0400 -43.4400 -65.8800
23.2200 -43.9200 -65.6400
23.1600 -44.1000 -65.6400
23.2200 -43.8000 -66.0000
23.1000 -43.4400 -65.4600
23.0400 -43.3200 -65.1000
23.1000 -43.4400 -65.4000
22.4400 -43.8000 -64.7400
22.3800 -44.2800 -64.9800
23.1000 -43.9800 -65.7000
23.4000 -43.4400 -65.4000
23.8200 -43.3200 -65.8200
23.8800 -43.5600 -65.1000
24.1800 -43.9800 -64.9200
25.5000 -44.2200 -64.4400
25.4400 -44.4000 -64.4400
24.9600 -44.7600 -64.2000
25.2000 -44.1000 -64.5600
25.1400 -43.5600 -65.8200
24.8400 -42.9600 -66.4200
25.2600 -42.9000 -66.4800
25.4400 -42.9600 -66.7200
24.9000 -43.3800 -66.7200
24.6600 -43.4400 -66.9600
25.3800 -42.9600 -67.0800
25.6800 -43.1400 -67.2600
26.4600 -42.7200 -67.1400
26.2200 -42.9000 -67.1400
26.3400 -42.7200 -67.0200
26.2200 -42.7800 -67.6200
26.7000 -42.8400 -68.0400
28.0200 -43.2600 -67.8600
28.6200 -43.6800 -67.8000
29.1000 -44.3400 -68.8800
30.1200 -44.7600 -69.1800
31.2000 -44.9400 -69.7800
33.5400 -45.3600 -70.3800
34.3800 -45.8400 -70.8000
36.1200 -46.9800 -71.6400
37.4400 -47.5800 -72.4200
38.1000 -48.1800 -73.6800
39.6600 -48.4800 -74.1000
40.6200 -48.4800 -74.2800
40.6800 -48.1800 -74.6400
41.1600 -47.8800 -74.8200
41.5200 -48.0000 -75.1200
41.4000 -47.8800 -75.1200
40.7400 -46.8600 -74.4600
40.7400 -45.7200 -73.0800
40.9200 -43.7400 -72.1200
41.3400 -42.3600 -71.2200
41.7000 -41.4000 -71.2800
41.8200 -40.2600 -71.2200
43.9800 -37.9800 -70.2000
46.0800 -34.8600 -69.1800
45.9000 -33.5400 -68.8200
45.6000 -30.8400 -67.6200
45.3600 -29.6400 -66.9000
45.6000 -28.0200 -66.4200
45.2400 -26.4600 -66.1200
45.1200 -23.7000 -63.7200
43.5000 -20.4000 -62.3400
41.2800 -16.4400 -63.7800
39.9000 -13.4400 -62.6400
38.1000 -11.5800 -60.6600
36.7800 -9.7800 -58.0800
36.0600 -8.5800 -56.8800
35.4000 -8.1000 -56.0400
33.7800 -7.6200 -55.6200
31.0200 -7.3800 -54.6000
28.5600 -7.0800 -53.3400
27.1800 -7.3800 -53.1600
24.6600 -8.2200 -50.7000
22.5600 -8.2800 -50.4000
19.6200 -7.8600 -49.3800
18.5400 -7.9200 -49.0800
16.5600 -7.8600 -47.2200
13.2600 -6.4800 -48.1800
10.2000 -5.8800 -48.5400
7.7400 -7.3800 -47.8800
7.2000 -7.8000 -47.9400
6.3600 -7.9800 -46.9200
6.3000 -7.6800 -46.6200
5.4600 -7.8600 -46.6200
5.1600 -7.6800 -46.6200
5.8800 -7.7400 -46.4400
6.4800 -7.5000 -46.3800
7.6200 -7.4400 -46.1400
8.8800 -7.5000 -45.6600
10.3800 -7.7400 -44.8800
10.5600 -8.6400 -45.6000
9.7800 -9.7800 -46.3800
9.7200 -9.7800 -45.5400
10.1400 -11.1600 -45.0600
10.2000 -13.6800 -44.8800
10.0200 -15.1200 -44.9400
9.8400 -15.4800 -45.0000
8.7000 -15.4800 -44.7000
7.9800 -15.6000 -44.3400
8.8200 -15.9600 -44.5800
9.3000 -16.7400 -44.2800
9.1200 -16.9800 -44.1000
8.7000 -16.8600 -44.2800
8.9400 -16.6800 -45.0600
8.8800 -15.7200 -46.5600
9.5400 -15.5400 -46.0200
10.5000 -15.9600 -44.5800
10.8600 -15.9000 -44.3400
11.2800 -15.9000 -45.0000
11.4000 -15.6000 -45.4200
11.5200 -14.8800 -45.6000
12.0600 -14.3400 -45.7200
12.6600 -13.2600 -46.4400
13.0200 -12.6600 -46.5000
13.3200 -12.7800 -45.5400
14.1600 -12.6000 -45.4800
14.8200 -13.6800 -44.8200
15.8400 -14.2800 -44.4000
17.0400 -13.7400 -44.7000
17.3400 -11.8200 -45.1800
17.3400 -10.6800 -45.7200
16.8600 -8.3400 -45.5400
16.8000 -7.3800 -46.1400
16.9200 -5.0400 -46.0800
17.8200 -2.5800 -45.7800
17.7600 -0.7200 -45.5400
18.0600 0.0000 -45.4200
18.3600 1.4400 -44.9400
18.4200 2.0400 -44.5200
18.6600 2.1600 -43.9200
19.0200 2.1000 -43.6200
18.3000 3.0000 -45.1800
17.1600 3.6600 -46.2600
17.4000 3.6600 -45.4800
17.5800 3.0600 -45.2400
17.4000 2.8200 -45.3600
17.1000 1.8600 -45.6000
17.4600 1.3200 -45.7200
17.1000 0.7200 -45.5400
17.1000 0.7800 -45.0000
17.3400 0.2400 -45.1200
17.1000 -0.1200 -45.7200
16.9200 -0.4800 -46.1400
17.1000 -0.1200 -46.0800
17.1600 0.4200 -45.8400
17.0400 0.2400 -45.9000
17.2200 0.0600 -45.1800
16.5600 0.3000 -45.0000
16.9200 0.1200 -45.2400
16.5600 0.0600 -46.0200
16.6800 0.0000 -45.6000
16.9800 -0.3600 -45.3000
17.5800 -1.1400 -45.0000
~G181
-0.0023 0.0001 0.0009
-0.0010 -0.0011 0.0009
-0.0010 0.0001 0.0003
0.0014 -0.0005 0.0003
0.0008 -0.0024 0.0003
-0.0004 0.0001 0.0009
0.0002 0.0001 0.0003
-0.0016 0.0007 0.0003
0.0032 -0.0011 0.0021
-0.0016 0.0013 0.0015
-0.0016 0.0013 -0.0003
0.0008 0.0007 0.0009
0.0008 -0.0005 0.0009
0.0008 -0.0030 0.0003
-0.0010 -0.0017 0.0015
0.0002 -0.0005 0.0015
-0.0010 -0.0005 0.0009
-0.0004 0.0001 0.0003
0.0020 -0.0005 0.0021
-0.0047 -0.0121 -0.0028
-0.0334 -0.0579 -0.0144
-0.1342 -0.1984 -0.2960
0.0124 0.0404 -0.7065
-0.0102 0.0050 -0.9484
-0.0126 0.0044 -0.9313
-0.0108 0.0025 -0.8824
-0.0145 -0.0005 -0.8018
-0.0114 -0.0011 -0.7126
-0.0102 0.0001 -0.6161
-0.0047 0.0062 -0.5654
-0.0059 0.0031 -0.3827
-0.0023 -0.0005 -0.2447
0.0008 0.0025 -0.1408
-0.0023 0.0025 -0.0352
-0.0023 0.0007 0.0009
0.0075 -0.0146 -0.0003
0.0014 -0.0066 0.0033
0.0008 -0.0054 0.0339
0.0008 -0.0072 0.0730
0.0014 -0.0054 0.1463
0.0075 -0.0060 0.2293
0.0032 -0.0042 0.3051
0.0069 -0.0030 0.3986
0.0106 0.0037 0.4621
0.0087 -0.0024 0.4285
0.0014 -0.0054 0.0809
-0.0059 0.0056 -0.2337
-0.0035 0.0050 -0.4493
-0.0071 0.0050 -0.5617
-0.0151 -0.0030 -0.5788
-0.0126 0.0031 -0.5135
-0.0059 0.0037 -0.4157
-0.0114 0.0031 -0.3693
-0.0108 -0.0030 -0.2832
-0.0016 -0.0048 -0.1463
-0.0059 -0.0024 -0.2202
-0.0053 0.0037 -0.3559
-0.0096 0.0099 -0.4854
-0.0084 0.0068 -0.5245
-0.0047 0.0062 -0.5208
-0.0108 0.0068 -0.4573
-0.0090 0.0086 -0.3882
-0.0090 -0.0005 -0.2563
-0.0023 -0.0054 -0.1115
-0.0010 -0.0048 -0.0816
-0.0071 -0.0054 -0.2978
-0.0200 0.0086 -0.4481
-0.0157 -0.0030 -0.4145
-0.0181 0.0044 -0.3436
-0.0108 0.0068 -0.3052
-0.0016 -0.0017 -0.3174
-0.0084 0.0025 -0.3339
-0.0206 0.0086 -0.3351
-0.0023 0.0013 -0.3149
-0.0120 0.0050 -0.3394
0.0026 0.0050 -0.4475
0.0008 -0.0121 -0.3583
0.0063 -0.0134 -0.2215
-0.0126 -0.0164 -0.1757
-0.0145 -0.0115 -0.2691
-0.0114 -0.0176 -0.4389
-0.0133 0.0074 -0.6228
-0.0145 -0.0072 -0.6552
-0.0090 -0.0066 -0.6051
-0.0371 -0.0237 -0.4976
-0.0169 -0.0384 -0.4151
-0.0664 -0.1655 -0.4707
-0.1238 -0.2754 -0.3766
-0.1556 -0.2363 -0.2202
-0.0908 -0.2039 -0.1024
-0.0591 -0.2711 -0.0559
0.0674 -0.3774 -0.0223
0.1566 -0.4006 0.0381
0.1596 -0.2834 0.0546
-0.0560 -0.2803 -0.0828
-0.0059 -0.7549 -0.3198
-0.0322 -0.8374 -0.2984
0.0008 -0.4831 -0.0071
-0.0004 -0.2229 0.3020
0.0173 -0.4428 0.3240
-0.0414 -0.5283 0.3369
-0.1257 -0.1624 0.5036
-0.2918 0.2878 0.7186
-0.4604 0.4130 0.7083
-0.4421 0.0978 0.4450
-0.3156 -0.3652 0.1548
-0.2649 -0.5375 0.0956
-0.3633 -0.2687 0.2104
-0.4842 0.3006 0.1334
-0.5655 0.3721 -0.2532
-0.6125 0.2218 -0.3162
-0.5007 -0.2992 -0.0962
-0.1593 -0.3793 0.2446
-0.0774 -0.5564 0.3827
-0.0218 -0.3194 0.2568
-0.1153 -0.1429 -0.0944
-0.2381 -0.4929 -0.3406
-0.2057 -0.8790 -0.3015
0.0332 -0.6261 -0.3980
-0.0249 -0.0806 -0.6845
-0.1965 0.0410 -0.8861
-0.2515 0.0984 -0.8336
-0.0469 -0.1386 -0.6979
0.2396 -0.1520 -0.5800
0.4687 0.1895 -0.5825
0.5237 0.5383 -0.6753
0.4913 0.6794 -0.7083
0.5475 0.2719 -0.7486
0.7326 -0.6554 -0.9631
0.7430 -1.0689 -1.1207
0.8151 -0.8533 -0.9460
0.9580 -1.5350 -0.8415
0.8450 -1.8038 -0.6234
0.6660 -1.9486 -0.4249
0.4192 -1.6199 -0.0883
0.0588 -1.3011 0.0583
-0.1874 -1.0970 -0.0822
-0.3841 -1.0249 -0.2355
-0.5905 -1.6841 -0.2526
-0.4775 -1.5436 -0.1421
0.1187 -1.1966 -0.1005
0.3386 -1.0518 -0.0694
0.5603 -0.6560 -0.1922
0.4437 -0.1948 -0.1225
0.4040 0.0868 0.0693
0.4082 -0.1215 0.0534
0.2427 -0.0793 -0.0400
-0.1690 0.2860 -0.3186
-0.2759 0.5004 -0.3669
-0.3486 1.1772 -0.2160
-0.2741 1.4173 -0.0132
-0.2729 1.4014 0.0443
-0.2350 1.3519 -0.0022
0.1327 1.1241 -0.3638
0.6929 0.9048 -0.5684
0.9061 0.8254 -0.5122
0.9201 0.3947 -0.3675
0.5689 0.1387 -0.2929
0.3026 -0.0066 -0.3314
0.3991 -0.2039 -0.6289
0.7809 -0.4373 -1.0235
1.4369 -0.0885 -1.1793
2.0893 -0.2198 -1.0852
2.3758 -0.4312 -0.9832
2.1394 -0.5369 -0.8610
1.6324 -0.6731 -0.7847
0.7699 -0.7769 -0.8042
0.2690 -0.8832 -1.0028
0.1327 -0.8270 -1.1207
0.2500 -0.5882 -1.1872
0.6184 -0.2565 -1.1445
0.9556 -0.0341 -1.0034
1.0454 -0.0964 -0.8494
0.7766 -0.1386 -0.6595
0.3490 -0.1691 -0.5507
-0.0487 -0.1398 -0.4548
-0.3162 -0.1196 -0.3400
-0.3889 -0.0225 -0.3186
-0.3321 0.3342 -0.4738
-0.2026 0.6452 -0.6613
-0.0664 0.7069 -0.6839
