D10
~A123
0.3687 1.3169 10.7862
-0.0239 -0.0311 9.8405
-0.0335 -0.0383 9.8405
-0.0239 -0.0311 9.8453
-0.0239 -0.0407 9.8524
-0.0383 -0.0359 9.8453
-0.0168 -0.0239 9.8309
-0.0287 -0.0455 9.8620
-0.0120 -0.0407 9.8596
0.1461 -0.1604 9.8596
0.4358 -0.3113 9.8309
0.1293 0.5028 9.9195
0.3280 0.2227 9.8381
0.3400 0.1604 9.8931
0.2729 0.1772 9.7998
-0.1628 0.0838 9.9195
-0.3687 -0.3208 9.7854
-0.5531 -0.6488 9.9003
-0.3376 -0.3735 9.8644
0.0144 -0.3184 9.8046
0.1149 -0.8452 9.8548
-0.6105 -0.7710 9.8189
-0.5627 -0.6680 9.8668
0.1580 -0.8595 9.8141
0.6512 -0.9745 9.8524
0.2466 -0.6225 9.8884
-1.3623 0.1556 9.8022
-1.0990 0.0215 9.9961
-1.0128 -0.2490 9.9171
-0.9864 -0.9745 10.1876
-0.7374 -1.1085 10.2930
-0.3017 -1.2163 10.4750
-0.1628 -1.0032 10.1924
-2.5691 -1.0894 9.2539
7.2044 -0.6608 8.9450
0.6704 -0.1293 9.6441
0.2275 -0.1915 10.0703
0.5363 -0.3208 10.0607
0.4932 -1.4892 10.4342
0.2921 -1.7358 10.7168
-0.6177 -2.4709 11.0448
-1.5802 -2.1979 11.1334
1.0966 -2.0256 9.1988
1.0966 -2.1501 9.1964
0.9457 -1.7335 10.0943
0.2849 -1.7502 10.7694
0.5579 -1.7933 10.8413
1.5778 -1.7694 10.7000
1.5180 -2.1548 10.8509
1.4725 -2.0040 11.2699
2.4302 -1.5323 10.6402
2.0208 -1.1564 9.0312
1.0678 -0.8332 7.4941
-0.9817 -1.1038 6.6154
-3.2083 -0.8284 6.7902
-3.7949 -1.0343 8.0783
-3.3400 -0.8955 9.0982
-2.6792 -0.5555 9.4526
-0.9362 0.3160 9.0719
0.2538 -0.3089 7.6521
0.7470 -0.4765 5.4901
0.4238 -0.4334 4.1589
0.3591 -0.7255 3.1533
0.8117 -0.3280 2.8276
1.6640 0.6991 2.8899
2.3943 1.8915 2.8612
3.3496 2.6433 3.3544
3.4837 3.0479 3.3448
2.5475 2.5906 2.9450
2.5667 2.6193 2.8659
2.4733 3.0479 2.7989
3.1772 3.0838 2.6864
3.1580 3.6800 2.5260
2.3751 4.8652 2.1309
1.2474 6.1533 1.6473
0.4262 6.6489 1.5898
-0.8404 7.6377 1.7598
-0.5914 7.4510 1.5084
1.0798 7.2475 0.6345
2.2578 7.2547 0.3065
3.5172 7.1206 0.9050
4.9969 6.2922 1.2115
5.8061 6.2802 1.5419
5.1716 6.5723 2.2171
4.7981 6.2371 2.3584
3.8500 5.7151 2.1812
2.9378 5.9234 1.8532
2.8037 6.1341 1.8699
4.5683 5.6744 3.8835
5.3536 5.2626 4.8723
8.2555 3.9673 6.7830
8.4159 3.1628 7.9418
6.7997 3.4262 10.1469
5.1094 4.3336 10.5420
2.9066 5.5954 9.6705
0.2322 6.3520 8.1788
-1.2259 6.5052 7.7359
-0.6848 5.6768 8.7176
3.5627 3.7997 9.6609
5.2363 4.0798 10.7575
6.0001 4.5084 12.5915
6.1533 4.5372 14.9906
4.0894 4.8484 16.3840
2.3344 4.6736 16.0895
1.1205 4.7143 15.1366
-0.5076 4.6521 14.0185
6.3257 4.2355 28.8630
1.2402 4.6233 15.8142
5.7056 4.0774 18.7783
4.4845 3.5028 15.2084
3.7830 3.8691 13.7838
1.4174 4.0080 13.3146
-0.3137 4.2331 12.3161
-0.5291 4.2570 11.4470
-0.1413 3.9506 11.3321
0.7901 3.5100 11.4782
1.5850 3.2155 11.7415
1.6018 3.1293 11.8301
1.0319 3.0359 12.0432
0.3041 3.1844 11.9163
0.0575 3.1054 11.7870
-0.5938 2.8564 11.3321
0.1077 2.2075 10.6114
~M123
30.4800 -38.6400 -66.5400
30.9000 -38.0400 -65.9400
30.8400 -37.4400 -66.4800
31.0200 -37.8600 -66.7200
31.3800 -38.4000 -66.1800
31.1400 -38.7600 -66.4800
30.7200 -38.8200 -66.6600
30.8400 -38.7600 -66.4800
31.3200 -38.5800 -66.6000
31.1400 -37.9200 -66.1200
30.7200 -37.3800 -66.1800
30.9000 -37.7400 -66.9600
31.1400 -38.5800 -66.9000
31.1400 -38.1600 -66.4200
31.3800 -38.2200 -67.2600
31.5600 -38.4600 -67.1400
31.3800 -39.0000 -67.2000
31.3800 -39.0000 -66.9000
31.2600 -38.6400 -67.2000
31.3200 -37.9200 -67.6800
31.6200 -37.9800 -68.4000
31.4400 -38.4000 -68.2200
31.6200 -38.4600 -67.9800
33.1800 -38.5200 -67.5000
33.8400 -39.1200 -67.8600
33.9000 -39.4800 -67.6200
33.2400 -39.4200 -66.9000
33.9000 -39.5400 -66.4200
34.2600 -39.2400 -66.6600
33.5400 -39.1800 -66.6000
33.6000 -39.6600 -66.6000
35.0400 -40.8000 -66.0000
36.0000 -41.2200 -66.2400
36.3000 -41.5800 -66.8400
36.2400 -41.4600 -67.7400
37.4400 -41.4600 -68.4600
37.9200 -41.7600 -69.3000
38.7600 -41.5800 -70.5000
39.3600 -41.1600 -70.9200
41.7600 -40.5600 -71.3400
42.7800 -39.9000 -72.1800
43.6200 -39.1200 -72.4800
44.1000 -38.5800 -72.2400
45.4800 -36.1200 -70.9800
44.2800 -33.0600 -69.3000
42.6000 -32.1000 -67.5000
40.2600 -31.6200 -65.7600
36.4800 -30.6000 -60.9000
31.5000 -29.2200 -56.5800
26.8200 -28.8000 -53.2200
24.7200 -28.6800 -51.6000
20.5800 -28.8000 -48.3600
16.8600 -29.2200 -45.6000
13.5600 -29.2200 -43.8600
10.2600 -29.5800 -41.8200
7.5600 -30.3000 -39.3600
7.5000 -30.3000 -38.4000
5.2800 -30.3000 -36.6000
4.3200 -30.7800 -36.0600
3.0000 -31.5600 -35.2200
1.5600 -31.8600 -34.4400
0.1200 -32.0400 -32.9400
-0.6600 -32.0400 -33.0000
-0.8400 -31.6200 -33.5400
-0.3600 -31.3200 -34.0800
0.0000 -30.8400 -34.1400
0.7800 -30.9000 -34.3200
2.4000 -29.8200 -35.4600
4.3200 -27.8400 -37.3200
6.1800 -26.5200 -38.7000
7.7400 -25.5600 -40.1400
9.0000 -24.2400 -41.5200
9.0600 -22.5600 -42.7800
9.2400 -20.7600 -44.0400
11.1600 -18.3000 -45.1200
14.0400 -15.7800 -46.2600
16.4400 -13.3200 -46.2600
17.5800 -11.4000 -45.7800
18.2400 -10.3200 -45.3600
19.6800 -9.6600 -44.5800
20.9400 -9.3600 -43.8000
21.3600 -9.1200 -43.6800
21.2400 -9.1200 -43.3200
22.0200 -7.9800 -42.7800
22.5000 -7.5000 -42.4200
23.8800 -6.6600 -42.1800
24.6600 -6.3000 -41.5200
25.3200 -5.8800 -41.2200
25.4400 -5.3400 -40.9800
25.3200 -4.3800 -40.8600
24.6000 -4.3800 -41.0400
25.0800 -4.3200 -41.8200
24.9000 -3.8400 -41.5800
24.3600 -3.0000 -41.0400
23.9400 -2.8200 -41.5200
22.2600 -4.2000 -42.1800
21.8400 -4.5600 -42.4800
20.4600 -4.8000 -42.4200
19.6800 -3.9600 -42.7800
19.4400 -2.5800 -43.3800
19.0200 -1.9200 -43.1400
18.7200 -1.2600 -43.6200
18.8400 -0.9000 -43.5000
18.6600 -1.0200 -43.3200
18.5400 -1.4400 -42.5400
18.4200 -2.0400 -42.7200
18.9000 -3.0600 -42.7200
19.6800 -4.2600 -42.6600
20.1600 -3.4800 -43.0800
20.8800 -3.8400 -42.9000
19.9200 -3.9600 -43.0200
19.8000 -3.7800 -43.2000
18.7200 -3.3600 -43.9800
18.9000 -3.3000 -43.7400
19.3200 -3.4200 -43.6800
19.9800 -3.4800 -43.4400
19.8000 -3.8400 -42.7800
19.6200 -3.6000 -42.7800
19.5600 -2.8800 -43.2000
19.5600 -3.1800 -43.3800
19.7400 -3.4800 -43.0200
20.0400 -4.3200 -42.5400
20.5800 -4.6200 -42.1800
~G123
0.0014 -0.0017 0.0009
-0.0023 0.0013 0.0003
-0.0004 0.0013 0.0009
-0.0016 0.0031 0.0015
-0.0004 -0.0042 0.0009
0.0002 -0.0011 0.0003
-0.0023 -0.0017 -0.0003
-0.0059 -0.0005 0.0003
-0.0029 -0.0024 -0.0040
-0.0053 0.0056 -0.1860
-0.0035 0.0080 -0.2447
-0.0023 0.0086 -0.2777
0.0014 0.0074 -0.3595
-0.0023 0.0086 -0.4292
0.0032 -0.0017 -0.3809
-0.0120 -0.0036 -0.2374
0.0063 0.0019 -0.0822
0.0063 -0.0030 -0.0596
-0.0096 -0.0091 -0.1158
-0.0065 -0.0024 -0.1659
-0.0071 0.0001 -0.0895
-0.0016 -0.0072 0.1670
-0.0224 -0.0225 0.2269
-0.0065 -0.0127 0.2104
-0.0041 -0.0164 0.1487
-0.0004 -0.0097 0.2923
0.0197 0.0031 0.5006
0.0020 -0.0054 0.6227
-0.0071 -0.0470 0.6710
0.0057 -0.1569 0.7394
-0.0053 -0.3218 0.8078
0.0295 -0.5063 0.8011
-0.0346 -0.4123 -0.2789
0.0374 -0.3738 0.5323
0.0307 -0.1300 0.2483
0.0576 -0.1422 0.3222
0.1010 -0.1300 0.3534
0.1046 -0.2638 0.4236
0.1315 -0.4660 0.4364
0.1407 -0.7556 0.3570
0.2103 -1.0873 0.4816
0.0429 -1.3982 0.1921
-0.2124 -1.2650 0.3332
-0.2057 -1.1905 0.3143
-0.0322 -1.2528 0.3509
0.1028 -1.4110 0.3778
0.2005 -1.2504 0.1909
0.3746 -0.9315 -0.0321
0.8169 -0.7641 -0.1237
1.3740 -0.8930 -0.3204
1.6294 -1.0879 -0.5416
1.6135 -1.1764 -0.7059
1.5109 -1.1025 -0.7370
1.3942 -0.9327 -0.4915
1.4424 -1.0451 -0.1378
1.7344 -0.9486 0.0693
2.0570 -0.7727 0.2019
2.4119 -0.6254 0.2605
2.7772 -0.7085 0.1982
2.8939 -1.1942 -0.0016
2.5579 -1.8466 -0.1726
2.2555 -2.1508 -0.2948
2.1058 -2.0891 -0.4078
2.0240 -2.1215 -0.5373
1.9427 -2.1447 -0.6863
1.8334 -2.3475 -0.9838
1.7656 -2.4318 -1.2703
1.7747 -2.3279 -1.3626
1.6086 -2.4904 -1.4676
1.3539 -2.7115 -1.5135
1.1254 -2.6419 -1.6216
1.0313 -2.3860 -1.7248
0.8444 -2.0848 -1.7572
0.5280 -1.9058 -1.5935
0.2793 -1.7806 -1.1921
0.2714 -1.5320 -0.8507
0.2329 -1.2381 -0.4719
0.0191 -0.9003 -0.2172
-0.3718 -0.5308 -0.0107
-0.5398 -0.3090 0.0449
-0.6528 0.2212 -0.1072
-0.7805 0.5596 -0.2612
-0.8062 0.8492 -0.3186
-0.7781 1.2004 -0.3381
-0.9613 1.3287 -0.2202
-1.1586 1.3220 -0.1121
-1.8116 1.5352 0.0895
-1.8660 1.6653 0.1060
-1.7304 2.0886 -0.1414
-1.8281 2.2041 -0.4640
-1.6626 1.9530 -0.9386
-1.2698 1.5743 -1.1573
-1.0371 1.1894 -1.1940
-1.0652 0.7343 -0.9411
-1.3333 0.4686 -0.6216
-1.8697 0.3440 0.1903
-2.0279 0.7722 0.4138
-2.2667 1.3800 0.2849
-2.3651 1.8956 0.1060
-2.1232 2.4234 -0.1750
-1.7261 2.4753 -0.3589
-1.3798 1.7618 -0.3388
-1.3987 1.2695 -0.2325
-1.6540 0.3464 0.1481
-0.5142 0.8724 0.0510
-0.6577 0.5315 0.3808
-0.5710 0.7759 0.1683
-0.2277 1.0581 -0.2593
-0.2991 1.0599 -0.3333
-0.4085 0.8706 -0.4243
-0.5050 0.7423 -0.2563
-0.6864 0.7716 -0.1115
-0.8520 0.8724 0.0003
-0.9057 1.0642 0.0119
-0.9241 1.1681 -0.0352
-0.9613 1.1589 -0.1433
-0.9118 0.9653 -0.2612
-0.8031 0.6726 -0.2624
-0.7420 0.4069 -0.2416
-0.6602 -0.1282 -0.2422
-0.6534 -0.3903 -0.2325
-0.6736 -0.3389 -0.2710
-0.6101 -0.3548 -0.4011
