D10
~A131
1.1085 1.6401 9.1820
-0.0215 -0.0239 9.8453
-0.0383 -0.0383 9.8333
-0.0335 -0.0407 9.8524
-0.0287 -0.0431 9.8524
-0.0431 -0.0335 9.8477
-0.0287 -0.0455 9.8405
-0.0263 -0.0503 9.8453
-0.0215 -0.0311 9.8453
-0.0287 -0.0311 9.8453
-0.0359 -0.0311 9.8405
-0.0215 -0.0527 9.8285
-0.0263 -0.0144 9.8500
-0.0311 -0.0311 9.8453
-0.0335 -0.0263 9.8500
-0.0431 -0.0383 9.8477
-0.0287 -0.0239 9.8189
-0.0359 -0.0287 9.8740
-0.0527 -0.0335 9.8907
-0.0455 -0.0431 9.8740
-0.0215 -0.0383 9.8788
-0.0311 -0.0359 9.8477
-0.0144 -0.0383 9.8309
-0.0311 -0.0503 9.8836
-0.0168 -0.0335 9.8069
-0.0120 -0.0479 9.8692
0.4286 -0.1197 9.7591
0.3544 -0.1341 9.8884
0.5483 0.4549 9.9123
-0.0694 0.5148 9.8716
-0.0503 -0.0694 9.9051
0.1604 -0.5196 9.8548
0.2251 -0.3711 9.7758
-0.1939 -0.3089 9.8692
-1.5156 -0.8524 9.8165
-1.7119 -0.3089 9.8261
-0.8500 -0.3615 9.8429
0.3160 -0.5004 9.8477
0.4597 -0.3663 9.8405
0.2227 -0.5100 9.8931
-0.1724 -0.4166 10.1733
0.3280 -0.5483 10.2212
0.5531 -0.5148 10.4031
0.4669 -0.8619 9.8213
0.3879 -1.3049 10.0009
0.4621 -1.5252 10.2786
0.7374 -1.6281 9.2443
1.0463 -1.6449 9.8261
0.8356 -1.5659 10.0464
0.1077 -1.6449 10.5611
-0.3759 -2.0423 10.2786
-0.7446 -2.3153 10.2140
-0.5172 -2.4661 10.0320
0.3591 -3.0144 10.2906
1.4988 -2.6385 9.8500
0.7734 -1.4222 5.7702
1.5060 -1.3408 8.5308
0.7734 -0.9505 11.3465
-0.1365 -1.4557 11.7583
0.0000 -2.2171 11.0999
6.4143 -2.2817 9.3616
0.3663 -3.3137 10.1709
1.4749 -2.3799 10.6138
2.5667 -2.5307 8.5164
1.8029 -2.2554 8.0352
1.0631 -2.6385 10.3720
0.5267 -2.6313 9.6896
0.6967 -2.4374 8.8708
0.7901 -2.0854 9.4263
1.1756 -1.9178 10.0967
1.4437 -1.6592 9.6585
1.1732 -1.9442 7.6521
0.8308 -2.0064 5.6816
0.5363 -1.5467 4.0080
0.0575 -1.5108 3.0551
-0.6225 -0.4310 2.1333
-0.3639 2.0567 1.6832
0.0503 2.9162 1.7574
0.6896 2.8612 1.8125
0.9409 2.6385 1.8580
1.2426 2.8875 1.8125
1.0463 3.0695 1.5946
1.6856 3.9099 1.3480
2.0902 5.2746 1.4150
2.0351 6.4214 1.6329
1.5802 6.7183 2.3919
-0.7901 5.7223 3.1341
-2.1668 5.3512 3.1173
-2.0543 5.4949 2.3224
-0.9721 5.5787 1.4892
0.5459 6.2323 1.4007
2.0351 7.3528 2.4302
2.7630 7.4510 4.0607
2.8779 6.0982 6.0958
4.0751 5.8109 6.2850
5.2028 5.6744 6.1150
6.3736 5.3440 5.7798
5.6912 6.6010 6.3568
5.3656 5.8229 7.5228
5.3632 5.0208 8.7199
4.9681 5.1836 8.9259
5.1980 5.1980 8.6864
6.6848 5.2913 8.7678
7.1780 5.2554 9.3568
6.1030 3.5675 11.8110
5.6433 3.4717 12.4071
4.9370 3.6130 13.2834
3.7470 3.8189 13.2834
2.9162 3.3999 10.9466
4.6425 2.2339 10.4079
3.5316 3.3233 10.8868
1.5012 4.3384 13.0991
0.4477 4.2546 15.0193
0.4717 3.8141 14.7823
1.4366 4.1253 12.9099
2.7414 4.5300 10.9706
3.9027 3.4980 10.3457
4.2163 3.2634 9.8261
3.1365 3.3855 10.2475
1.7335 3.0599 14.2507
0.5052 3.4286 23.9140
-1.2402 3.2658 14.6961
0.4932 3.5747 15.2707
0.6967 2.9138 11.6122
0.9314 2.9785 10.8245
0.8117 3.2754 10.3433
0.6943 3.4406 10.1541
0.2083 3.5459 10.2930
-1.0056 3.9673 8.9235
-0.6896 3.8045 8.8325
-0.8500 3.1197 9.6058
~M131
32.7600 -37.8000 -69.6600
33.0000 -37.3200 -70.1400
32.4000 -37.0800 -70.5000
32.4000 -37.2600 -70.0800
32.7600 -37.3800 -69.9600
32.5200 -37.3200 -70.1400
32.3400 -37.0800 -70.4400
32.5200 -36.7800 -70.3800
32.0400 -37.0800 -70.3200
31.7400 -37.5000 -70.2600
31.9200 -37.4400 -70.1400
32.5200 -37.0800 -70.2600
32.5800 -37.5600 -70.8000
32.8200 -37.9200 -69.6000
33.3000 -38.0400 -69.3000
33.0600 -38.1600 -70.6200
33.2400 -37.3800 -70.8600
33.1800 -37.0200 -71.1600
32.4000 -37.6200 -70.2000
32.1000 -37.5000 -70.5000
32.1600 -37.6200 -70.0200
32.3400 -37.3800 -70.1400
32.5800 -37.6200 -69.8400
32.5800 -37.1400 -70.3800
32.7600 -37.2600 -70.3200
32.7600 -36.9000 -70.3800
33.4200 -36.9000 -70.0200
34.2600 -36.8400 -70.2600
35.2200 -35.8200 -71.2200
35.7600 -35.5200 -72.0600
36.0000 -35.4600 -72.1800
36.0600 -35.5800 -72.2400
35.8200 -35.4600 -72.0000
35.4600 -35.4600 -71.7000
35.7000 -35.3400 -71.2800
36.6600 -35.5200 -70.6800
37.1400 -35.7600 -70.4400
37.6200 -35.7600 -70.6800
36.7200 -35.9400 -72.6600
35.9400 -36.3000 -74.7000
36.4200 -36.2400 -75.2400
37.1400 -36.0000 -75.1200
38.7000 -35.8800 -75.4800
39.6000 -35.1000 -76.4400
41.4600 -33.0600 -75.9000
43.0800 -32.1000 -75.2400
45.8400 -30.7800 -74.1600
46.2600 -28.8000 -73.6200
46.2600 -25.9800 -73.3800
45.1800 -23.4000 -71.7600
43.9800 -21.7200 -70.0800
43.0200 -19.9800 -69.1200
39.5400 -17.7600 -67.0800
37.5600 -17.1600 -65.9400
34.4400 -16.3800 -63.2400
31.3200 -16.9800 -60.3600
27.6000 -17.6400 -57.3000
24.1800 -18.8400 -53.8200
20.2800 -20.4000 -51.2400
17.8800 -20.8800 -49.2000
16.0800 -21.3000 -47.4000
14.1600 -21.7800 -45.1200
12.2400 -22.6800 -43.0200
9.9000 -23.5800 -42.0600
8.8800 -24.4800 -40.8600
7.6200 -24.7200 -39.7800
5.4600 -24.4800 -39.6000
4.2000 -24.9600 -39.8400
3.8400 -24.9600 -39.8400
3.7200 -24.6600 -39.8400
3.7800 -24.2400 -40.2600
4.5000 -23.4000 -40.1400
5.4000 -22.8600 -41.0400
6.3600 -22.6200 -42.3000
8.2800 -21.9000 -42.3000
10.3200 -20.5800 -42.7200
11.1600 -19.6200 -42.8400
13.3200 -18.7800 -43.1400
14.0400 -18.5400 -43.7400
14.7600 -17.4600 -44.3400
15.6600 -16.3800 -44.2800
16.8000 -15.3000 -44.6400
17.8200 -14.7600 -45.3000
18.1200 -14.0400 -45.1200
18.0600 -12.8400 -45.3600
18.1200 -11.3400 -46.0200
18.8400 -10.3200 -45.5400
20.5800 -9.6600 -44.5800
21.8400 -9.5400 -43.5000
22.0800 -9.3600 -43.0200
22.3200 -9.3000 -42.4200
21.7200 -9.4200 -42.9000
21.3600 -8.5200 -44.1000
22.0200 -7.9200 -43.9200
22.2000 -7.4400 -43.6200
22.2000 -6.7200 -43.5000
22.9200 -6.0000 -43.4400
23.3400 -5.7600 -43.1400
22.7400 -5.2200 -43.1400
22.1400 -4.9800 -43.2600
21.3000 -4.2600 -43.8000
21.0000 -3.9600 -43.8600
21.3600 -3.9000 -42.0600
20.6400 -2.9400 -43.3800
20.5200 -2.0400 -44.5200
20.2800 -2.8800 -44.5800
20.0400 -3.0600 -44.6400
20.5800 -2.9400 -43.9200
21.6000 -3.0000 -42.4800
21.4800 -3.3000 -42.8400
20.5800 -3.5400 -43.7400
20.4600 -3.9000 -43.6200
20.2800 -3.6000 -43.6200
19.8600 -3.4800 -43.8600
20.1600 -3.6600 -43.7400
21.0000 -3.4800 -43.7400
20.1600 -3.6600 -44.1000
19.5600 -3.4800 -44.1600
20.4000 -3.2400 -44.3400
20.1600 -3.4200 -44.4000
19.8600 -2.9400 -44.1000
19.6200 -2.5200 -43.2600
20.5200 -2.7600 -43.1400
20.9400 -3.7800 -43.2600
21.0600 -3.9000 -43.2600
20.8200 -3.6600 -43.3800
20.1600 -3.1200 -43.4400
19.8000 -3.0000 -43.6800
20.1600 -3.4800 -43.8600
20.3400 -3.7200 -43.5600
21.0000 -4.0800 -42.9000
~G131
-0.0004 -0.0017 0.0009
-0.0004 -0.0024 0.0009
0.0014 0.0007 0.0027
-0.0016 0.0001 0.0021
0.0020 -0.0017 -0.0003
0.0002 0.0007 0.0009
-0.0004 -0.0017 -0.0003
-0.0023 0.0037 0.0027
-0.0010 0.0031 0.0027
0.0008 0.0001 -0.0009
-0.0004 -0.0005 0.0009
0.0002 0.0001 0.0003
0.0014 -0.0017 -0.0016
0.0014 0.0013 -0.0003
-0.0004 -0.0005 0.0003
0.0014 -0.0011 -0.0003
0.0008 0.0013 0.0015
-0.0010 0.0013 0.0015
-0.0010 0.0013 0.0003
0.0020 0.0025 0.0027
-0.0004 0.0001 -0.0003
0.0002 0.0001 0.0003
-0.0010 0.0007 0.0015
0.0014 0.0007 -0.0003
-0.0010 0.0019 0.0021
-0.0377 -0.0091 -0.1060
-0.0029 0.0062 -0.7835
-0.0151 0.0099 -1.2984
-0.0261 0.0141 -1.4799
-0.0206 0.0111 -1.4420
-0.0230 0.0166 -1.3943
-0.0206 0.0257 -1.3956
-0.0230 0.0172 -1.3754
-0.0096 0.0086 -0.7383
0.0032 -0.0054 0.1622
0.0075 -0.0091 0.4163
-0.0004 -0.0091 0.3179
-0.0059 -0.0097 0.2403
-0.0163 -0.0231 0.0803
-0.0194 -0.0298 0.0742
-0.0389 -0.2027 0.2245
-0.0585 -0.3304 0.1768
0.0301 -0.4110 0.0986
0.0185 -0.4226 0.0766
0.0093 -0.5601 0.0901
-0.0047 -0.5473 0.0699
-0.0145 -0.4990 -0.0107
-0.0542 -0.5485 -0.1378
-0.0469 -0.6987 -0.1188
-0.0383 -0.8496 -0.0523
-0.0352 -0.9480 0.0021
-0.0261 -0.9981 0.1127
-0.0346 -1.0341 0.2654
-0.0273 -1.1593 0.2843
-0.0713 -0.7629 0.2532
-0.1990 0.4839 0.3387
-0.0823 0.2536 0.5232
0.0185 -0.3420 0.7406
0.0063 -0.8069 0.9777
-0.1990 -0.9480 -0.0400
-0.2271 -0.8283 0.7205
0.3123 -1.5020 1.2635
0.7882 -1.5124 0.8921
0.8175 -1.0066 0.5806
1.1187 -0.4605 0.3870
1.2977 -0.9687 0.2770
1.2946 -1.2198 0.2642
1.2207 -1.3035 0.2061
1.3496 -1.0023 0.0956
1.7295 -0.6700 0.0107
2.2744 -0.4911 -0.0914
2.7821 -0.4709 -0.2172
2.9708 -0.4666 -0.3265
2.9769 -0.5436 -0.4255
2.8267 -0.7238 -0.5006
2.5793 -0.7977 -0.5287
2.2702 -0.7800 -0.4695
2.0105 -0.8814 -0.4145
1.7460 -1.0372 -0.3827
1.6416 -0.9981 -0.4255
1.6886 -0.7427 -0.4683
1.7082 -0.5937 -0.4866
1.6153 -0.5143 -0.5330
1.3190 -0.7073 -0.7389
0.8988 -1.0573 -0.9386
0.6184 -1.3762 -1.1414
0.5023 -1.7116 -1.0883
0.5689 -1.8631 -0.8122
0.6025 -1.7702 -0.3113
0.4021 -1.2907 0.0107
0.0356 -0.7213 0.1402
-0.4757 -0.1306 0.1469
-0.7878 0.1308 0.1548
-0.8599 -0.1264 0.2764
-0.6999 -0.0983 0.3136
-0.5649 0.3648 0.2721
-0.5264 1.1528 0.0998
-0.7774 1.2188 -0.1567
-1.1452 1.1442 -0.1860
-1.1482 1.0483 -0.1860
-0.9424 1.0123 -0.1659
-0.8239 1.0630 -0.0101
-0.9870 1.3000 -0.0883
-1.2814 1.9170 -0.3595
-1.3956 2.3171 -0.5416
-1.3816 2.3208 -0.6063
-1.2564 2.1754 -0.6094
-0.5698 1.6195 -0.5147
-0.4720 0.5254 -0.2960
-0.7280 0.4356 -0.5874
-1.0187 0.7496 -1.0193
-1.4433 0.9830 -1.2422
-1.4237 0.9329 -1.1805
-1.2136 0.9097 -1.0810
-0.3682 0.7850 -0.5996
-0.0640 0.4540 -0.3895
-0.2289 0.1015 -0.2508
-0.6168 -0.2168 -0.3626
-1.1317 -0.3035 -0.6870
-1.5624 -0.1074 -0.9252
-1.6021 0.2322 -0.9832
-0.3529 0.1241 -1.0132
0.2757 0.9255 -0.6924
0.5390 0.7001 -0.6350
0.5909 0.6397 -0.5184
0.3582 0.3916 -0.3498
0.1260 -0.0213 -0.1537
0.0136 -0.1184 -0.0559
-0.0065 -0.1319 -0.0413
0.0875 0.1216 0.0113
-0.4757 0.5230 0.0779
