D10
~A445
-1.4916 3.0144 6.4286
0.3663 3.0790 7.5180
0.4286 3.0910 7.6066
0.5076 3.0910 7.6545
0.4214 3.1580 7.6377
0.2897 3.2251 7.5899
0.2945 3.2658 7.5587
0.4166 3.3448 7.6042
0.4573 3.4023 7.7575
0.4142 3.4573 7.9035
0.4669 3.4837 8.0017
0.4812 3.4837 8.2698
0.3065 3.4573 8.5356
-0.2993 3.4693 8.5907
-1.0583 3.5387 8.4949
-1.7550 3.6824 8.3656
-2.2746 3.9003 8.1932
-2.3943 3.9745 8.1453
-2.5307 3.9218 8.3440
-2.4853 3.9793 8.6864
-2.1716 4.0128 8.8899
-1.8005 3.9506 9.0815
-1.4150 3.9937 9.5268
-1.1612 4.0248 9.7519
-0.8548 3.9913 9.8069
-0.7303 4.0032 9.5484
-0.7494 4.0463 9.2275
-0.8308 3.9506 8.9378
-0.9457 3.7375 8.5619
-0.9290 3.6728 8.3991
-0.6776 3.6537 8.3417
-0.5339 3.8763 8.1645
-0.6848 4.1158 7.9921
-0.7063 4.3312 7.7934
-0.7805 4.5802 7.7024
-0.8619 4.9202 7.7191
-1.2426 5.5451 7.7694
-2.0112 6.7686 7.4989
-2.1716 7.0368 6.9530
-1.1540 6.5819 6.5412
0.0623 6.5555 6.7183
0.7326 6.9817 7.4366
1.3145 7.5946 9.2515
1.5252 7.2954 10.9466
1.0080 6.8093 12.1078
-0.2921 6.6537 12.5460
-1.0631 6.7590 12.1055
-1.0008 6.7327 11.3584
-0.7231 6.8093 10.3457
-0.1868 6.7399 9.7902
0.4980 6.6537 9.6896
1.0966 6.5292 9.9123
1.4845 6.4047 10.0392
1.7215 6.1964 9.8572
1.7766 6.0144 9.4718
1.5347 5.8396 8.3010
1.3552 5.7032 7.9250
1.3097 5.6289 7.6713
1.2929 5.5547 7.1493
1.5156 5.4757 6.8907
1.7047 5.3775 6.8788
1.5754 5.1956 7.1469
1.4318 5.0088 7.3911
1.2785 4.8340 7.5779
0.9960 4.6401 7.6521
0.7422 4.4653 7.6880
0.5842 4.2642 7.6713
0.3879 3.9984 7.6760
0.2466 3.7255 7.8293
-0.0814 3.4430 7.9873
-0.6297 3.3664 7.9849
-1.0870 3.3089 7.7910
-1.8412 3.2873 7.3839
-2.3536 3.5507 7.0799
-3.1197 4.2498 6.8141
-3.0862 4.5252 6.8404
-2.6385 4.7263 7.1134
-2.1501 4.7981 7.3313
-1.5371 5.1716 7.4749
-0.7805 5.8013 7.7742
-0.2706 6.3353 8.2100
-0.1508 6.9434 8.6816
-0.3113 7.3432 9.0575
-0.0215 6.7973 8.9761
0.1844 6.3113 8.8732
-0.0024 6.1509 9.0073
-0.6153 5.7630 9.5963
-0.9362 5.4278 9.9315
-1.3480 5.2411 10.3265
-1.7191 5.0878 10.6066
-1.6736 4.9490 10.6713
-1.4414 4.9729 10.4678
-0.9649 5.0352 10.1661
-0.4573 5.1261 9.9578
0.1317 5.0543 9.9219
0.7470 5.0136 10.0200
1.1229 4.8867 10.1182
1.4940 4.4941 10.0943
1.5419 4.4222 10.0488
1.6497 4.2355 9.7399
1.6736 4.0870 9.5388
1.6784 3.8452 9.0623
1.6832 3.6441 8.6146
1.7263 3.4693 8.1741
1.8340 3.3065 7.8197
1.9944 3.1485 7.5779
2.1333 3.0719 7.3241
2.0734 3.0742 6.7878
1.7502 3.0862 6.1940
1.4390 3.0264 5.8684
0.4717 2.8636 5.2746
-0.5794 3.1964 4.9322
-1.5395 3.9075 4.7574
-2.0184 4.6018 4.8747
-1.9825 5.1118 5.0519
-2.0902 5.5140 5.3584
-2.3320 5.7822 6.0455
-3.1150 6.0240 6.9266
-4.2498 6.9578 7.5037
-4.7455 8.0543 7.5252
-4.2235 7.7790 6.7375
-3.4454 7.3432 5.8133
-3.0072 7.8029 5.8085
-2.0112 8.7128 7.0272
-1.1397 8.6266 8.7367
-0.8931 8.0280 10.3792
-1.3216 7.4534 11.6553
-1.8819 7.3385 12.1438
-2.1022 7.4797 12.1414
-1.3743 7.7000 11.6434
-0.3376 7.6856 10.9155
0.3544 7.6521 10.3409
1.1109 7.5659 9.7591
1.6568 7.4438 9.2611
1.9418 7.2690 8.8468
2.0495 7.0655 8.3584
1.2259 6.3760 7.7287
0.5267 6.0743 7.7934
-0.1293 5.8708 7.8221
-0.9840 5.7032 7.9011
-1.2618 5.6936 7.8987
-1.5371 5.7008 7.7958
-1.1062 5.7032 7.1804
-0.8859 5.7989 6.9003
-0.4645 5.9258 6.5148
-0.2251 5.8636 6.1533
-0.2035 5.7870 5.8827
-0.3879 5.8468 5.5978
-0.5459 5.9115 5.5427
-0.7374 5.9809 5.8133
-0.8500 5.7103 6.6369
-0.9146 5.5212 7.2499
-1.2115 5.6026 7.5755
-1.2163 6.0024 7.8317
-0.8452 6.1006 8.0519
-0.3496 6.0743 8.1908
0.0886 6.1413 8.0831
0.4286 6.1988 7.9945
1.1038 6.5459 7.9394
1.2426 6.7758 7.9227
1.0080 7.1637 7.7958
0.7470 7.1038 7.6282
0.9098 6.7830 7.6593
1.2929 6.4789 8.3153
1.5180 6.2826 9.3329
1.1014 5.6601 11.1501
0.6201 5.3129 11.7080
0.1484 5.1237 11.7966
-0.0742 5.0543 11.5141
0.0503 5.1142 10.9251
0.2753 5.1549 10.5899
0.7279 5.2219 10.2786
1.4437 5.2267 9.9171
1.6904 5.1237 9.5460
1.7358 4.9633 9.1940
1.6568 4.6593 8.7056
1.4821 4.3959 8.2626
1.3288 4.1780 7.8676
0.9984 3.8979 7.3648
0.7638 3.7111 7.1804
0.2227 3.3209 6.9937
-0.0646 3.1868 6.9626
-0.2011 3.1676 6.8548
-0.2418 3.1748 6.8021
-0.2538 3.2107 6.6561
-0.0239 3.4286 6.1078
0.1508 3.5411 5.8540
0.2634 3.6489 5.7127
0.4214 3.7494 5.7774
0.4477 3.8811 6.0599
0.3376 3.9865 6.5100
-0.1006 4.1182 7.3480
-0.4860 4.1253 7.8149
-0.8476 4.1589 8.3536
-1.1493 4.3648 8.6745
-1.3528 4.7287 8.7822
-1.5635 5.2339 8.8636
-1.6688 5.8325 8.8085
-1.6161 6.3951 8.6074
-1.5778 6.8907 8.5069
-1.6449 7.2092 8.3488
-1.8412 7.5779 8.1477
-2.1213 8.0088 7.9681
-1.9753 7.9394 7.8676
-1.4198 7.4677 7.9849
-0.7686 7.3528 8.8277
-0.1173 7.4606 9.7782
0.5770 7.2594 11.0304
0.7183 6.9745 11.8229
0.5722 6.7878 12.3209
0.5100 6.6513 12.2443
0.6824 6.4741 11.6074
1.0032 6.2730 10.5540
1.1301 6.0360 9.2108
1.1493 5.6864 8.1741
1.1397 5.4326 7.4318
1.0295 5.2770 6.6034
0.8643 5.1190 5.8899
0.7614 5.0328 5.5523
0.6201 4.8556 5.1261
0.5291 4.7766 5.1309
0.3807 4.6569 5.2890
-0.6081 4.1205 6.5268
-1.0678 3.8835 6.7614
-1.2594 3.8284 6.7303
-1.1708 4.0008 6.2730
-0.9936 4.1062 6.0168
-0.7686 4.2091 5.8013
-0.4573 4.3193 5.7487
0.0048 4.2163 6.1365
0.1915 4.0846 6.6178
0.1101 3.8500 7.1948
-0.2275 3.6201 7.2618
-0.5818 3.5914 7.0847
-1.1373 3.7830 6.5220
-1.1828 3.8141 6.4765
-2.3608 4.9705 5.9689
-3.1700 5.8348 6.5196
-3.6465 6.5675 7.6880
-3.1844 6.5579 9.2132
-2.0950 6.0503 10.6641
-1.4868 5.9713 11.4925
-0.6632 6.5268 13.0871
-0.3113 6.7088 13.9036
0.2394 6.4023 13.8198
0.3544 6.2299 13.0033
0.2394 6.4191 12.0600
0.4693 6.4693 10.9586
0.7638 6.2467 10.3241
0.7757 5.9163 10.0703
0.5100 5.5739 9.9315
0.3017 5.1692 9.9243
0.2610 4.9490 9.9841
0.2682 4.2450 10.2259
0.2921 3.8356 10.1829
0.3472 3.5339 9.9458
0.4022 3.3089 9.5963
0.4238 3.1413 9.1150
0.4166 3.0359 8.7750
0.3735 2.9066 7.7455
0.4477 2.9641 7.2618
0.6967 2.8731 7.1134
0.8859 2.7630 6.9793
1.0176 2.6792 7.0080
1.1493 2.5691 6.7710
1.0750 2.5619 6.4741
1.0487 2.5547 6.2323
0.9386 2.6385 5.8277
0.6656 2.7845 5.4158
0.4358 2.8061 5.1429
0.3807 2.8300 5.0399
0.3567 3.0719 4.8508
0.4956 3.2802 5.2291
0.5028 3.4047 5.7654
0.3544 3.6369 6.8883
-0.1844 4.1062 8.4015
-0.5004 4.4653 8.9666
-0.6273 4.6593 9.0551
-0.2658 4.8915 8.9354
-0.4262 5.1405 8.9187
-1.1540 5.8564 8.9977
-1.7766 6.4358 9.1389
-1.7813 6.2203 9.4550
-1.1564 5.6385 9.9434
-0.5291 5.5882 11.3728
-0.5674 5.5954 11.7343
-0.8404 5.4685 12.1198
-1.2283 5.1956 12.4670
-1.4126 4.8963 12.7040
-1.3456 4.7024 12.5915
-1.3216 4.6856 12.5556
-0.1724 4.6257 11.4734
0.4405 4.5372 11.1549
0.7997 4.4581 11.0161
1.1277 4.3001 10.9538
1.0607 4.1373 10.8030
0.7614 4.1253 10.5013
0.5220 4.1325 10.1972
-0.2658 4.1158 9.0911
-0.5938 4.2067 8.4326
-0.6536 4.3648 8.0065
-0.3400 4.5587 7.7263
0.0742 4.5802 7.7215
0.7518 4.5156 8.2650
1.0702 4.4581 8.8684
1.4940 4.1445 9.4981
1.6568 3.8404 9.7160
1.2211 3.2921 9.9123
0.3424 2.6720 9.5148
-0.0407 2.1955 8.9881
-0.4214 1.8292 8.3536
-0.9338 1.8532 7.8652
-1.1876 1.9346 7.5731
-1.2067 2.0447 7.4390
-0.2155 2.4206 8.2195
0.5076 2.8228 9.0240
1.0607 3.1676 9.7447
1.4150 3.5052 10.4223
1.4509 4.0511 11.3704
1.6137 4.1062 11.7559
2.1596 4.0032 11.9762
2.3392 4.0224 11.8181
2.3608 4.0463 11.5643
2.3536 3.7734 11.2435
2.1022 3.5244 11.0615
1.7406 3.3711 11.0520
1.5682 3.2323 11.1956
1.6401 3.0719 11.4279
1.7694 2.8061 11.7726
1.7598 2.6600 11.8564
1.6664 2.5044 11.9067
1.5180 2.3943 10.8413
1.2307 2.6193 9.4741
1.1229 2.7726 8.4901
1.1660 2.8300 7.0871
1.2211 2.8755 6.5603
1.3959 2.9474 6.1844
1.8843 3.0479 5.9977
2.1596 3.0886 5.9594
2.3488 3.1509 6.0599
2.3416 3.1988 6.2754
2.0758 3.2179 6.5436
1.9801 3.2251 6.5914
0.9697 3.2227 6.8764
0.4214 3.1844 6.9075
0.0287 3.2299 6.9027
-0.5507 3.3951 6.9075
-0.8452 3.5100 7.0703
-0.9721 3.9769 8.2148
-0.7422 4.2211 8.9690
-0.4190 4.5204 9.9602
-0.3711 4.6449 10.2068
-0.1508 4.9849 9.9602
0.1604 5.0304 9.4023
0.1939 5.0519 9.3496
0.7805 5.7774 9.0192
0.9122 5.6696 9.6106
1.2331 5.3440 10.2810
1.5539 4.9226 10.9993
1.6999 4.6569 11.4255
1.6951 4.5946 11.4877
0.8260 4.3552 11.4710
0.4429 4.2738 11.1094
0.2945 4.1636 10.3074
0.4621 4.2450 9.7662
0.9338 4.3719 9.6106
1.9322 4.4486 9.9051
2.2961 4.4605 9.9338
2.3919 4.4845 9.7902
2.2267 4.3959 9.3042
1.9106 4.3576 8.8109
1.5299 4.3312 8.1022
1.1732 4.3145 7.5755
1.1109 4.3193 7.4893
0.6273 4.4103 7.1086
0.4190 4.4294 7.1086
0.1987 4.4534 7.1206
0.0048 4.5779 6.9290
0.2753 4.7718 6.4238
0.6848 4.7550 6.4023
0.8093 4.9585 6.5771
0.7805 5.2219 6.9458
0.6991 5.1932 7.2307
0.4908 4.7598 7.3193
0.2346 4.5036 7.1589
-0.0455 4.5611 7.0248
-0.0359 4.7670 7.3001
-0.0383 4.7670 8.8014
-0.2155 4.4725 9.4502
-0.4262 4.2235 9.9051
-0.3879 4.2786 10.2116
0.2227 4.7742 10.6737
0.3591 4.8556 10.7455
2.1740 4.4701 10.4845
2.6912 4.1636 10.0703
2.7391 4.1469 10.0057
2.8109 4.1253 9.8237
1.5659 3.5962 10.4582
1.2115 3.4166 10.5683
0.5698 3.0695 10.2140
0.5627 3.1126 9.6082
0.6776 3.2514 9.2994
1.2522 3.3927 8.8397
1.2857 3.3975 8.8061
1.5682 3.5028 8.5739
1.6664 3.5004 8.5284
1.6568 3.4406 8.4566
1.4198 3.3496 8.2794
1.1493 3.2682 7.9705
0.9170 3.1461 7.9610
0.8835 3.0192 8.1190
0.9409 2.8372 8.3345
0.9529 2.7295 8.3584
1.0702 2.5547 7.9705
1.1804 2.5858 7.5420
1.2785 2.6529 7.1493
1.3480 2.7965 6.5579
1.1373 2.9162 6.1844
0.6967 3.0048 6.2060
0.3304 2.9881 6.4526
-0.1604 2.9186 7.0871
-0.3304 2.9641 7.9993
-0.3951 3.3041 9.3927
-0.2466 3.6130 9.6920
0.0431 3.8668 9.5484
0.2921 4.1469 9.2898
0.9170 4.9490 9.2730
1.6042 5.5954 10.0488
2.1333 5.9737 10.9801
2.4134 6.1557 11.9881
2.4685 6.1006 12.4167
2.7127 5.3656 13.1877
2.5667 5.1956 13.3840
2.1955 5.1788 13.7024
1.5515 4.9561 14.1478
1.0990 4.6736 14.2052
0.9864 4.6210 14.1502
0.4286 4.3935 12.4598
0.6153 4.4079 11.8229
0.9984 4.5060 10.8700
1.7430 4.6856 9.5891
1.8005 4.6856 9.5891
2.3679 4.6928 8.3776
2.2051 4.6018 7.9203
1.9226 4.4988 7.5683
~M445
15.5400 -1.2600 -39.1200
15.7200 -1.6200 -38.4000
15.7800 -1.7400 -37.9800
14.8200 -2.4600 -38.7000
14.0400 -2.2800 -38.8200
14.4000 -1.6200 -38.9400
14.7000 -1.5000 -39.0600
14.8800 -1.8600 -38.4600
14.3400 -1.8600 -38.5200
14.1000 -1.8600 -38.6400
14.1000 -1.8000 -39.3000
13.6200 -1.5000 -39.7200
13.3800 -2.1600 -39.5400
12.7200 -1.9800 -39.4200
12.9600 -1.6200 -39.9600
12.6000 -1.4400 -40.3800
12.2400 -1.6800 -40.3800
12.2400 -1.9800 -40.9200
12.2400 -1.8600 -40.0200
12.2400 -1.7400 -39.6000
11.2200 -1.2600 -39.7200
10.8600 -1.9200 -40.7400
10.7400 -2.5800 -40.9200
10.0800 -2.7000 -40.6800
10.2600 -3.0000 -40.4400
10.0200 -3.3600 -40.4400
9.9000 -2.8800 -41.3400
9.2400 -3.4800 -41.6400
9.2400 -3.8400 -41.6400
8.7600 -4.3200 -41.2800
8.9400 -4.0200 -41.1000
9.2400 -4.1400 -40.2000
10.1400 -4.4400 -39.2400
10.6200 -4.5000 -39.3600
9.9000 -3.8400 -39.8400
8.9400 -3.1200 -39.7200
9.0000 -2.9400 -39.2400
9.5400 -1.7400 -39.7200
9.6600 -1.2000 -39.8400
9.6000 -1.0200 -39.9600
9.9600 -1.0200 -39.5400
9.5400 -1.2600 -39.9000
9.6000 -1.0800 -39.6000
9.3000 0.1200 -40.3800
9.2400 0.4200 -41.7000
9.5400 0.0600 -41.2800
9.9600 -1.0800 -40.3200
9.4800 -1.6800 -40.0800
9.6000 -2.0400 -39.7800
9.7800 -2.5200 -40.4400
9.3000 -2.7000 -41.0400
7.7400 -2.4000 -42.0000
6.8400 -2.1600 -42.0000
6.6000 -2.4600 -41.8800
6.6600 -3.3000 -40.9200
6.5400 -3.7800 -40.5600
6.5400 -3.8400 -40.8600
6.3000 -4.5000 -41.3400
5.9400 -4.9800 -41.6400
5.2800 -5.8800 -41.8200
5.8800 -6.3600 -41.8800
5.7600 -6.7200 -42.3600
4.8000 -6.3600 -43.0200
4.3200 -6.0000 -42.9600
3.7800 -6.3600 -42.3600
3.9600 -7.3200 -42.1200
4.2600 -6.9600 -41.9400
5.1600 -5.8200 -41.8800
4.9200 -4.2000 -42.0600
4.5600 -3.3600 -42.2400
5.2800 -2.8200 -42.7200
6.0000 -2.5200 -42.8400
5.4000 -2.8200 -43.2000
5.5200 -2.8800 -43.2000
4.6800 -3.0000 -43.1400
4.8600 -3.4800 -43.1400
5.8200 -3.9000 -43.3200
6.6000 -4.8000 -42.2400
5.7600 -5.8200 -42.2400
4.3200 -6.3000 -42.8400
3.3600 -7.4400 -42.6600
3.1200 -7.8600 -42.8400
2.4000 -8.4000 -43.0800
2.4600 -9.0600 -43.0800
1.5000 -9.5400 -41.9400
0.4800 -10.2000 -42.0000
0.1800 -10.7400 -42.3000
-0.3600 -10.9200 -42.6600
-0.4200 -10.5600 -42.1800
-0.2400 -10.3800 -41.4000
-0.0600 -9.9600 -41.7000
-0.6600 -9.7200 -41.6400
-1.3200 -9.0600 -42.1200
-1.2000 -7.5600 -43.5600
-1.1400 -5.5800 -44.1600
-0.8400 -4.6800 -43.4400
-0.8400 -4.0200 -43.5600
-1.6800 -3.7800 -43.9200
-2.0400 -4.0200 -44.5200
-2.6400 -4.0200 -44.4000
-2.2200 -4.8600 -43.8000
-2.4000 -5.1600 -43.2600
-1.5600 -5.4600 -42.1200
-1.4400 -5.2800 -42.6000
-1.6200 -4.9800 -43.2000
-2.8200 -5.1000 -43.6800
-3.8400 -5.8800 -43.6200
-4.0800 -7.5000 -43.0800
-4.3200 -7.9800 -43.0200
-4.7400 -8.2200 -42.4800
-5.7000 -8.5200 -43.1400
-5.5200 -8.4600 -42.7800
-5.4000 -8.8800 -42.9600
-4.6800 -8.7600 -42.3600
-5.0400 -9.3000 -42.7200
-4.7400 -9.7200 -42.0600
-4.2600 -9.7800 -41.8800
-4.7400 -9.7200 -42.1800
-5.5200 -9.9600 -43.5600
-5.7600 -9.7800 -43.6800
-5.2200 -9.2400 -43.7400
-4.1400 -8.8800 -43.0200
-4.2000 -9.0600 -42.8400
-4.6800 -8.8200 -43.3200
-4.3200 -7.2600 -44.1000
-3.4800 -6.3600 -44.2200
-3.0600 -5.5800 -43.6800
-3.1200 -5.2200 -43.7400
-3.1800 -4.7400 -43.8600
-4.0200 -4.9800 -44.2200
-4.6200 -5.0400 -44.4600
-4.3200 -5.5800 -44.7000
-4.0200 -5.7600 -43.8000
-3.9600 -5.0400 -43.7400
-3.9600 -5.0400 -43.6800
-4.3800 -5.8200 -43.8600
-5.1600 -7.1400 -44.0400
-5.6400 -7.3800 -43.8000
-6.0600 -7.3800 -43.0800
-5.8800 -8.5800 -42.0600
-6.3600 -9.0000 -42.2400
-6.9600 -8.8200 -42.6600
-7.3200 -8.8800 -43.3800
-7.0200 -8.7000 -42.9000
-7.2000 -8.8800 -43.2000
-7.0800 -9.1200 -43.9200
-6.6000 -8.8800 -43.5000
-6.5400 -8.9400 -43.3200
-6.2400 -8.7000 -43.3200
-5.2800 -9.5400 -42.9600
-4.9200 -9.3000 -42.9600
-5.1600 -9.0600 -42.8400
-6.0000 -8.1000 -43.9200
-6.7800 -6.9000 -44.2800
-7.1400 -5.7600 -44.0400
-6.4200 -5.3400 -43.4400
-6.1200 -5.2200 -43.0800
-7.2000 -5.4000 -44.3400
-7.1400 -6.0000 -44.6400
-6.7200 -6.6000 -43.9200
-6.4200 -6.4200 -43.2000
-5.2800 -6.4200 -42.1800
-4.6200 -6.9000 -42.3000
-4.8600 -7.0200 -43.3800
-5.7600 -7.3800 -44.0400
-5.2800 -7.5600 -44.1000
-5.6400 -7.9200 -43.6800
-6.0000 -8.2800 -43.6200
-5.8200 -8.0400 -43.9800
-5.8200 -7.8000 -43.9200
-6.0600 -7.8600 -44.5200
-5.8800 -7.8000 -44.5200
-5.8800 -7.9200 -44.7600
-5.5200 -8.1600 -44.8200
-5.1000 -7.8600 -44.1000
-4.4400 -7.1400 -43.9800
-4.3200 -7.3200 -43.6800
-5.1000 -7.5000 -44.4600
-5.6400 -7.0800 -45.0000
-6.2400 -6.6000 -44.7000
-5.8800 -5.9400 -44.0400
-5.4600 -5.6400 -43.8000
-6.0600 -5.6400 -44.4000
-6.5400 -5.5200 -45.1200
-6.4200 -5.1000 -45.0000
-5.9400 -4.5600 -44.9400
-5.7600 -4.6200 -44.8200
-6.4200 -4.4400 -45.1800
-6.4200 -3.2400 -44.9400
-6.5400 -2.9400 -44.4600
-7.1400 -3.0000 -44.2200
-7.5600 -3.4200 -44.4600
-7.7400 -3.9600 -44.7000
-7.9200 -3.7800 -44.4000
-8.1600 -3.1800 -43.9200
-9.3600 -3.6000 -44.0400
-9.4800 -3.7800 -44.2200
-9.3600 -4.0200 -44.3400
-9.2400 -4.1400 -44.2800
-10.0800 -6.1800 -43.4400
-11.1600 -6.4200 -43.5000
-11.8200 -5.9400 -43.6200
-12.0600 -6.1800 -43.5000
-11.8800 -6.6000 -43.6800
-12.1200 -6.3000 -43.5600
-11.7600 -6.7200 -43.1400
-11.5800 -6.5400 -43.0200
-11.5800 -6.7800 -43.1400
-12.1800 -6.4200 -43.5000
-12.4200 -6.6000 -43.3800
-12.5400 -6.3000 -43.1400
-13.0200 -5.2800 -43.4400
-13.2600 -3.9000 -43.4400
-13.1400 -3.7800 -43.4400
-13.0200 -3.1800 -43.4400
-13.4400 -2.3400 -43.6200
-14.1600 -1.8000 -43.2000
-14.7000 -1.5600 -43.5000
-14.5200 -1.0800 -43.7400
-15.0000 -0.7200 -43.0200
-14.4000 -0.4800 -43.1400
-13.3200 -0.0600 -44.1000
-13.4400 -0.1800 -43.2000
-12.3000 -0.7800 -42.4800
-12.1800 -1.4400 -42.3000
-13.7400 -1.5000 -43.6200
-13.8600 -1.0200 -44.0400
-14.8800 -1.8000 -44.8800
-14.5200 -1.7400 -44.2200
-14.6400 -1.9800 -44.4600
-13.9800 -1.9800 -43.5000
-13.6800 -1.9800 -43.6200
-12.9600 -2.9400 -44.3400
-13.0800 -3.0600 -44.5200
-13.5000 -2.9400 -44.5200
-13.5600 -2.9400 -44.5200
-14.0400 -2.5200 -44.2800
-13.5000 -2.5800 -43.3200
-13.2600 -2.3400 -43.2000
-13.9800 -1.2600 -44.0400
-14.3400 -1.0200 -44.4000
-14.7000 -0.6600 -44.4600
-14.7000 -0.6000 -44.5800
-14.1600 -0.3600 -44.2800
-14.4600 0.3000 -43.9200
-14.1000 0.9000 -43.6800
-13.2600 0.4800 -44.1600
-12.4200 -0.0600 -45.1800
-11.9400 -0.7800 -44.7600
-11.9400 -1.8000 -44.5800
-12.2400 -2.3400 -44.5200
-12.6600 -2.5200 -45.0600
-13.0800 -2.3400 -44.7600
-13.0200 -2.4600 -44.7600
-12.8400 -2.9400 -44.7000
-13.0800 -3.4800 -43.8000
-13.6800 -4.3800 -43.9800
-14.8800 -4.9200 -43.9800
-14.2800 -5.4600 -43.6200
-14.8200 -5.3400 -43.7400
-15.1200 -5.6400 -43.2600
-14.2800 -5.5200 -43.2600
-14.7000 -5.8200 -43.0200
-15.1800 -5.0400 -43.9800
-14.7600 -4.9200 -43.9200
-14.2200 -4.5600 -43.6800
-13.5000 -4.5000 -43.4400
-13.0200 -3.6600 -44.5200
-13.3800 -3.3000 -44.4600
-13.8000 -2.8800 -45.1800
-13.8000 -2.7600 -44.5800
-13.6800 -2.4000 -44.7000
-14.1000 -1.9800 -44.1000
-14.0400 -1.4400 -43.8600
-14.4000 -1.3800 -44.1600
-14.5800 -1.3800 -44.1600
-14.5800 -2.2200 -44.6400
-14.2800 -2.7600 -44.1000
-13.4400 -2.5200 -42.7200
-13.5600 -2.8800 -42.7200
-14.1000 -3.7800 -42.6600
-14.2200 -4.5600 -42.0000
-14.3400 -4.8600 -42.3000
-13.9200 -4.9200 -42.6600
-14.0400 -5.4000 -43.9800
-14.2800 -5.6400 -44.7000
-14.5800 -5.4600 -45.3000
-14.8200 -5.3400 -45.0000
-14.4600 -5.1600 -44.9400
-14.1000 -5.3400 -45.0600
-13.0800 -5.1600 -44.5800
-13.0800 -4.8000 -44.5800
-12.9600 -4.7400 -44.7000
-12.4800 -4.3200 -45.0600
-11.5200 -3.8400 -45.4800
-10.4400 -3.6600 -45.9000
-9.3600 -3.0600 -45.9600
-8.9400 -2.4000 -46.0800
-8.9400 -1.2000 -45.4200
-8.8800 -0.6600 -45.6000
-8.9400 -0.7800 -45.7800
-8.4600 -0.7200 -46.3200
-8.1600 -0.6000 -45.5400
-8.4600 -0.0600 -46.2000
-8.4600 0.0600 -46.5600
-8.1000 0.0000 -46.5000
-8.0400 -0.3600 -46.6200
-7.8600 -0.3000 -46.3200
-8.8200 -0.3600 -46.3200
-8.0400 -0.9600 -45.0000
-7.9800 -1.3800 -45.1800
-7.8000 -1.7400 -45.1200
-8.9400 -2.7600 -46.1400
-8.9400 -2.6400 -46.2600
-8.8800 -2.4600 -46.0200
-8.1000 -1.8000 -46.3200
-8.2200 -1.9200 -45.7800
-7.5600 -1.6800 -45.6600
-7.3800 -1.4400 -45.9600
-7.5600 -1.4400 -46.0200
-7.8000 -1.4400 -45.9600
-8.1600 -0.4800 -46.0800
-8.3400 0.8400 -46.0800
-8.0400 1.6200 -45.5400
-8.1000 2.1000 -45.0000
-7.9800 3.2400 -45.9600
-7.7400 3.3600 -45.8400
-7.3800 4.2000 -45.7200
-7.2600 4.7400 -45.7800
-6.6000 5.0400 -45.1800
-6.3000 5.1000 -45.3600
-6.0000 4.7400 -45.6600
-5.6400 4.5000 -45.7800
-5.0400 4.2600 -46.1400
-4.7400 4.5000 -45.7800
-4.3200 4.5600 -44.9400
-3.7200 4.5600 -44.8800
-3.7200 4.5000 -45.0000
-4.2000 3.6600 -46.1400
-4.2600 3.2400 -45.6600
-3.6000 3.1200 -45.8400
-3.3000 3.0000 -45.3000
-2.7600 2.4600 -44.7000
-2.4000 1.2600 -43.9200
-2.2800 0.3600 -44.5200
-1.5600 -0.1800 -44.5800
-1.6200 -0.5400 -44.2800
-2.7000 -0.4800 -44.7000
-3.1800 -0.3000 -45.7200
-3.7800 0.9000 -46.2000
-4.3200 2.1600 -46.4400
-4.2000 2.3400 -46.0200
-4.8000 3.8400 -45.6600
-4.5600 4.5600 -45.5400
-3.6600 6.1200 -44.6400
-3.7800 6.5400 -44.5200
-3.7200 6.9000 -44.4600
-3.5400 7.2000 -44.9400
-3.5400 7.1400 -44.7600
-2.6400 6.7800 -43.3200
-2.1000 6.7200 -42.7200
-1.7400 6.6600 -43.2000
-2.0400 6.9000 -43.3200
-1.9200 6.3600 -43.1400
-1.9800 6.0600 -43.0800
-2.0400 5.5200 -43.2000
-2.5200 4.1400 -42.6000
-2.8200 2.8800 -42.5400
-2.5200 2.1600 -42.9600
-2.1000 1.2000 -43.0200
-3.3000 0.1800 -42.5400
-4.8000 -0.4800 -42.3600
-6.3000 -1.6200 -42.0000
-7.0200 -2.5800 -41.8800
-8.3400 -2.8200 -43.2000
-9.3000 -3.0000 -43.3800
-10.3200 -5.2200 -43.6200
-9.6600 -5.7600 -43.8000
-10.5000 -6.3000 -44.0400
-10.9200 -6.8400 -44.1000
-11.8200 -7.0200 -43.3200
-12.3600 -7.0800 -43.2600
-12.7200 -7.9200 -42.7200
-13.2000 -9.7800 -42.0600
-13.5000 -11.5800 -41.7600
-13.8600 -12.4200 -41.2800
-14.7000 -12.4200 -41.0400
-15.0000 -12.3600 -40.7400
-15.1200 -12.6600 -40.5600
-15.3000 -12.6600 -40.3200
-14.1000 -13.2000 -39.3000
-13.5600 -13.5000 -38.7600
-13.6200 -13.8600 -38.2200
-14.7000 -14.6400 -38.5200
-14.3400 -15.0000 -38.1000
-14.4600 -15.5400 -37.2000
-15.1200 -15.4200 -37.4400
-16.0200 -14.8800 -37.6800
-16.5000 -15.0000 -37.3200
-16.9200 -15.6000 -37.0800
-16.2000 -15.9000 -36.2400
-14.5800 -16.5600 -36.1200
-14.4000 -17.1000 -36.1800
-15.3600 -17.1600 -36.9000
-15.8400 -17.2800 -37.6200
-16.1400 -17.0400 -38.1600
-15.2400 -17.3400 -38.2800
-15.2400 -17.3400 -38.7000
-14.9400 -17.6400 -37.8600
-15.4800 -17.5800 -37.9800
-16.3800 -17.3400 -38.8200
-16.0800 -17.1000 -38.7000
-15.4800 -16.8000 -38.5200
-15.1200 -16.6800 -38.4000
-12.6600 -17.4600 -39.7800
-13.3200 -17.8800 -40.1400
-11.9400 -19.4400 -38.2200
-11.1000 -20.1600 -37.6800
-10.9800 -20.8800 -36.8400
-10.9200 -21.1800 -36.5400
-11.1000 -22.2600 -36.6000
-11.5800 -23.0400 -36.9600
-11.1600 -23.7000 -37.2000
-10.8600 -23.5800 -36.9000
-10.6200 -24.3000 -36.2400
-10.3800 -25.0800 -35.7600
-10.1400 -25.6800 -35.4600
-10.3200 -25.2600 -35.6400
-10.4400 -25.1400 -35.9400
-10.2000 -25.4400 -36.2400
-9.7200 -25.9200 -35.7600
-9.0000 -26.4600 -34.8600
-9.0600 -26.5200 -34.2000
-8.7600 -26.5200 -34.8000
-8.8200 -26.4600 -35.9400
-8.8800 -26.5200 -35.8800
-9.2400 -26.5800 -35.7600
-8.1600 -26.4000 -34.9200
-7.7400 -26.2200 -35.6400
-7.5600 -26.0400 -35.9400
-7.5000 -26.1600 -35.7600
-8.0400 -25.7400 -36.1800
-7.2600 -25.4400 -36.9000
-7.1400 -26.1000 -36.6000
-7.2600 -26.1600 -35.9400
~G445
-0.0063 -0.0672 -0.5201
0.0524 -0.0922 -0.5390
0.1361 -0.1490 -0.5867
0.2173 -0.1655 -0.6404
0.2796 -0.1790 -0.6679
0.3150 -0.2236 -0.6740
0.3291 -0.3097 -0.6942
0.3132 -0.3934 -0.7370
0.2931 -0.4313 -0.7669
0.2680 -0.4820 -0.7846
0.2436 -0.5076 -0.8035
0.2381 -0.5272 -0.8878
0.2729 -0.4294 -0.9721
0.3047 -0.3256 -1.0106
0.3425 -0.2443 -1.0051
0.3609 -0.2669 -0.9434
0.3517 -0.3439 -0.8793
0.3254 -0.4924 -0.8115
0.3114 -0.6860 -0.7217
0.3218 -0.7978 -0.6569
0.3334 -0.8442 -0.5842
0.3315 -0.8271 -0.5397
0.3719 -0.7489 -0.5244
0.4720 -0.6176 -0.5219
0.5453 -0.5608 -0.5586
0.5875 -0.5363 -0.6221
0.5924 -0.5125 -0.6649
0.5557 -0.5064 -0.6979
0.4763 -0.4581 -0.6911
0.4146 -0.4032 -0.6856
0.3658 -0.3293 -0.7015
0.2973 -0.1924 -0.7162
0.2088 -0.0544 -0.7040
0.1245 0.0782 -0.6850
0.0579 0.1350 -0.6545
0.0212 0.1148 -0.6166
0.0334 0.1411 -0.5763
0.0945 0.3036 -0.4883
0.0750 0.2792 -0.3362
-0.1321 -0.0293 -0.2049
-0.5341 -0.5003 -0.1915
-0.9158 -0.7501 -0.3026
-1.1083 -0.6952 -0.4425
-1.1834 -0.3622 -0.6466
-1.0832 0.0043 -0.6478
-0.8089 0.4435 -0.4663
-0.5707 0.6225 -0.2470
-0.3465 0.5602 -0.0473
-0.2213 0.2382 0.0779
-0.2024 -0.1154 0.1182
-0.2305 -0.4233 0.1097
-0.2188 -0.3861 0.1140
-0.1608 -0.1442 0.1134
-0.0710 0.1326 0.0956
-0.0606 0.1594 0.0950
0.1599 0.3751 0.0773
0.3328 0.3024 0.0834
0.4763 0.2169 0.0767
0.6229 0.0244 0.0468
0.7091 -0.2566 -0.0394
0.6724 -0.5241 -0.1866
0.5820 -0.6536 -0.3405
0.4806 -0.6591 -0.4511
0.3835 -0.5357 -0.5616
0.3212 -0.4026 -0.6386
0.2894 -0.3531 -0.6814
0.2662 -0.3207 -0.7302
0.2747 -0.3964 -0.7657
0.2937 -0.4942 -0.8023
0.3413 -0.6017 -0.8457
0.4140 -0.6347 -0.8714
0.5502 -0.5828 -0.8775
0.6077 -0.5192 -0.8604
0.7078 -0.3103 -0.7663
0.7158 -0.2395 -0.6973
0.6932 -0.1552 -0.5128
0.6639 -0.1881 -0.3857
0.6217 -0.2914 -0.2397
0.6132 -0.3751 -0.1792
0.5753 -0.5192 -0.1267
0.4458 -0.6677 -0.0907
0.2906 -0.7104 -0.1182
0.1519 -0.5247 -0.2312
0.0505 -0.1093 -0.4468
-0.0490 0.0098 -0.6148
-0.2164 -0.0611 -0.8274
-0.4210 -0.1497 -1.0534
-0.6489 -0.1087 -1.2409
-0.7735 0.0098 -1.2562
-0.8774 0.2046 -1.1884
-0.8364 0.3366 -1.0222
-0.6629 0.3665 -0.7871
-0.4956 0.2498 -0.6178
-0.3282 0.0238 -0.4706
-0.2323 -0.1301 -0.3711
-0.1895 -0.1716 -0.3094
-0.1492 -0.1240 -0.2751
-0.1040 -0.0385 -0.2648
0.0060 0.1100 -0.2525
0.1012 0.1674 -0.2257
0.3737 0.1588 -0.1530
0.5405 0.0996 -0.1298
0.8056 -0.0299 -0.1035
0.9833 -0.2211 -0.0998
1.1018 -0.4636 -0.1285
1.1397 -0.7318 -0.2000
1.1165 -0.8619 -0.2849
1.0890 -0.8766 -0.3478
1.0078 -0.7746 -0.5207
0.9235 -0.6078 -0.6685
0.8660 -0.5003 -0.7473
0.7763 -0.4074 -0.8646
0.7463 -0.6182 -0.9330
0.7317 -0.9872 -0.9642
0.6852 -1.2877 -0.9984
0.5649 -1.4722 -1.1035
0.3688 -1.3751 -1.2293
0.1257 -1.1179 -1.3246
-0.0838 -0.7679 -1.3167
-0.1889 -0.4001 -1.1633
-0.1596 -0.0470 -0.9404
-0.1297 0.1460 -0.7486
-0.2463 -0.0128 -0.5849
-0.5951 -0.4844 -0.4890
-1.1321 -1.0000 -0.4938
-1.5090 -1.1215 -0.5800
-1.9134 -0.9865 -0.7241
-2.0521 -0.5950 -0.7364
-1.9378 -0.1460 -0.5531
-1.6318 0.2560 -0.2183
-1.1675 0.3763 0.1586
-0.7839 0.2676 0.3278
-0.3105 -0.1631 0.3803
-0.1571 -0.3519 0.3614
0.1275 -0.7300 0.2429
0.1984 -0.6487 0.1427
0.1855 -0.4899 0.0529
-0.0099 0.0055 -0.1878
0.0224 0.0703 -0.2171
0.1373 0.0654 -0.2025
0.2845 -0.0495 -0.1548
0.5796 -0.3097 -0.0449
0.9161 -0.7110 0.0584
1.0072 -0.8344 0.0682
1.0102 -0.8344 0.0578
0.9901 -0.7648 0.0425
0.8282 -0.5174 -0.0546
0.6315 -0.3060 -0.1182
0.4244 -0.1228 -0.1780
0.3383 -0.0678 -0.2055
0.2075 -0.0751 -0.2428
0.1318 -0.2486 -0.3045
0.1434 -0.2767 -0.3320
0.1568 -0.2309 -0.3149
0.1605 -0.1698 -0.2275
0.1611 -0.1051 -0.1206
0.2020 -0.0684 -0.0803
0.2387 -0.0922 -0.0491
0.2265 -0.1264 -0.0363
0.1440 -0.1539 -0.0791
0.0505 -0.1051 -0.1524
-0.1181 0.1197 -0.2776
-0.2494 0.2737 -0.3258
-0.4846 0.2841 -0.3375
-0.8383 0.0837 -0.4150
-1.1736 -0.0183 -0.5665
-1.3715 0.1124 -0.6997
-1.3599 0.2938 -0.7400
-1.2042 0.4123 -0.6856
-0.9574 0.3965 -0.5488
-0.7020 0.2389 -0.3729
-0.5169 -0.0293 -0.2177
-0.3642 -0.2633 -0.1035
-0.2347 -0.4105 -0.0687
-0.1290 -0.4667 -0.0980
-0.0545 -0.4386 -0.1469
-0.0179 -0.2792 -0.2208
0.0017 -0.0892 -0.2690
0.0084 0.0935 -0.3069
0.0108 0.1851 -0.3472
0.0145 0.1906 -0.3558
0.0707 0.0825 -0.3564
0.1477 -0.0263 -0.3222
0.3004 -0.1802 -0.2556
0.3890 -0.2633 -0.2238
0.4226 -0.2981 -0.2135
0.7182 -0.6329 -0.1279
0.7628 -0.6774 -0.1328
0.7353 -0.7147 -0.1670
0.5759 -0.7837 -0.2874
0.4299 -0.7947 -0.4028
0.3193 -0.7648 -0.4969
0.1892 -0.6573 -0.6349
0.1196 -0.5919 -0.7040
-0.0093 -0.4514 -0.7681
-0.0814 -0.3238 -0.7681
-0.1187 -0.1222 -0.7192
-0.1187 -0.0263 -0.6899
-0.0900 0.1289 -0.6050
-0.0710 0.2211 -0.5146
-0.0588 0.3079 -0.4535
-0.0539 0.3537 -0.4016
-0.0979 0.2951 -0.3588
-0.1822 0.1967 -0.3124
-0.2928 0.0855 -0.2538
-0.5560 -0.2065 -0.1481
-0.8486 -0.4838 -0.0595
-1.0105 -0.5864 -0.0284
-1.0991 -0.5644 -0.0571
-0.9690 -0.4588 -0.0449
-0.7552 -0.3280 0.0217
-0.4351 -0.1442 0.1653
-0.1419 -0.0110 0.2826
0.0579 0.0257 0.3009
0.1666 0.0483 0.2856
0.2155 0.0837 0.2612
0.2662 0.2053 0.2148
0.2845 0.2718 0.1983
0.2845 0.4184 0.1671
0.2711 0.4679 0.1445
0.2155 0.4588 0.1018
0.1825 0.4184 0.0682
0.1501 0.3476 0.0217
0.2240 0.0709 -0.1353
0.3358 0.0403 -0.1035
0.4372 0.0373 -0.0369
0.5008 0.0672 0.0462
0.5014 0.0971 0.1030
0.4629 0.1118 0.1354
0.2033 0.0703 0.1360
0.1092 0.0397 0.1146
-0.2750 -0.1484 -0.1090
-0.3746 -0.1460 -0.2489
-0.3703 0.0477 -0.3924
-0.2873 0.2315 -0.4242
-0.1706 0.3690 -0.3845
-0.1064 0.2321 -0.2721
-0.2219 -0.0476 -0.2403
-0.4003 -0.3604 -0.1927
-0.5279 -0.5730 -0.1860
-0.5774 -0.7214 -0.2306
-0.5762 -0.7343 -0.2568
-0.5231 -0.5614 -0.2440
-0.3538 -0.2346 -0.1896
-0.1889 -0.0971 -0.1707
-0.0197 -0.0635 -0.2135
0.0292 -0.1179 -0.2440
-0.0680 -0.1814 -0.3094
-0.3123 -0.1753 -0.4340
-0.5090 -0.0819 -0.5128
-0.7094 0.0727 -0.5769
-0.8224 0.1368 -0.5928
-0.8957 0.0831 -0.5800
-0.9012 0.0446 -0.5690
-0.8132 -0.2083 -0.5116
-0.6709 -0.3818 -0.4499
-0.5200 -0.4545 -0.3912
-0.4076 -0.4355 -0.3491
-0.2702 -0.3482 -0.2825
-0.1938 -0.2840 -0.2318
-0.1394 -0.2633 -0.1762
-0.0887 -0.3409 -0.1224
-0.0283 -0.4520 -0.1096
0.0731 -0.5956 -0.1487
0.1636 -0.6689 -0.1823
0.3535 -0.7123 -0.2739
0.3939 -0.7165 -0.2977
0.5637 -0.7147 -0.3998
0.6376 -0.6988 -0.4670
0.6510 -0.6781 -0.5354
0.6290 -0.6512 -0.5977
0.5753 -0.6463 -0.6349
0.3309 -0.7190 -0.7144
0.0683 -0.7874 -0.7907
-0.2262 -0.8247 -0.8885
-0.4553 -0.7740 -0.9929
-0.5163 -0.6420 -1.0406
-0.4314 -0.4795 -1.0131
-0.3013 -0.3457 -0.9563
-0.2567 -0.2804 -0.8933
-0.3997 -0.2621 -0.8866
-0.5677 -0.1869 -0.8439
-0.7094 -0.1662 -0.7480
-0.9592 -0.3225 -0.6068
-1.0356 -0.3971 -0.5842
-1.3465 -0.5870 -0.6020
-1.3819 -0.4917 -0.6117
-1.3459 -0.4184 -0.6062
-1.2231 -0.3628 -0.5287
-1.0631 -0.3207 -0.3985
-0.7564 -0.2578 -0.1365
-0.6293 -0.2608 -0.0204
-0.3593 -0.3580 0.2154
-0.3074 -0.3433 0.2704
-0.2903 -0.1460 0.2838
-0.2451 0.1662 0.2826
-0.1022 0.4960 0.3156
-0.0154 0.5815 0.3406
0.3004 0.6426 0.5037
0.5325 0.4588 0.6515
0.6852 0.2627 0.7652
0.7549 0.0556 0.8201
0.7610 0.0061 0.8250
0.6529 -0.4129 0.7560
0.5295 -0.5901 0.6564
0.4678 -0.5883 0.5764
0.3865 -0.3445 0.3632
0.3780 0.0031 0.2117
0.3835 0.0831 0.1952
0.5172 0.6121 0.2386
0.5967 0.7013 0.3076
0.6785 0.6640 0.3901
0.7653 0.4459 0.5483
0.7720 0.3708 0.5892
0.7579 0.1222 0.6906
0.4586 -0.4447 0.8623
0.2650 -0.4887 0.8965
0.0945 -0.4007 0.8678
-0.0191 -0.3005 0.8024
-0.1315 -0.2657 0.7102
-0.1914 -0.2883 0.6448
-0.2256 -0.3183 0.4866
-0.2537 -0.2950 0.3296
-0.3166 -0.2364 0.2288
-0.3490 -0.2004 0.1946
-0.5206 0.0892 0.0144
-0.6287 0.2932 -0.0949
-0.7081 0.3830 -0.1627
-0.6953 0.2969 -0.1542
-0.5689 0.1979 -0.1505
-0.4210 0.2016 -0.1444
-0.1779 0.2926 -0.1169
0.2698 0.5687 -0.0326
0.3670 0.6206 -0.0076
0.7952 0.6451 0.1433
0.9455 0.4545 0.2148
0.9852 0.1607 0.2496
0.9552 -0.1655 0.2490
0.8954 -0.3598 0.2221
0.8343 -0.4429 0.1696
0.7237 -0.4575 0.0785
0.6125 -0.4288 -0.0241
0.4610 -0.3879 -0.2513
0.4140 -0.3891 -0.3808
0.4055 -0.3928 -0.4132
0.3792 -0.3702 -0.6294
0.3743 -0.3293 -0.7192
0.3291 -0.3066 -0.7345
0.2283 -0.3512 -0.7021
0.2143 -0.3574 -0.6954
-0.0692 -0.5382 -0.5525
-0.1468 -0.4698 -0.4694
-0.1083 -0.2523 -0.3937
0.0585 0.1228 -0.2715
0.0890 0.1668 -0.2501
0.1202 0.2163 -0.2037
-0.2854 -0.1075 -0.2080
-0.4687 -0.1949 -0.2373
-0.7167 -0.1997 -0.2342
-0.7906 -0.1154 -0.2483
-0.8022 -0.0257 -0.2574
-0.6520 0.2138 -0.2183
-0.4986 0.2932 -0.0888
-0.3380 0.2682 0.1066
-0.2732 0.1222 0.2820
-0.2482 -0.0580 0.3992
-0.2360 -0.1216 0.4316
-0.0887 -0.3775 0.4780
0.0053 -0.3720 0.4261
0.0548 -0.2816 0.3803
0.1293 -0.0470 0.3162
0.1819 0.1484 0.3058
0.2149 0.2437 0.3149
0.2436 0.2492 0.3369
0.2900 0.0568 0.3699
0.3584 -0.0983 0.4023
0.4415 -0.1888 0.4396
0.6260 -0.2608 0.5251
0.6645 -0.2608 0.5465
0.7292 -0.2065 0.6002
0.6962 -0.1246 0.6045
0.6553 -0.0446 0.5874
0.6266 0.0312 0.5416
0.6584 0.0837 0.4854
0.7298 0.1613 0.4182
0.7384 0.1912 0.3858
0.6132 0.1924 0.3858
0.4372 0.2297 0.3950
0.2210 0.3482 0.3516
0.2051 0.4533 0.3461
0.2124 0.2382 0.5617
0.1568 0.1429 0.7114
0.0964 0.4520 0.6448
-0.0344 0.5192 0.4909
-0.0771 0.5156 0.4548
-0.2237 0.4985 0.3492
-0.4443 0.4759 0.2074
-0.8572 0.6457 -0.0351
-0.7686 0.8143 0.0566
-0.6458 0.8100 0.1775
-0.5530 0.6377 0.3003
-0.4772 0.3464 0.3791
-0.4656 0.2456 0.3834
-0.4821 0.1460 0.3577
-0.4882 0.2511 0.3259
-0.4504 0.3690 0.2752
-0.3648 0.4630 0.2270
-0.2586 0.4435 0.2105
-0.0863 0.2016 0.2343
0.0774 0.0373 0.2563
0.2314 -0.0605 0.2740
0.5008 -0.1539 0.2887
0.5857 -0.1637 0.2801
0.6211 -0.1460 0.2410
0.6144 -0.0947 0.1812
0.5863 -0.0275 0.1164
0.4293 0.0678 -0.0736
0.3083 0.0629 -0.1695
0.1782 0.0758 -0.2257
0.0231 0.0788 -0.2312
-0.0710 0.0568 -0.1890
-0.0405 0.1417 -0.0668
0.0793 0.2346 0.0639
0.0664 0.2743 0.1268
0.0609 0.2761 0.1341
-0.2079 0.1197 0.2673
-0.5249 -0.2468 0.2520
-0.8205 -0.5156 0.0401
-0.9898 -0.5095 -0.1676
-1.1101 -0.3659 -0.3094
-1.2402 -0.1857 -0.4334
-1.4192 0.1374 -0.5830
-1.4320 0.1863 -0.5885
-1.2909 0.3177 -0.5354
-1.1217 0.3427 -0.4639
-0.5554 0.3861 -0.1340
-0.3557 0.3903 0.0401
-0.2225 0.3897 0.1708
-0.0948 0.3842 0.2667
-0.0863 0.3824 0.2655
-0.0478 0.4997 0.1091
-0.0612 0.5901 0.0071
-0.0783 0.6310 -0.0760
-0.0936 0.6298 -0.1346
-0.0716 0.5779 -0.1866
