D10
~A449
-0.6800 3.1988 8.9067
0.0192 3.2179 8.0639
0.0790 3.3496 8.1262
0.1939 3.4238 8.3105
0.5531 3.4645 8.6098
0.7710 3.5052 8.7966
0.8452 3.5555 8.9618
0.8500 3.5651 9.0240
0.9266 3.5363 9.0480
1.0367 3.5124 9.0336
1.0391 3.5052 9.0216
0.7853 3.3759 8.9043
0.4046 3.2011 8.4374
0.2921 3.0862 8.0136
0.0862 2.9402 7.9011
-0.1293 2.8109 8.0160
-0.2801 2.7750 8.1501
-0.4334 2.7055 8.2579
-0.5052 2.7343 8.3417
-0.4549 2.8157 8.5164
-0.3448 2.8372 8.6816
-0.1461 2.9234 8.7870
0.1030 2.9569 8.9642
0.2107 2.9976 9.0743
0.2945 3.0383 9.1892
0.3328 3.0000 9.2826
0.3017 2.9737 9.3544
0.2322 2.9976 9.3377
0.1101 2.9857 9.3089
0.0096 3.0024 9.2060
0.0455 3.0359 9.1485
0.1341 3.0551 9.1653
0.2131 3.0790 9.2180
0.2370 3.1533 9.5867
0.4190 3.2873 9.5412
0.3998 3.3544 9.2323
0.2131 3.5028 8.6792
0.0168 3.6728 8.2411
-0.1484 3.7638 7.8772
-0.4765 3.8596 7.4079
-0.7398 3.8907 7.1493
-0.9721 3.9075 7.0775
-1.1349 3.9075 7.3408
-1.1588 3.7949 7.7000
-1.1971 3.5866 8.1788
-1.3552 3.5555 8.4925
-1.3599 3.5004 8.6505
-1.2881 3.4023 9.0982
-0.9098 3.2131 9.8812
-0.9242 3.2323 9.7878
-0.9721 3.3568 9.5771
-0.8931 3.6824 9.3880
-0.6728 3.8668 9.2946
-0.4525 4.0128 9.3113
-0.3232 4.2427 9.4263
-0.2155 4.4270 9.6417
-0.2059 4.6138 9.9578
-0.2897 4.6784 10.0823
-0.3424 4.6257 10.3552
-0.2059 4.6688 10.4630
-0.2251 4.9657 10.1876
-0.0335 5.2291 9.6489
0.4429 5.1812 9.0456
0.8164 5.1525 8.6433
0.9194 5.3368 8.6505
0.7303 5.5020 8.9498
0.5315 5.5284 9.2156
0.5100 5.5044 9.3113
0.6991 5.5140 9.3377
1.0487 5.5499 9.3568
1.3025 5.5427 9.2036
1.5635 5.5811 9.0575
1.8987 5.5954 8.9330
1.8867 5.5332 8.8085
1.5778 5.4374 8.3536
1.2714 5.4015 8.0783
0.8907 5.3177 7.8580
0.5555 5.2195 7.7167
0.4836 5.0352 7.7311
0.5579 4.8747 7.8580
0.7805 4.7598 8.1645
1.2211 4.5084 8.9115
1.3456 4.3456 9.2060
1.3097 4.2786 9.3065
1.1469 4.1756 9.3496
0.9457 4.0344 9.2826
0.5794 3.8596 9.1581
-0.0192 3.7662 8.9354
-0.3591 3.7255 8.7008
-0.5794 3.6585 8.5284
-0.6560 3.6776 8.4494
-0.4693 3.6656 8.2219
-0.0215 3.6082 7.7910
0.1030 3.5603 7.6210
0.4382 3.6704 7.2618
0.0311 3.7087 7.3983
-0.5674 3.7925 7.5156
-1.3599 3.8859 7.5899
-1.8699 3.9841 7.5635
-2.0519 4.1301 7.5970
-2.0495 4.2546 7.8341
-1.5515 4.1924 8.4087
-0.9242 4.0176 9.1366
0.4070 3.8907 10.9538
0.9457 4.0990 12.3185
0.7374 4.8412 12.9291
0.3448 5.2770 12.5604
0.2706 4.9538 11.2986
0.4310 4.7287 9.9315
0.5914 4.7119 8.7487
0.6345 4.7550 8.2698
0.5387 4.7311 8.1884
0.2610 4.7167 8.3800
-0.4884 4.8388 8.5332
-0.7853 4.9035 8.3967
-0.8955 5.0208 8.1070
-0.5674 5.1285 7.6904
-0.1030 5.1884 7.6186
0.3520 5.0926 8.0615
0.8093 4.8508 8.8875
0.9146 4.5659 9.5747
0.6632 4.2858 10.2954
0.2083 4.0559 10.5827
-0.3520 3.8644 10.5971
-0.7853 3.8380 10.3888
-0.8715 3.7087 9.9291
-0.9338 3.6082 9.6777
-1.0343 3.5435 9.6058
-0.9745 3.3951 9.5460
-0.7566 3.2083 9.4957
-0.3879 3.1150 9.4909
-0.0455 3.0479 9.3975
0.0790 2.9713 9.1677
0.1317 2.9306 8.5954
0.1197 2.9904 8.1118
0.2418 3.6752 6.5148
0.3687 3.8332 6.1030
0.3903 3.9697 5.8923
0.1700 4.1349 6.1581
-0.1269 4.1996 6.7926
-0.4573 4.2355 7.4438
-0.7614 4.3552 8.0400
-0.7997 4.4773 8.6170
-0.5938 4.4749 9.0551
-0.4214 4.5467 9.3568
-0.4429 4.8077 9.5891
-0.7638 5.3560 9.6441
-1.3360 6.3688 9.4095
-1.6066 6.5388 8.9330
-1.5587 6.4023 8.1788
-1.3528 6.7830 7.7239
-0.5603 7.4246 7.7646
0.1413 7.5731 8.2387
0.1987 7.3720 9.0575
-0.0862 7.1182 9.4885
-0.7063 6.9075 10.2499
-0.7949 6.9649 10.4773
-0.6441 6.9626 10.3433
-0.0814 6.7519 9.2587
-0.1700 6.6872 8.7008
-0.5291 6.4430 8.2698
-0.7757 6.1341 7.9945
-0.8117 6.0384 7.8245
-0.6177 6.2323 7.8604
-0.4908 6.3975 8.2914
-0.3711 6.3424 8.9235
-0.4142 6.1700 9.3568
-0.5124 6.0862 9.9027
-0.1915 6.0886 9.8477
0.4477 6.0168 9.4119
0.7231 5.7510 9.1605
0.3424 5.4661 9.1222
-0.2993 5.2387 9.0958
-0.9266 5.2195 8.3297
-1.1062 5.2052 7.6713
-1.3169 5.2291 6.7782
-1.3240 5.2913 6.2969
-1.1588 5.4805 5.9665
-0.4286 5.4518 5.9258
0.2921 5.2722 6.0862
0.9362 4.7431 6.5771
1.4581 4.2810 7.1254
1.4222 4.1780 7.5180
1.0942 4.2738 7.8005
1.0200 4.3696 7.7742
1.0678 4.2929 7.5755
0.8452 4.1828 7.3887
0.0934 4.0344 7.1086
-0.4214 4.0583 6.9362
-0.6991 4.1732 6.9937
-1.1133 4.4749 6.8955
-1.2714 4.6377 6.7135
-1.4964 5.2243 6.2538
-1.5611 5.5834 6.3376
-1.7358 5.7965 6.8045
-1.9777 6.3065 7.5946
-1.8484 6.6728 9.0551
-0.5746 5.6122 10.9538
-0.2658 5.1429 11.7655
-0.4238 5.0663 12.1845
-0.9146 5.1740 11.7439
-1.2642 5.3392 10.5755
-1.3743 5.6744 9.2491
-1.2594 5.9737 8.3632
-0.9625 6.0862 7.4653
-0.7135 6.1030 7.1086
-0.0120 6.0719 7.0200
0.7757 5.8468 7.5827
0.9529 5.2842 8.5284
0.8572 4.8963 9.1389
0.7686 4.6305 9.4478
0.6345 4.3576 9.6106
0.1987 4.0415 9.7255
0.0527 3.9865 9.4885
-0.1413 3.8021 8.8373
0.0383 3.7686 8.4398
0.3615 3.6297 7.9705
0.4669 3.5220 7.6473
0.4190 3.5387 7.3456
0.3615 3.5699 7.2211
0.2466 3.4956 7.1876
0.0862 3.4430 7.3528
0.1580 3.3975 7.5587
0.3041 3.4214 7.6641
0.4453 3.4956 7.6258
0.4549 3.7183 7.1996
0.4765 3.7399 7.0511
0.3208 4.0224 6.3760
-0.0575 4.2522 6.3329
-0.5627 4.5036 6.5459
-0.8476 4.7622 6.8357
-0.9888 5.1357 7.4438
-0.8188 5.4542 8.1645
-0.6776 5.5523 8.4853
-0.4166 5.7822 9.1653
-0.5220 5.9498 9.3042
-0.7925 6.2634 9.2156
-1.1900 6.7519 9.0982
-1.1947 6.9458 8.8037
-0.6153 6.5100 8.4662
-0.2035 6.5268 8.5787
0.0120 6.9697 9.2970
0.2275 7.0009 10.0176
0.3807 6.6728 10.3289
0.1293 6.6561 10.5157
-0.3304 6.8189 10.4390
-0.3328 6.8692 10.0105
0.2107 6.9913 9.1677
0.7326 6.9961 8.7654
1.1421 6.6872 8.6769
1.2067 6.3592 8.8828
1.1756 6.2634 9.0288
1.1373 5.9186 9.2850
0.9457 5.5308 9.2634
0.6129 5.4542 9.1677
0.4980 5.3823 8.9330
0.6081 5.2890 8.7630
0.6824 5.2267 8.6745
0.7135 5.1764 8.3560
0.7446 5.1764 8.0831
0.7255 5.1549 7.7311
0.7303 5.1022 7.6904
0.5890 5.0471 7.7766
0.3951 5.0160 8.0184
0.1628 5.0088 8.2962
0.0335 4.9705 8.3967
0.0575 5.0064 8.1884
0.1963 4.9777 7.9059
0.4932 4.8364 7.5252
0.8188 4.7574 7.2259
1.0224 4.7478 7.0751
0.8500 4.7024 7.2211
0.5172 4.5850 7.4462
-0.0623 4.4055 7.6617
-0.5794 4.3911 7.6425
-1.2043 4.6617 7.3193
-1.4294 4.8819 7.3145
-1.2953 5.1166 7.6856
-1.0343 5.1788 7.9753
0.4118 5.2483 9.1030
1.3049 5.3320 10.1206
1.8149 5.4302 11.0232
1.9250 5.3297 11.3704
1.7478 5.2483 11.1477
1.2833 5.3512 10.0679
0.9314 5.5044 9.1653
0.7757 5.5380 8.4733
0.7997 5.4925 8.1477
0.9242 5.4230 8.0543
0.9290 5.3847 8.0567
0.9146 5.0998 8.4949
0.6536 4.9873 9.1366
0.4525 4.9298 9.5436
0.3639 4.8125 9.9291
0.4765 4.7455 10.1350
0.8308 4.6736 9.9745
1.1828 4.5587 9.5651
1.5060 4.4917 9.2323
1.7191 4.4510 9.0049
1.8460 4.3719 8.7223
1.7167 4.2043 8.0687
1.4198 4.0990 7.6138
1.1612 3.9362 7.2762
1.0655 3.7303 7.0320
1.1205 3.6225 7.0416
1.2905 3.5220 7.0320
1.4222 3.3855 6.8740
1.4749 3.2466 6.6704
1.4342 3.2083 6.3879
1.2809 3.2778 6.1030
1.0008 3.4094 5.7750
0.7039 3.5363 5.5332
0.6488 3.5459 5.5260
0.2370 3.6513 5.8660
0.1628 3.9506 6.4765
0.1820 4.2666 6.9434
0.2682 4.6473 7.3337
0.2873 4.8460 7.4007
0.3783 5.3320 7.2211
0.4501 5.7103 7.1469
0.5650 6.0408 7.0056
0.6225 6.4502 6.8859
0.5315 6.5986 6.9554
0.3280 6.5914 7.2451
-0.0838 6.6034 7.7120
-0.4070 6.5172 8.6385
-0.4118 6.2850 9.0432
-0.1580 5.6840 10.2523
-0.0072 5.6218 10.9801
0.1341 5.6672 11.9977
0.1652 5.6696 12.2874
0.2203 5.6672 12.1988
0.8452 5.7008 11.3201
1.1564 5.8133 10.8341
1.3552 5.9043 10.4869
1.4677 5.9977 10.0176
1.5347 6.1198 9.6585
1.5587 6.1078 9.3664
1.5539 6.0695 9.1222
1.4533 5.9402 8.8181
1.3049 5.8827 8.5835
0.7877 5.8732 7.8412
0.7303 5.7223 7.3552
0.7063 5.6218 7.1852
0.5962 5.4302 7.2906
0.4214 5.0280 7.7934
0.2945 4.5084 8.2363
0.0024 4.1756 8.5236
-0.3400 4.0415 8.6601
-1.1540 3.9075 8.6816
-1.2642 3.7087 8.3584
-1.3121 3.6728 8.2291
-1.5275 3.7303 8.0088
-1.5084 3.7901 7.8604
-1.2019 3.8979 7.8460
-1.1588 3.9075 7.8604
0.5483 4.1325 8.8899
1.5970 4.4462 9.9793
2.1764 4.5779 10.7862
2.3344 4.5898 11.1597
1.7095 4.7957 11.0065
0.3496 5.3943 10.4271
0.0407 5.3464 10.1541
0.4118 4.9346 10.2092
1.3216 4.6401 11.2651
1.9609 4.5683 11.8541
2.4805 4.4174 12.2563
2.9713 3.9482 12.7351
2.7702 3.6896 12.7759
2.1333 3.6249 12.5843
1.5060 3.6273 12.0600
1.2331 3.5603 11.3058
0.8093 3.5316 9.0839
0.7781 3.4837 8.0855
0.9697 3.4789 7.1732
1.1133 3.5124 6.4478
1.1612 3.5339 6.2706
1.3360 3.5483 5.7870
1.3863 3.5004 5.6265
1.3791 3.3664 5.4781
1.2498 3.3113 5.4613
1.2235 3.3017 5.4709
1.2474 3.2538 5.4446
1.1804 3.1940 5.5020
0.7853 3.2418 5.6242
0.4932 3.3592 5.6218
-0.1724 3.4645 5.5643
-0.4310 3.5339 5.4973
-0.7781 3.6752 5.3536
-0.8595 3.7686 5.3632
-0.9673 3.9482 5.5811
-1.0750 4.2139 6.4621
-1.0583 4.4581 7.3528
-0.5507 4.7024 8.6769
-0.1796 4.8293 9.4382
-0.0814 4.8795 9.6896
0.2945 5.6074 12.5125
0.0934 5.8660 13.1565
-0.0575 6.2323 13.7479
0.0599 6.4669 14.1143
0.1700 6.4430 14.1454
1.8627 5.8396 12.9961
1.9801 5.8301 12.7830
1.8292 5.9210 12.7112
1.5419 5.8540 12.6178
0.3807 5.3057 12.0600
-0.0766 5.1716 11.5189
-0.2514 5.1094 10.9418
-0.0192 5.0376 10.1996
0.1628 5.0423 10.0153
1.1349 4.8915 9.4263
1.6113 4.6186 8.8468
1.6281 4.3336 8.1980
1.5156 4.1205 7.4653
1.5036 4.1038 7.3839
1.1828 3.6177 5.8229
0.9673 3.4454 5.1261
0.7853 3.3400 4.5395
0.6201 3.1964 4.1445
0.3783 2.9330 3.9410
0.1748 2.7582 3.9434
-0.1197 2.5882 4.1565
-0.2921 2.4972 4.3815
-0.4621 2.4685 4.4988
-0.3974 2.5475 4.4246
-0.1580 2.4757 4.4677
0.2155 2.4110 4.7215
0.3879 2.4206 4.8987
0.3687 2.5427 5.2123
-0.1077 2.7103 5.4422
-0.3951 2.8923 5.5523
-0.3951 2.8923 5.5523
-0.5938 3.4932 6.8931
-0.3974 3.8069 8.0496
-0.1604 3.8500 9.5771
0.0192 3.7111 10.5707
-0.0790 3.6776 13.3361
0.0024 3.7255 14.9307
0.2706 3.7638 16.2021
0.5052 4.0008 16.7264
0.4860 4.8843 16.2452
0.3567 5.4589 15.5939
0.2897 5.6984 15.0552
0.9817 5.5236 14.3800
2.6241 5.6768 15.7878
3.2490 5.1309 16.4343
3.3161 4.9226 16.5947
1.8149 3.8955 15.9626
0.6465 3.4286 14.2795
~M449
16.5600 -2.3400 -37.0800
17.1600 -3.6600 -36.7200
16.0200 -3.8400 -36.5400
15.3000 -4.1400 -37.0800
15.8400 -4.4400 -37.2000
16.4400 -3.9000 -37.4400
16.6800 -4.7400 -36.7800
15.7200 -5.2200 -36.8400
15.0600 -4.3200 -38.6400
14.2800 -3.7800 -38.2800
13.3800 -4.2000 -37.7400
13.4400 -4.6800 -38.1600
13.8000 -4.0200 -38.4600
13.2600 -3.1200 -38.4000
12.4800 -2.6400 -39.0000
12.6600 -2.1000 -39.7800
12.9000 -1.8000 -39.9600
13.3800 -0.2400 -39.3600
12.8400 0.5400 -39.0600
12.6600 0.9600 -39.3600
11.8200 1.1400 -39.1200
11.7600 1.2600 -38.8800
12.3000 1.5600 -39.5400
13.3200 1.8000 -38.8800
12.7200 1.8600 -39.2400
12.0000 2.0400 -39.9600
11.5200 2.2200 -40.0800
11.3400 2.1600 -40.4400
11.0400 1.6200 -40.0800
11.2800 1.0800 -39.9000
10.6800 0.4200 -40.6200
10.4400 -0.0600 -40.9800
10.0200 -0.1800 -40.9800
9.9000 -0.4200 -41.0400
9.3000 -0.6600 -41.2200
9.0000 -0.7800 -40.9200
9.0000 -0.7800 -41.2200
8.6400 -1.0800 -41.2800
8.4600 -0.7800 -41.1600
8.5200 0.5400 -41.7600
8.6400 0.5400 -41.9400
8.3400 -0.5400 -40.7400
7.5000 -0.3600 -41.1000
7.3200 -0.1800 -41.8200
7.5600 -0.4200 -41.8200
8.1000 -0.4800 -41.8200
8.5800 -0.1200 -41.5800
9.0600 -0.3600 -41.0400
9.0000 0.0600 -41.3400
8.8800 0.2400 -41.4000
9.7200 0.5400 -41.2800
9.5400 0.3600 -41.2800
8.6400 0.7800 -41.4600
8.5200 0.6600 -41.1000
8.7600 1.0800 -40.9200
9.5400 1.3200 -42.0600
9.4200 1.3800 -42.0000
9.1800 0.8400 -40.8000
9.5400 0.4800 -39.7800
10.2600 1.1400 -40.0800
10.3800 2.2200 -41.1600
9.2400 1.7400 -41.6400
9.1200 1.2000 -42.1200
8.8200 1.4400 -42.4800
8.7000 1.6800 -42.3000
9.1200 2.2200 -42.4200
8.9400 1.4400 -42.7200
8.8200 0.3000 -42.6600
8.7000 0.1200 -42.4800
9.0000 0.0600 -42.0600
8.8200 -0.2400 -42.5400
7.6200 -0.1800 -42.6000
7.2000 -0.3000 -42.5400
7.7400 -0.4800 -42.7200
7.8000 -0.5400 -42.0000
6.9000 -0.4200 -41.9400
5.8800 0.2400 -42.1800
4.9200 0.3000 -43.0800
4.8600 -0.1200 -43.5000
4.8600 -0.5400 -43.3800
4.6200 -1.2600 -42.3000
5.2800 -0.9000 -42.4200
5.7000 -0.5400 -42.4200
5.0400 0.0000 -43.3200
4.6800 -0.0600 -42.9600
5.6400 0.1200 -42.8400
5.5800 0.6600 -43.0200
4.8000 1.4400 -42.9000
3.4800 1.6200 -43.3200
3.3600 1.6200 -44.0400
4.2600 2.1600 -43.5600
3.9600 2.0400 -42.7800
3.7800 1.0800 -41.9400
3.7200 0.7800 -42.3600
2.7000 -0.2400 -43.3800
2.5800 -0.5400 -43.6800
2.2800 -1.0200 -43.6200
2.2200 -1.0800 -43.7400
2.2800 -2.2200 -43.5000
2.3400 -2.9400 -43.3800
1.9800 -3.8400 -42.9000
1.2000 -4.1400 -43.2600
1.0200 -4.1400 -43.4400
0.7200 -4.3200 -43.5000
1.1400 -4.9200 -43.0200
0.7200 -4.9800 -43.2600
0.9000 -5.0400 -43.3800
0.4200 -5.4000 -43.3200
0.3000 -5.3400 -43.4400
0.2400 -4.6800 -43.8600
0.1800 -4.9800 -43.6200
0.2400 -4.6800 -43.2000
0.7200 -4.9200 -43.2600
1.6200 -4.3200 -43.0800
2.1600 -3.4800 -42.7200
2.5800 -3.0600 -41.9400
2.2800 -2.2800 -42.9000
1.2600 -0.9600 -44.2200
1.0800 -0.7200 -44.4000
1.2600 -0.4800 -44.4000
1.6800 0.0600 -43.9200
2.3400 0.1200 -43.0800
3.1800 -0.4200 -43.5600
3.4200 -0.3600 -43.4400
3.1200 -1.2000 -43.9200
3.0600 -1.2600 -43.6800
3.6000 -1.7400 -43.6800
4.0800 -2.7000 -43.0200
3.9000 -3.5400 -42.8400
4.1400 -4.3800 -43.6800
3.5400 -4.9800 -44.7000
2.7600 -5.4600 -43.7400
1.6200 -5.6400 -44.0400
1.1400 -6.7200 -43.6800
1.1400 -6.9600 -43.9800
0.7800 -6.9000 -43.5600
-0.8400 -6.6600 -44.5200
-2.0400 -6.8400 -44.2200
-2.2200 -6.6600 -43.9200
-3.0000 -7.0200 -43.7400
-3.2400 -6.8400 -43.9200
-3.2400 -7.0800 -43.3800
-3.3000 -7.1400 -43.1400
-4.1400 -6.3600 -42.1800
-5.4600 -4.9200 -42.8400
-5.7600 -5.2200 -43.1400
-5.7600 -5.2200 -43.5000
-5.5200 -5.8200 -43.3200
-6.1200 -5.6400 -43.8000
-7.0200 -5.2800 -44.4000
-8.0400 -4.8000 -44.2800
-8.2200 -4.7400 -44.2800
-7.6800 -4.7400 -43.8000
-7.9200 -4.5600 -43.8600
-8.4000 -4.0200 -43.4400
-8.3400 -4.0800 -44.1000
-7.9800 -4.2000 -44.1000
-7.9800 -4.9200 -43.9200
-8.7600 -5.4000 -44.1000
-8.5800 -6.3600 -43.0200
-9.0600 -6.6600 -42.3600
-10.2000 -6.3000 -43.0800
-10.2600 -6.4200 -43.0200
-10.6800 -6.8400 -43.2000
-10.7400 -8.2800 -43.0200
-10.9200 -8.7600 -43.0800
-11.5200 -9.4200 -43.5000
-11.8200 -9.3600 -43.0800
-11.8800 -9.0600 -43.0200
-11.6400 -8.7000 -42.5400
-11.5800 -8.5800 -42.4800
-11.4600 -8.9400 -42.3600
-11.1600 -9.1800 -41.6400
-10.1400 -9.3000 -41.8800
-9.7800 -9.0600 -42.0600
-10.4400 -7.4400 -42.6600
-11.1000 -6.7800 -42.8400
-10.4400 -6.1800 -43.3800
-10.3800 -6.4200 -43.0200
-11.0400 -6.3000 -43.0800
-11.5800 -5.8800 -43.7400
-11.6400 -5.5200 -43.7400
-11.8800 -5.5800 -43.2000
-11.3400 -5.7600 -42.9000
-11.2200 -5.4000 -42.9000
-11.5200 -5.1600 -43.5000
-11.3400 -5.3400 -43.6200
-11.1000 -5.4000 -43.8000
-10.7400 -5.5800 -43.6200
-10.9800 -5.5200 -43.3800
-10.5600 -6.2400 -43.9200
-10.8000 -6.3600 -43.8600
-10.8000 -6.4200 -43.7400
-11.1000 -6.6000 -43.3800
-11.1000 -6.9000 -43.3800
-11.1000 -6.9600 -43.2000
-10.6800 -7.3200 -42.5400
-10.2000 -8.2800 -43.1400
-10.0200 -8.7000 -43.8000
-10.1400 -8.9400 -43.6200
-10.5000 -8.6400 -43.5600
-10.0800 -8.9400 -43.0200
-10.6800 -9.3600 -42.7200
-11.7600 -8.6400 -42.7800
-12.2400 -8.2200 -42.7200
-13.2600 -8.7600 -42.5400
-13.3800 -9.7200 -41.9400
-12.4800 -9.8400 -41.2200
-11.8800 -9.5400 -42.1800
-12.1200 -8.4600 -43.0800
-12.1800 -7.6200 -43.1400
-12.5400 -7.6200 -43.1400
-13.1400 -7.9200 -42.4200
-13.0200 -7.8600 -42.3600
-13.0800 -7.2600 -42.7200
-13.1400 -6.6600 -43.0800
-13.9200 -7.2000 -42.7200
-14.1600 -8.1000 -42.1200
-13.7400 -8.4000 -41.8800
-13.3800 -8.9400 -41.1600
-13.9800 -9.0000 -41.1600
-14.3400 -8.8800 -41.4600
-15.0600 -9.0600 -41.7000
-14.9400 -10.0800 -41.1000
-14.7600 -10.3200 -41.6400
-14.6400 -11.1000 -41.2200
-15.1200 -11.7000 -40.6800
-15.0600 -11.8200 -40.5000
-15.6000 -11.6400 -40.7400
-14.8200 -12.3600 -41.3400
-14.3400 -12.4200 -41.5200
-13.9200 -12.7200 -40.1400
-13.4400 -12.7200 -39.9000
-13.6800 -12.8400 -39.9600
-13.9800 -11.8200 -41.2200
-13.9800 -10.9200 -41.4600
-14.7600 -9.5400 -41.8800
-14.6400 -9.1800 -42.1800
-14.6400 -9.1800 -42.2400
-14.4000 -7.9200 -42.1800
-15.0600 -7.0200 -41.7600
-15.0000 -6.6600 -41.7000
-15.1200 -6.7200 -42.3600
-15.6000 -6.4800 -41.8800
-15.6000 -6.3600 -41.4000
-15.8400 -6.2400 -42.5400
-15.9600 -5.9400 -43.0200
-15.5400 -5.4600 -42.7800
-15.6000 -5.2800 -42.6000
-15.6000 -5.2200 -42.1200
-15.4200 -5.2200 -42.3000
-15.3600 -4.5600 -42.6600
-15.1800 -5.0400 -43.1400
-14.4000 -5.4000 -43.0800
-14.2200 -5.5200 -43.3800
-13.6200 -6.0000 -42.6600
-13.0200 -6.2400 -42.5400
-13.5600 -6.3000 -43.4400
-13.5000 -5.5200 -43.6200
-13.2000 -5.3400 -44.1000
-12.3000 -5.4600 -43.7400
-11.4600 -5.6400 -43.2600
-10.3800 -5.3400 -42.9600
-10.6800 -5.3400 -43.9200
-12.6000 -4.8000 -44.4600
-11.8800 -3.9000 -44.4000
-10.6800 -3.4800 -44.8800
-10.2600 -3.0600 -45.0600
-10.2000 -3.1200 -45.6000
-9.6600 -2.7600 -45.4800
-9.2400 -3.3600 -45.1800
-8.8800 -4.8000 -45.3000
-9.0000 -5.1000 -45.0600
-8.8800 -5.2200 -44.0400
-9.4200 -5.5800 -43.3200
-9.9000 -6.3600 -44.5200
-9.8400 -6.7200 -44.8800
-9.8400 -6.8400 -44.6400
-10.5000 -7.3800 -44.6400
-10.8600 -8.1600 -44.1000
-11.2200 -8.9400 -43.7400
-12.0600 -9.0000 -43.9800
-12.0000 -8.8200 -43.3200
-11.8800 -8.3400 -43.8600
-11.6400 -8.0400 -44.2200
-11.9400 -8.2800 -43.0200
-12.3000 -7.8000 -42.8400
-12.9600 -6.6600 -43.6800
-13.5000 -5.9400 -44.5800
-13.6800 -5.2800 -44.2200
-12.8400 -5.1600 -43.2000
-12.0600 -4.9200 -43.2000
-10.6200 -4.4400 -42.3600
-10.5000 -4.0200 -42.9000
-10.3200 -3.0600 -44.4600
-10.3200 -2.8200 -45.6000
-9.9600 -2.4600 -45.8400
-10.0800 -2.3400 -45.6000
-8.8800 -2.2800 -45.7800
-8.3400 -2.8800 -45.7800
-8.3400 -2.8200 -45.5400
-8.6400 -3.2400 -45.0600
-8.5800 -3.4200 -45.0000
-8.1600 -3.1800 -45.8400
-7.9200 -3.2400 -45.9600
-7.5000 -3.9600 -45.6600
-7.4400 -4.5600 -45.6600
-6.3600 -4.8600 -44.6400
-6.4800 -5.2200 -44.5800
-7.2600 -5.7600 -44.5800
-7.3200 -5.8800 -45.0000
-8.1600 -6.5400 -45.2400
-8.2200 -6.7200 -45.2400
-8.0400 -7.3800 -44.2800
-9.4200 -6.9000 -44.0400
-11.0400 -6.7200 -44.6400
-10.8600 -6.7200 -44.3400
-11.0400 -6.6600 -44.4000
-11.7000 -6.1800 -45.2400
-12.0600 -5.9400 -44.8200
-12.4800 -5.2800 -44.5800
-13.8600 -3.7200 -44.1000
-14.6400 -1.8600 -44.5800
-14.4600 -0.9600 -44.4600
-15.1200 0.5400 -44.2200
-15.4200 0.9600 -44.0400
-14.8200 1.1400 -42.9000
-15.0000 1.5000 -43.3200
-14.8800 3.2400 -44.4000
-15.4200 4.1400 -44.7600
-15.8400 5.7000 -43.6200
-15.4200 6.8400 -43.5600
-14.2200 6.5400 -43.3200
-14.0400 6.5400 -43.6200
-12.9600 5.8800 -44.3400
-12.9600 5.7600 -44.3400
-12.0600 5.2200 -44.7600
-11.4600 4.6800 -44.9400
-10.7400 3.9600 -43.8600
-10.6200 4.0200 -43.8000
-10.8600 3.9000 -43.8600
-12.1800 3.0000 -45.4200
-12.4800 2.5800 -46.0800
-12.5400 1.8600 -46.2600
-12.4200 1.4400 -45.5400
-12.6000 0.7800 -45.2400
-12.7200 0.3000 -44.9400
-12.9000 -0.3000 -44.3400
-13.1400 -0.4200 -43.9800
-13.9200 -1.1400 -44.1600
-14.5200 -1.1400 -44.3400
-14.4600 -1.3200 -44.0400
-14.5200 -1.1400 -44.0400
-14.8200 -0.3600 -43.3800
-14.4000 -0.2400 -43.2600
-13.9800 -0.0600 -43.2000
-14.0400 0.3000 -42.6000
-14.7600 0.6600 -42.1200
-15.2400 1.0800 -43.6800
-14.5800 1.3200 -44.2800
-13.2000 1.8600 -44.3400
-12.4800 2.5200 -44.1600
-11.4000 2.6400 -43.5000
-11.2800 3.5400 -43.9200
-11.3400 3.9600 -44.7600
-11.4000 3.7200 -44.7600
-11.1000 2.9400 -44.4600
-10.6200 2.6400 -44.5200
-9.9600 2.3400 -44.7600
-9.7800 2.1000 -44.9400
-9.7800 2.1000 -45.1200
-9.1800 1.6200 -45.3000
-8.6400 2.1000 -45.6000
-8.4000 2.5800 -45.4800
-8.2200 1.7400 -45.3000
-7.9200 1.4400 -45.0600
-8.1000 0.7200 -44.6400
-7.7400 0.5400 -44.8200
-8.4600 0.0600 -44.8200
-8.5200 -0.3000 -44.4000
-8.0400 -1.0800 -44.7000
-7.8600 -1.1400 -45.0000
-7.7400 -0.5400 -45.3000
-7.6800 -0.5400 -45.6600
-7.3200 -0.7200 -45.6000
-7.0800 -0.1800 -45.6000
-7.3200 0.4200 -45.9000
-7.4400 0.8400 -45.5400
-7.1400 1.1400 -45.0000
-6.0000 1.0200 -44.1000
-5.9400 0.8400 -44.6400
-6.7800 1.4400 -45.6000
-6.0600 1.7400 -45.1800
-6.0000 1.9800 -45.0000
-5.4600 1.8000 -45.2400
-5.2800 1.3800 -45.6000
-6.2400 1.8000 -44.9400
-6.8400 2.4000 -44.7000
-7.3200 2.8800 -45.1200
-8.7600 3.4200 -44.7600
-8.4000 3.1800 -44.6400
-8.1000 2.4600 -44.4000
-8.4600 2.4000 -44.4600
-9.0000 2.1600 -44.5200
-9.4800 1.8000 -44.4600
-10.3800 1.2000 -43.8000
-10.8600 0.2400 -43.3200
-11.1000 0.1200 -43.2600
-11.7000 -0.3600 -43.6200
-12.0000 -0.9000 -43.7400
-11.4600 -0.6600 -44.2800
-11.3400 -0.0600 -44.1600
-11.9400 0.9000 -43.8000
-11.7000 0.6000 -42.6000
-10.9800 0.6600 -41.9400
-9.7800 1.8000 -42.3000
-9.7200 2.9400 -42.4200
-9.7800 3.6600 -42.2400
-9.9600 4.3800 -42.7200
-10.3800 4.6800 -43.2600
-9.0000 5.0400 -43.6800
-8.1000 5.2800 -43.9200
-6.3000 4.9200 -44.3400
-5.4000 4.4400 -43.9200
-3.9600 4.3200 -43.4400
-2.4600 3.4800 -43.4400
-1.9800 3.8400 -44.2200
-0.9600 3.9000 -45.0600
-0.1200 3.9000 -45.1200
1.0200 3.7800 -45.0600
3.7800 3.1200 -43.5000
4.0200 2.6400 -43.5600
5.0400 1.8600 -43.0200
6.6600 0.9600 -42.3600
7.9800 0.8400 -42.6600
8.8200 0.1800 -42.8400
9.7800 -0.9000 -42.1800
10.8600 -1.5600 -41.5800
12.0600 -1.8600 -41.9400
13.6200 -2.5800 -42.3600
14.1000 -3.3600 -42.2400
14.9400 -3.9600 -42.0600
16.9800 -4.9800 -39.8400
17.2800 -5.1600 -38.9400
18.1200 -6.2400 -38.3400
18.6600 -7.1400 -38.2800
18.6000 -7.2600 -38.2200
18.7800 -7.7400 -37.7400
19.4400 -8.0400 -36.9000
~G449
0.0707 -0.1570 0.5947
0.0005 -0.2718 0.5171
-0.0759 -0.3891 0.4603
-0.1571 -0.5009 0.4133
-0.2414 -0.5663 0.3272
-0.3068 -0.5675 0.2245
-0.3667 -0.5773 0.1299
-0.4253 -0.6029 0.0340
-0.4754 -0.6164 -0.0748
-0.4980 -0.5913 -0.1518
-0.5298 -0.5125 -0.3136
-0.5347 -0.4850 -0.3759
-0.5438 -0.3250 -0.5732
-0.5970 -0.1613 -0.6753
-0.6819 -0.0843 -0.7309
-0.7454 -0.0709 -0.7687
-0.7503 -0.0605 -0.7816
-0.7344 -0.0855 -0.7791
-0.7039 -0.1167 -0.7504
-0.6629 -0.1484 -0.7150
-0.5909 -0.1765 -0.6826
-0.5017 -0.2004 -0.6826
-0.3697 -0.2437 -0.7076
-0.2567 -0.2523 -0.7321
-0.1535 -0.2419 -0.7577
-0.0686 -0.2022 -0.7687
0.0341 -0.1558 -0.7779
0.1379 -0.1209 -0.7767
0.2362 -0.1075 -0.7559
0.3193 -0.1490 -0.7162
0.3658 -0.1985 -0.6850
0.4452 -0.3030 -0.6459
0.4647 -0.3244 -0.6417
0.6254 -0.4227 -0.6148
0.7573 -0.4258 -0.6166
0.8380 -0.3971 -0.6362
0.8520 -0.3690 -0.6545
0.8227 -0.3201 -0.6600
0.7763 -0.2608 -0.6826
0.7048 -0.2266 -0.7113
0.5142 -0.2731 -0.7437
0.3419 -0.4026 -0.7626
0.1727 -0.5198 -0.7767
0.0585 -0.5431 -0.7852
-0.0380 -0.5455 -0.7858
-0.1168 -0.4881 -0.7669
-0.1431 -0.4459 -0.7528
-0.1382 -0.4417 -0.7504
0.0286 -0.2407 -0.7626
0.1672 -0.0654 -0.7480
0.2100 -0.0232 -0.7107
0.2253 -0.0287 -0.6655
0.1800 -0.0880 -0.6563
0.1104 -0.1136 -0.6679
-0.0221 -0.0580 -0.6759
-0.2005 0.1961 -0.6459
-0.2414 0.3763 -0.5995
-0.2274 0.4496 -0.5122
-0.1217 0.4472 -0.3961
0.0243 0.4453 -0.2861
0.1116 0.4178 -0.1988
0.1477 0.3537 -0.1163
0.0658 0.2401 -0.1059
-0.0948 0.1313 -0.1353
-0.2567 0.0990 -0.1792
-0.3587 0.1417 -0.1750
-0.3832 0.1735 -0.1163
-0.3801 0.1765 -0.0730
-0.3374 0.1014 0.0462
-0.2695 0.0586 0.0950
-0.1877 -0.0092 0.0938
-0.1504 -0.0611 0.0376
-0.0930 -0.0226 -0.0363
-0.0509 0.0819 -0.0974
-0.0472 0.1674 -0.1267
-0.0527 0.1857 -0.1078
-0.0655 0.1301 -0.0577
-0.0924 0.0257 -0.0015
-0.1419 -0.1216 0.0340
-0.1724 -0.2382 0.0413
-0.1400 -0.2358 -0.0003
-0.0863 -0.1973 -0.0589
-0.0069 -0.1087 -0.1237
0.0579 -0.0397 -0.2012
0.1422 0.0037 -0.2715
0.2387 -0.0067 -0.3045
0.3486 -0.0843 -0.2977
0.4250 -0.1888 -0.2886
0.5557 -0.3494 -0.2831
0.6211 -0.3867 -0.2825
0.6315 -0.3867 -0.3173
0.6064 -0.3683 -0.3509
0.3939 -0.2529 -0.5354
0.2766 -0.1869 -0.6484
0.2314 -0.1564 -0.7235
0.2265 -0.1435 -0.7736
0.2479 -0.2169 -0.7699
0.2240 -0.3280 -0.7278
0.1238 -0.4759 -0.6606
-0.0362 -0.6054 -0.5861
-0.1791 -0.6976 -0.5384
-0.3276 -0.7953 -0.5219
-0.3367 -0.7391 -0.5513
-0.2072 -0.4667 -0.6075
0.0762 -0.1649 -0.6588
0.4012 -0.0293 -0.6954
0.5539 -0.0935 -0.7351
0.5502 -0.1814 -0.7901
0.2772 -0.2370 -0.8823
-0.0203 -0.1680 -0.9379
-0.2818 0.0147 -0.9691
-0.3758 0.1436 -0.9673
-0.4253 0.4209 -0.8659
-0.3337 0.3940 -0.7608
-0.1932 0.1301 -0.6374
-0.1730 -0.2657 -0.5769
-0.3587 -0.6811 -0.5818
-0.5060 -0.7947 -0.6172
-0.6153 -0.7440 -0.6911
-0.6135 -0.4979 -0.7748
-0.4742 -0.2095 -0.7913
-0.3068 -0.0562 -0.7473
-0.1859 -0.0110 -0.7046
0.1196 -0.0220 -0.6093
0.4226 -0.1234 -0.5366
0.5710 -0.2285 -0.5097
0.7506 -0.3354 -0.4633
0.8312 -0.3940 -0.4120
0.8599 -0.4844 -0.3466
0.8624 -0.4942 -0.3026
0.8850 -0.4331 -0.2886
0.9339 -0.3690 -0.2806
1.0065 -0.3305 -0.2672
1.0560 -0.3164 -0.2580
1.0499 -0.3952 -0.3045
0.9186 -0.4569 -0.4016
0.6687 -0.5168 -0.5574
0.3981 -0.4881 -0.6863
0.1764 -0.3702 -0.7718
0.0231 -0.2340 -0.8219
-0.0619 -0.1753 -0.8268
-0.0368 -0.1564 -0.7718
0.0377 -0.2285 -0.7186
0.1031 -0.3012 -0.7052
0.1819 -0.3714 -0.6893
0.2216 -0.3598 -0.6429
0.2424 -0.1197 -0.5439
0.1941 0.1008 -0.4236
0.0664 0.1619 -0.3094
-0.2390 0.0819 -0.1658
-0.5182 -0.0476 -0.1835
-0.7271 -0.1429 -0.2990
-0.9061 -0.1600 -0.4163
-0.9788 -0.1045 -0.4065
-0.9537 0.0477 -0.2544
-0.8108 0.2798 -0.0711
-0.6214 0.4826 0.0346
-0.5615 0.4911 0.0364
-0.5169 0.4184 0.0498
-0.4827 0.3195 0.0822
-0.4601 0.2297 0.1305
-0.4534 0.1729 0.1635
-0.5310 0.0006 0.2600
-0.5915 -0.0189 0.3070
-0.5878 0.0678 0.3333
-0.4919 0.2169 0.3864
-0.3276 0.3415 0.4463
-0.0747 0.3873 0.4939
0.1788 0.3024 0.4408
0.3010 0.2773 0.3437
0.3682 0.3568 0.2826
0.4604 0.5327 0.2771
0.6394 0.7746 0.3192
0.7927 0.8717 0.3510
0.9253 0.7911 0.4029
1.0383 0.5089 0.5043
1.0426 0.2101 0.5226
0.9644 -0.2718 0.4316
0.8807 -0.6542 0.2917
0.7152 -1.1362 0.0028
0.6211 -1.2291 -0.1518
0.5246 -1.1790 -0.3289
0.4904 -0.9707 -0.4407
0.4739 -0.8277 -0.4944
0.4464 -0.7734 -0.6673
0.4183 -0.8228 -0.8231
0.3651 -0.9181 -0.9618
0.2943 -1.0238 -1.0119
0.2338 -1.0653 -1.0241
0.1904 -0.9939 -1.0259
0.1697 -0.8937 -1.0057
0.0585 -0.8570 -0.9660
-0.0753 -0.9053 -0.9673
-0.3520 -1.0855 -1.0051
-0.5731 -1.1900 -1.0277
-0.7686 -1.2407 -1.0308
-0.8334 -1.3531 -1.0742
-0.7943 -1.3702 -1.1524
-0.4821 -0.9291 -1.1646
-0.2262 -0.5418 -1.0143
-0.0808 -0.3372 -0.8500
-0.0240 -0.2724 -0.7266
-0.0405 -0.2688 -0.6698
-0.1474 -0.3745 -0.6252
-0.3410 -0.5907 -0.6111
-0.5805 -0.8106 -0.6924
-0.7656 -0.8186 -0.8145
-0.8523 -0.6683 -0.8652
-0.8322 -0.3940 -0.8524
-0.7546 -0.1643 -0.8158
-0.4699 0.0684 -0.6734
-0.2512 0.0886 -0.5910
0.0047 -0.0208 -0.4926
0.1825 -0.1906 -0.4248
0.4030 -0.4734 -0.3613
0.5191 -0.6756 -0.3753
0.5423 -0.7251 -0.3979
0.5221 -0.7007 -0.4089
0.4409 -0.6341 -0.4285
0.3865 -0.6249 -0.4163
0.3590 -0.6445 -0.3845
0.3664 -0.6603 -0.3766
0.4116 -0.6451 -0.4065
0.4562 -0.6115 -0.4468
0.4708 -0.5791 -0.4932
0.3969 -0.5198 -0.6044
0.2937 -0.4423 -0.6893
0.1782 -0.3647 -0.7608
0.0695 -0.3445 -0.7559
-0.0588 -0.3231 -0.7113
-0.1260 -0.2987 -0.6826
-0.2482 -0.1203 -0.6160
-0.2549 -0.1026 -0.6123
-0.2854 0.1594 -0.5684
-0.2048 0.1979 -0.5152
-0.1504 0.1784 -0.4694
-0.0991 0.1686 -0.3888
-0.1468 0.0532 -0.2806
-0.4155 -0.2254 -0.2568
-0.6214 -0.3372 -0.2898
-0.7760 -0.3293 -0.3081
-0.8260 -0.2511 -0.3136
-0.8358 -0.1240 -0.3020
-0.7888 -0.0134 -0.2513
-0.5646 0.1393 -0.0345
-0.5072 0.1405 0.0193
-0.3178 -0.2010 0.1567
-0.3294 -0.4362 0.1121
-0.3868 -0.4667 0.0504
-0.4345 -0.3738 -0.0143
-0.4418 -0.1307 -0.0528
-0.3844 0.1637 -0.0626
-0.2787 0.3134 0.0260
-0.1675 0.3287 0.1152
0.0011 0.2334 0.1702
0.1312 0.1539 0.1934
0.3419 0.1167 0.2282
0.4195 0.1179 0.2404
0.4586 0.1491 0.2264
0.4293 0.1588 0.1952
0.3584 0.1912 0.1433
0.3291 0.2022 0.1329
0.3505 0.1729 0.1433
0.4274 0.1228 0.1708
0.5038 0.0678 0.2044
0.5539 -0.0030 0.2239
0.5478 -0.0977 0.1989
0.4873 -0.1332 0.1445
0.4378 -0.1460 0.0956
0.2967 -0.1625 -0.0699
0.2356 -0.1295 -0.1707
0.2369 -0.0580 -0.2391
0.2760 0.0360 -0.2336
0.2918 0.0238 -0.1536
0.2662 -0.0727 -0.0748
0.1959 -0.3286 0.0810
0.1006 -0.6139 0.1580
-0.0050 -0.8638 0.1586
-0.1107 -0.9963 0.0590
-0.1394 -0.9206 -0.0247
-0.1181 -0.5528 -0.1420
-0.0863 -0.3818 -0.1621
-0.0368 -0.0715 -0.1731
-0.0686 -0.0971 -0.1731
-0.1364 -0.1771 -0.1811
-0.2188 -0.2743 -0.2080
-0.3215 -0.3042 -0.2525
-0.3361 -0.3036 -0.2574
-0.5927 -0.1484 -0.3283
-0.6874 -0.0183 -0.3271
-0.6727 0.0238 -0.2727
-0.5756 -0.0189 -0.1982
-0.3801 -0.1295 -0.0919
-0.3380 -0.1466 -0.0730
-0.0075 -0.2877 0.0407
0.0823 -0.3354 0.0578
0.1385 -0.3183 0.0529
0.1746 -0.2773 0.0266
0.2234 -0.1771 -0.0271
0.2741 -0.0825 -0.0797
0.3572 -0.0531 -0.1206
0.3926 -0.0959 -0.1163
0.4360 -0.2333 -0.0980
0.4672 -0.3402 -0.0876
0.5160 -0.4417 -0.1047
0.5307 -0.4588 -0.1151
0.5912 -0.4490 -0.2037
0.6022 -0.3836 -0.2764
0.5905 -0.3018 -0.3411
0.5295 -0.1924 -0.4254
0.4342 -0.1368 -0.4731
0.4103 -0.1374 -0.4786
0.1813 -0.2981 -0.4975
0.1031 -0.3604 -0.4792
0.0872 -0.3451 -0.4694
0.1006 -0.2407 -0.4590
0.0976 -0.1698 -0.4456
-0.0209 -0.0379 -0.4101
-0.1474 0.0861 -0.3851
-0.3184 0.1662 -0.4071
-0.4821 0.1692 -0.4566
-0.6336 0.1362 -0.5116
-1.0203 -0.0104 -0.6172
-1.2317 -0.0715 -0.5916
-1.3612 -0.1148 -0.5146
-1.4809 -0.2156 -0.3711
-1.4516 -0.2395 -0.2354
-1.2976 -0.1943 -0.1114
-1.0472 -0.1313 0.0236
-0.7576 -0.1087 0.1690
-0.3923 -0.1796 0.3779
-0.2146 -0.2682 0.4603
-0.1266 -0.2932 0.4915
-0.0625 -0.2718 0.5055
-0.0557 -0.2230 0.4988
-0.0753 -0.1326 0.4903
-0.1083 -0.0232 0.4756
-0.1162 0.0721 0.4603
-0.0887 0.2144 0.4218
-0.0093 0.2779 0.3797
0.0035 0.2138 0.3467
-0.0509 0.0715 0.2545
-0.0936 0.0202 0.1928
-0.0955 0.0544 0.1598
-0.0564 0.1521 0.1347
0.0304 0.2944 0.1360
0.2717 0.5699 0.2557
0.4232 0.6494 0.3498
0.5905 0.6481 0.4542
0.7207 0.5015 0.5740
0.7292 0.3427 0.6528
0.6602 0.2248 0.7120
0.6370 0.1991 0.7261
0.2265 0.0525 0.7670
0.0231 0.1155 0.6845
-0.0869 0.2798 0.5342
-0.0997 0.4307 0.3705
-0.0484 0.6481 0.1030
-0.0356 0.7727 -0.0137
-0.0973 0.7440 0.0120
-0.2353 0.5137 0.0437
-0.3813 0.2059 0.0199
-0.5347 -0.0941 -0.0149
-0.7326 -0.2407 -0.1023
-0.8016 0.0189 -0.2556
-0.7662 0.3323 -0.3295
-0.6501 0.6164 -0.3191
-0.4064 0.8534 -0.2165
-0.1284 0.9224 -0.0986
0.1281 0.8491 -0.0235
0.5863 0.5082 0.1005
0.8306 0.2181 0.1958
0.8978 0.0287 0.2215
0.8960 -0.0953 0.2227
0.8923 -0.1057 0.2221
0.8013 -0.1747 0.1867
0.7488 -0.1765 0.1573
0.7005 -0.1955 0.1341
0.6541 -0.3323 0.0969
0.6174 -0.6243 -0.0033
0.5924 -0.7245 -0.1127
0.5698 -0.7257 -0.1976
0.5508 -0.6225 -0.2813
0.5160 -0.4856 -0.3698
0.4598 -0.4233 -0.4132
0.3596 -0.3964 -0.4364
0.2344 -0.3897 -0.4413
-0.0228 -0.4044 -0.4413
-0.2873 -0.4502 -0.4407
-0.5176 -0.5192 -0.4095
-0.7240 -0.6096 -0.3619
-0.8590 -0.6707 -0.3478
-0.8939 -0.6854 -0.3485
-0.9384 -0.7007 -0.3533
-1.0820 -0.4673 -0.4761
-1.0625 -0.3164 -0.4523
-1.0099 -0.0678 -0.3656
-0.9238 0.3219 -0.2373
-0.8676 0.8344 -0.2006
-0.9024 0.8595 -0.2660
-0.8914 0.7929 -0.3784
-0.8328 0.6921 -0.4951
-0.6422 0.6310 -0.5280
-0.4577 0.6573 -0.3900
-0.2989 0.6604 -0.1976
-0.1651 0.6084 -0.0113
-0.0735 0.5235 0.1036
0.1800 0.1338 0.2661
0.3584 -0.0214 0.2007
0.4788 -0.0189 0.1299
0.5618 0.0874 0.0999
0.5667 0.1020 0.0987
0.6706 0.4362 0.0669
0.6810 0.4777 0.0596
0.6565 0.4368 0.0498
0.6070 0.3543 0.0333
0.5924 0.3268 0.0266
0.4476 0.0666 -0.0394
0.3951 -0.0342 -0.0687
0.3939 -0.1790 -0.0693
0.4281 -0.2847 -0.0455
0.5832 -0.7013 0.0456
0.5679 -0.9737 0.0645
0.3932 -1.2627 0.0364
0.2033 -1.2657 0.0040
0.0933 -1.1900 -0.0253
-0.2146 -0.6426 -0.1279
-0.3728 -0.4563 -0.1768
-0.4033 -0.4453 -0.1762
-0.5047 -0.4936 -0.1621
-0.9873 -0.9236 -0.2385
-1.2695 -1.0104 -0.3539
-1.5035 -0.9981 -0.4450
-1.5951 -0.9664 -0.4761
-1.7900 -0.8418 -0.4321
-1.7197 -0.7721 -0.3155
-1.4613 -0.6212 -0.1322
-1.2610 -0.4728 -0.0271
-0.9507 0.0519 0.1512
-0.8829 0.1961 0.2184
-0.8804 0.1991 0.2264
-0.9476 -0.0128 0.2844
-0.9635 -0.0440 0.2844
-1.2848 -0.5705 0.0895
-1.3416 -0.5107 -0.0882
-1.3428 -0.4728 -0.1267
-0.9775 0.4294 -0.3295
-0.6184 0.8900 -0.2006
-0.2842 1.1588 -0.0510
