D10
~A357
3.8045 4.7407 10.9035
-1.3145 7.8963 8.1980
-2.4230 7.7742 7.7910
-1.7215 6.3353 7.5180
-0.5100 5.5260 7.5946
0.4980 4.6760 7.4821
0.8332 4.0894 7.1062
0.6943 4.0751 7.1756
0.4310 4.2043 7.4989
0.3256 4.2307 7.7215
0.3974 4.0080 7.8508
0.3807 3.8644 7.8532
0.4453 3.7015 7.7191
0.4669 3.5890 7.5420
0.3711 3.6800 7.2379
0.2777 3.8213 7.2020
0.4334 3.8907 7.4246
0.6656 3.9745 7.7191
0.9050 4.1325 8.0783
0.9984 4.3312 8.4949
0.9984 4.4150 8.9857
0.8979 4.4318 9.2563
0.0072 4.7526 9.2850
-0.4477 5.0088 9.1581
-0.7614 5.3320 9.1701
-0.8835 5.4063 9.2036
-0.8787 5.3129 9.2156
-0.8476 5.2483 9.1078
-0.7973 5.1142 8.8923
-0.8452 4.8700 8.1501
-1.1588 4.7335 7.4917
-1.5443 4.6856 6.7758
-1.8891 4.6162 6.0839
-2.1692 4.4677 5.5427
-2.6122 4.5228 5.1429
-3.1868 4.8005 4.6162
-3.6561 5.1525 4.2474
-4.0966 5.6385 4.1469
-4.2714 6.1581 4.5084
-4.0703 6.6465 5.4781
-2.9186 7.1230 6.6489
-1.8867 7.3815 7.6282
-1.3432 7.8077 8.6409
-0.8284 8.3129 9.5388
-0.0646 8.0831 10.2643
1.4054 7.1589 11.1358
1.9106 6.9075 11.4039
1.7837 7.1685 11.2699
1.0439 7.3887 10.5204
0.3927 7.3432 9.7758
-0.0670 7.2475 9.1126
-0.1030 7.4366 9.0408
0.3065 7.6617 9.5603
1.2570 7.6401 10.9754
1.8819 7.4965 11.9833
2.4398 7.1517 12.5029
2.7845 6.5555 12.2395
2.3608 6.2922 11.3704
1.7813 6.3185 10.6186
1.1636 6.2826 9.0001
0.8380 6.2036 7.6377
0.3759 6.3353 6.4741
-0.0072 6.4286 5.7151
-0.4142 6.4933 5.1142
-0.6441 6.5436 4.8077
-0.5674 6.6010 4.7239
-0.2370 6.4310 4.5731
-0.3496 6.2036 4.3672
-0.7446 5.7032 4.0559
-1.4030 5.4015 4.2020
-1.7023 5.2506 5.1621
-1.4677 4.9561 6.4981
-1.1349 4.2905 8.1645
-1.1564 3.8596 8.8540
-1.1421 3.8883 8.6769
-1.0200 4.0894 7.9681
-0.5986 4.3145 6.8835
-0.2275 4.4581 6.0336
0.2131 4.5922 5.5404
0.5052 4.8125 5.4015
1.0726 5.1309 5.8420
1.1277 5.1261 6.6489
1.0870 5.0759 7.5276
1.0224 4.9274 8.0950
1.1540 4.8700 8.8564
1.4509 4.7526 9.4167
2.0327 4.3121 10.5276
2.1884 4.0463 11.1142
2.2602 3.7183 11.8349
1.4461 2.8085 13.6330
0.0623 2.9330 13.5253
-1.1564 3.4956 12.4622
-1.3049 3.8284 11.0711
-1.1277 4.2570 9.6058
-0.6872 4.7191 8.4709
-0.0455 5.4637 7.3600
0.4693 5.8516 6.8548
0.6824 5.7870 6.8524
0.7638 5.3033 7.3361
0.4405 4.8053 7.6186
-0.6129 4.3743 7.4797
-1.0056 4.1924 7.2211
-1.1708 3.9601 7.1134
-1.2283 3.7901 7.5611
-1.0726 3.5411 8.1046
-1.2091 3.1269 8.1070
-1.6137 2.9689 7.2499
-2.3847 3.0431 5.7151
-3.1197 3.4478 4.3815
-3.6824 4.1517 3.2706
-3.9625 5.1022 2.6744
-3.8931 6.2802 3.6585
-3.4885 6.5292 5.8540
-3.2514 6.6657 7.8676
-2.6193 6.8165 10.7120
-1.7813 6.3113 12.2898
-1.7933 6.3353 13.2092
-1.9418 6.7135 13.1781
-1.4988 6.2682 13.0225
-1.4916 5.8779 13.2834
-1.9753 5.4494 13.6785
-2.3560 5.3464 13.7767
-2.4134 5.4685 13.5899
-2.1261 5.6625 13.1015
-1.6856 5.8708 12.3209
-0.8476 6.3472 10.5133
-0.2466 6.5364 9.4957
0.3304 6.7471 8.8492
0.5770 6.7590 8.5667
0.5698 6.6489 8.3656
0.2370 6.4669 8.2938
-0.2155 6.2658 8.3943
-0.6153 6.0001 8.5188
-0.6848 5.9354 8.5571
-1.1229 5.5643 8.5428
-1.1253 4.5659 7.4869
-0.9505 4.3959 7.3193
-0.3687 4.0822 7.3432
-0.0072 3.9697 7.2523
0.2035 3.7207 6.9913
0.2466 3.6130 6.6968
0.2897 3.5794 6.4286
0.3089 3.8189 6.0934
0.3041 4.1493 5.8085
0.2299 4.5348 5.4805
0.1963 4.9561 4.8915
0.1030 5.2961 4.6353
-0.0646 5.4589 4.8508
-0.4789 5.6984 5.3320
-1.5826 6.6513 5.5882
-1.9561 6.7662 5.4589
-1.7215 6.1724 5.3320
-1.5084 6.4478 5.4087
-1.2881 7.3289 6.4502
-1.1133 7.3576 7.7790
-1.5946 6.9458 9.1102
-2.5882 6.5627 9.8165
-3.0647 6.3640 9.8500
-2.8683 6.1892 9.5651
-2.3392 6.2515 9.5891
-1.8268 6.2562 10.1326
-1.3312 6.2227 10.9562
-0.7111 5.9737 12.1366
0.0718 5.6625 13.0177
0.6369 5.3057 13.1685
0.9936 4.8245 12.1318
0.6943 4.5515 10.3744
0.5435 4.3288 9.1940
0.6393 4.0942 8.3225
0.7614 3.7255 7.2810
0.6273 3.5148 6.3089
0.6153 3.4214 5.3608
0.4286 3.3472 4.7048
0.0646 3.3640 4.5204
-0.5267 3.3999 4.8867
-0.9649 3.3927 5.6337
-1.2283 3.1916 6.5579
-1.4030 3.1221 7.5635
-1.4533 3.2586 8.0543
-1.7119 3.4932 8.1525
-2.2243 3.9673 7.6713
-2.5451 4.4773 6.7662
-2.7558 4.9873 5.8995
-3.1604 5.5404 4.9897
-3.5866 6.1653 4.4055
-3.9194 6.7710 4.2067
-4.0703 7.2882 4.5922
-3.7015 7.9514 5.6481
-2.0232 7.5922 7.2930
-0.6249 7.2762 8.7702
-0.3017 7.7191 10.3193
-0.9122 8.1334 11.5284
-1.4126 7.9873 11.7846
-1.8819 7.4438 11.9067
-2.2219 6.6369 12.6106
-2.2003 6.5005 12.8477
-1.5970 5.8492 14.0568
-1.1947 5.6625 13.8629
-0.4956 5.5260 12.6801
0.2610 5.6361 10.6258
0.5722 5.8971 9.1509
0.9912 6.0575 7.4582
1.0942 6.2419 5.9641
0.7279 6.5603 4.9561
0.2131 6.8644 4.6210
0.0790 6.8285 4.7694
0.0910 6.3233 5.3967
-0.0383 5.9354 6.0479
-0.4860 5.6553 6.8740
-0.8787 5.3704 7.6162
-1.3887 4.8293 8.3512
-1.7622 4.5683 8.5811
-2.1812 4.4581 8.5188
-2.6313 4.3528 8.1741
-2.8516 4.2379 7.8484
-3.1437 4.0703 6.8979
-3.2634 4.1660 6.1700
-3.4645 4.4414 5.6385
-3.6920 4.9466 5.5164
-3.6800 5.2794 5.8612
-2.9617 5.2171 6.5675
-1.7023 5.0328 7.2547
-0.7374 5.2075 7.8412
0.6776 5.5571 8.9450
1.9106 5.4853 10.5611
1.6209 5.1980 10.8963
0.9194 4.9178 10.5444
1.0774 4.3360 10.0272
1.6377 3.8308 9.9602
2.3440 3.6321 10.4606
2.5523 3.1245 11.9714
2.4230 2.6289 12.3521
1.1900 1.8364 12.4814
-0.1269 1.9106 11.6242
-0.6081 2.1501 10.4007
-0.3328 2.4302 9.0695
0.1149 2.9785 7.7742
0.5698 3.4980 6.7327
0.8332 3.7207 6.1700
1.0008 3.8524 5.8660
1.0176 3.8117 5.9641
1.1157 3.5148 6.1772
0.9457 3.2059 6.5148
0.8260 3.1317 6.6728
0.2634 3.1844 7.2834
0.1101 3.1940 6.9841
-0.3472 3.3568 6.2131
-0.9146 3.5962 5.7056
-1.9202 3.9601 5.2890
-3.8308 5.0016 5.2794
-4.3432 5.5116 6.9075
-3.6154 5.6577 8.2219
-2.8468 5.8875 9.7591
-2.0256 5.9785 11.3896
-1.5682 6.1389 12.4167
-1.4988 6.3855 12.6633
-1.5802 6.8045 12.2659
-1.6568 7.0607 11.1980
-1.5252 7.2211 10.3385
-1.1516 7.1685 9.7088
-0.7638 7.1685 9.5220
-0.0335 7.1828 10.0033
0.4789 7.0416 10.9682
0.9697 6.6704 11.7439
0.9817 6.5196 12.1007
0.6010 6.4981 11.7032
0.1868 6.5627 11.0376
-0.1197 6.4645 7.9538
-0.3615 6.4406 7.0727
-0.6465 6.7495 5.6194
-0.4286 6.8021 5.0998
-0.0623 6.4741 5.2674
0.0646 5.9905 5.8995
0.1724 5.4374 6.6728
0.3927 5.0088 7.8221
0.6153 4.4941 8.5571
0.7135 4.0822 8.8708
0.7015 3.9841 8.8732
0.5746 3.9314 8.6074
0.1676 3.7638 7.4630
0.2538 3.6273 7.1014
0.7135 3.4166 7.2235
1.4485 3.5220 8.1860
1.9489 3.7973 9.2060
2.3679 3.7710 10.4079
2.4446 3.6154 11.1837
2.0495 3.4358 11.7176
1.3647 4.1062 11.1693
1.2378 4.5395 10.6665
1.6544 4.7048 10.4773
2.0878 4.9035 10.7024
2.1022 4.9681 11.3465
2.1405 4.8221 11.7224
1.9729 4.7526 11.8852
1.8220 4.7598 11.9019
1.2714 4.6928 11.6051
1.1636 4.5683 11.2938
1.1038 4.3648 10.9394
1.1277 4.1182 10.1350
1.1540 3.9386 9.2371
1.1876 3.5651 6.6321
1.2474 3.5100 5.0256
1.1493 3.4789 3.9099
0.5650 3.2083 3.4214
-0.3663 2.9904 3.4932
-1.3169 2.9162 3.7638
-1.4605 2.9138 3.8189
-2.9114 3.0551 5.0711
-2.9234 3.5507 5.8779
-2.4757 3.9506 6.6896
-2.1716 4.1038 7.0320
-1.6233 4.7311 7.6473
-1.3839 5.5451 7.8149
-1.5371 5.5691 7.8963
-1.6664 5.6433 8.1693
-1.7742 5.7295 8.6625
-1.9729 6.0934 9.2347
-1.6401 6.1653 9.7375
-0.4214 5.6050 9.9722
-0.0527 5.9258 9.7710
0.3951 6.1485 9.7710
1.0319 6.1269 9.9171
1.6904 5.9115 10.3217
1.8627 5.4661 10.7527
1.8364 5.1716 10.7048
1.7622 4.9585 10.2116
1.6904 4.9418 9.6250
1.3839 4.9418 8.9642
0.9218 5.0112 8.6625
0.5243 5.1190 8.7056
0.2753 5.2602 8.6816
0.1628 5.3368 8.5164
-0.0694 5.3871 7.9849
-0.4477 5.3847 7.4989
-0.9433 5.5212 7.2068
-1.0966 5.6409 7.2044
-0.9386 5.6840 7.3959
-0.8141 5.6289 7.6569
-0.7063 5.5212 7.7886
-0.6441 5.1932 7.7383
-1.1014 4.7862 7.8772
-1.4821 4.6353 8.1956
-1.4988 4.6257 8.2794
-0.6225 4.8580 8.9690
0.2634 5.1214 9.4287
1.0607 5.3584 10.0416
1.5730 5.3847 10.7479
1.7670 5.2602 11.4782
1.5036 5.2411 11.5787
1.4342 5.2435 11.5763
0.7590 4.7742 10.2236
0.8787 4.8173 9.9243
0.9912 4.9538 9.9075
1.0774 4.9561 10.1757
1.1229 4.8316 10.6234
1.0966 4.8197 10.7168
1.1708 4.8723 10.6473
~M357
19.8000 -7.7400 -36.0600
19.8000 -7.5600 -36.0600
20.8800 -8.5800 -36.5400
21.0000 -9.5400 -35.4600
19.9800 -9.2400 -34.7400
19.5600 -8.7000 -35.4600
19.9200 -9.0000 -35.4600
20.0400 -9.3000 -34.6200
19.6800 -8.8800 -35.2200
19.0800 -8.5200 -36.4800
18.7800 -8.7600 -36.8400
17.8200 -8.6400 -36.9600
17.4600 -8.5800 -37.3200
16.9200 -8.6400 -37.4400
16.9800 -8.8800 -38.1000
16.8600 -9.7800 -37.4400
16.5600 -10.2600 -37.0800
15.8400 -10.8000 -36.3000
14.4600 -11.0400 -37.0800
12.9000 -11.2800 -38.6400
12.6600 -11.2200 -39.3600
12.5400 -10.6800 -39.7200
12.1800 -10.4400 -39.1800
11.1000 -10.8600 -38.5200
9.8400 -11.1600 -39.7800
8.6400 -11.2200 -40.9800
7.8600 -10.8600 -40.6800
7.2000 -11.0400 -39.6000
6.8400 -11.2200 -39.0600
6.9000 -11.5800 -39.2400
6.6000 -11.5800 -39.9600
6.6000 -11.5200 -40.5600
6.6000 -11.5800 -40.7400
6.4200 -10.8600 -41.1000
7.0200 -10.9800 -40.8600
7.9800 -11.1000 -40.3200
8.1000 -10.0200 -41.1000
7.8600 -9.6000 -41.2800
7.6200 -8.8800 -42.0000
7.6200 -8.2800 -42.3000
8.9400 -6.6600 -42.1800
10.1400 -5.1600 -42.2400
10.6800 -4.3800 -41.8200
11.1600 -4.0200 -41.9400
12.3600 -3.2400 -41.9400
12.4200 -2.6400 -42.9000
13.1400 -2.5800 -42.1200
12.3600 -1.6800 -42.4800
11.8200 -0.8400 -42.2400
11.8200 -0.9000 -41.8800
11.8200 -1.7400 -41.7000
11.6400 -2.8200 -41.2800
11.8200 -3.1800 -40.6800
11.7600 -3.6000 -40.6200
11.2800 -5.2200 -40.6800
10.0800 -6.0000 -40.5000
9.3000 -6.0600 -40.2000
8.5200 -6.0000 -41.1000
7.8000 -6.0600 -41.7000
7.6200 -6.1800 -41.4600
7.1400 -6.0000 -41.1600
7.2000 -6.3600 -41.2200
7.1400 -6.6600 -41.1600
7.5600 -6.6600 -40.6800
8.5200 -6.4800 -40.3200
8.9400 -6.5400 -40.7400
8.3400 -6.2400 -41.7600
8.1600 -5.8200 -41.8200
7.5600 -5.4000 -41.7600
7.5000 -4.6800 -41.7000
6.5400 -3.4200 -41.1000
6.0000 -2.2200 -42.2400
5.8800 -1.3200 -43.2000
4.4400 -0.4800 -43.8600
4.4400 -0.6000 -44.1600
4.4400 -0.4800 -44.1600
3.6000 -1.0800 -43.7400
3.6000 -1.6200 -42.9600
3.1200 -2.1600 -43.2000
1.8000 -3.0600 -43.9800
0.6000 -3.3000 -43.7400
-0.4800 -3.7200 -43.6200
-0.4800 -4.2000 -42.9000
0.1200 -5.2800 -42.6000
0.1200 -5.8800 -42.4800
0.2400 -6.5400 -42.8400
1.5600 -6.4800 -43.5000
2.4600 -5.7600 -43.8000
2.8800 -4.9800 -44.2800
3.9000 -3.2400 -44.4000
4.1400 -2.2200 -43.6200
3.8400 -1.8600 -44.1000
4.3200 -0.7800 -44.2800
4.6800 0.7200 -44.3400
4.3200 1.0200 -44.3400
4.8000 1.2000 -43.8600
4.1400 0.8400 -44.1000
4.4400 0.6000 -44.2800
3.8400 0.1800 -44.6400
4.6200 -0.3600 -44.4000
4.9800 -0.4800 -44.6400
5.2200 -1.0200 -43.7400
5.6400 -1.8600 -43.0800
5.5800 -1.9800 -44.3400
5.2200 -2.6400 -44.4600
4.3200 -3.5400 -44.4000
3.6600 -4.5600 -44.2800
2.5200 -5.4600 -43.9800
1.8000 -5.4600 -44.5200
1.8600 -6.0600 -44.8800
1.3800 -6.6600 -44.5200
1.2000 -7.2600 -44.5200
1.2000 -8.5800 -43.8000
1.8600 -9.6000 -43.5600
2.4600 -9.7800 -44.1600
2.6400 -9.3600 -44.2800
2.6400 -9.1800 -44.3400
3.0600 -9.3600 -43.9800
4.5000 -7.8600 -43.6800
4.9800 -7.2600 -43.9800
4.2000 -7.4400 -44.9400
3.9600 -6.7800 -45.2400
3.5400 -5.8200 -45.1800
2.8200 -6.0000 -43.7400
2.5200 -5.7600 -43.2000
2.6400 -6.1200 -42.7800
2.5800 -6.1200 -43.2000
2.1600 -6.3600 -43.2600
1.4400 -6.8400 -43.2000
-0.0600 -7.6200 -44.5200
-0.7800 -7.9200 -44.7000
-1.4400 -7.7400 -44.1600
-1.8600 -8.0400 -44.0400
-2.8200 -8.3400 -44.4000
-3.3600 -8.4000 -44.1000
-3.6600 -8.2800 -43.7400
-4.3200 -8.1000 -43.8000
-4.3800 -8.9400 -43.8600
-4.8600 -9.4800 -44.1600
-4.5000 -9.3000 -44.9400
-4.4400 -9.3000 -44.6400
-4.7400 -9.4200 -44.6400
-4.5000 -9.0000 -45.1800
-4.2600 -7.9800 -44.8800
-4.3800 -7.3200 -44.6400
-3.4800 -5.8800 -44.8800
-3.5400 -5.2800 -45.8400
-3.4800 -5.0400 -44.7000
-3.4800 -4.8000 -44.5800
-4.2000 -4.6200 -45.1800
-4.3200 -4.9800 -45.6600
-3.6600 -5.5800 -45.3000
-2.8800 -5.2800 -44.5800
-3.2400 -4.7400 -45.6600
-3.6600 -4.2000 -46.0200
-4.7400 -3.9600 -46.7400
-5.2200 -3.3600 -46.7400
-5.2800 -4.2000 -45.7200
-5.7600 -4.5600 -44.7000
-5.3400 -4.9800 -44.2200
-5.6400 -5.5200 -45.0000
-6.0600 -7.0200 -45.7800
-5.4600 -7.3200 -45.9000
-5.7600 -7.1400 -45.4200
-5.5200 -7.4400 -45.3000
-4.7400 -7.8600 -44.2200
-4.1400 -7.4400 -44.4000
-4.1400 -7.3800 -44.1600
-4.8000 -7.6200 -45.0000
-4.1400 -7.9200 -45.3000
-3.7200 -7.8600 -45.4800
-4.0200 -7.5000 -45.5400
-4.8600 -7.2600 -44.7600
-4.9200 -7.3200 -45.1800
-4.8600 -7.3200 -45.4200
-5.2800 -6.9600 -44.8200
-5.8800 -7.3800 -44.8200
-6.1800 -7.9800 -44.5200
-6.9000 -8.2800 -44.8200
-7.6800 -7.9800 -44.5800
-9.7800 -8.1600 -44.3400
-10.3200 -8.5200 -43.4400
-10.6200 -8.7000 -44.0400
-10.7400 -9.4800 -43.8000
-10.8600 -9.6600 -43.5600
-9.6600 -10.6800 -42.0000
-9.3600 -10.3800 -42.6600
-9.8400 -9.6600 -44.4000
-10.0200 -9.4800 -44.2200
-10.5000 -8.5200 -43.8600
-10.4400 -8.1600 -43.5000
-10.4400 -7.9800 -44.4000
-10.3200 -7.9800 -44.2800
-10.9200 -8.1600 -43.2600
-12.1800 -7.6800 -42.6000
-13.4400 -7.3800 -41.9400
-13.3200 -6.9000 -42.0000
-13.9200 -6.5400 -42.4200
-14.4000 -5.7600 -43.2600
-15.1200 -5.8200 -43.3800
-14.8200 -5.0400 -44.0400
-14.7600 -4.8600 -44.2200
-14.7000 -4.9200 -43.5000
-15.5400 -4.9800 -42.9600
-15.2400 -4.9800 -42.9000
-16.0800 -5.2200 -43.5000
-15.4800 -5.6400 -43.5600
-15.3600 -6.1200 -44.1000
-14.5200 -6.4800 -44.4600
-13.8600 -7.6200 -43.6800
-13.5000 -7.5600 -43.6800
-13.9800 -7.0800 -44.4000
-13.4400 -7.6800 -43.5600
-12.8400 -7.6800 -43.0200
-11.7600 -8.4600 -41.3400
-11.5800 -8.3400 -41.0400
-10.7400 -7.2600 -42.0000
-10.5000 -6.5400 -43.4400
-10.0800 -5.7000 -43.6200
-9.6600 -5.2200 -43.5600
-9.4800 -4.8600 -43.3200
-9.1200 -4.9800 -43.2600
-8.7000 -6.0000 -43.0200
-8.5800 -6.9000 -42.9600
-8.7600 -7.2000 -44.9400
-9.1200 -7.3800 -45.0000
-8.7600 -7.5600 -44.3400
-8.7000 -8.3400 -44.5800
-9.3000 -8.4000 -44.9400
-9.4800 -8.7000 -45.7200
-7.8600 -9.0000 -45.8400
-6.9600 -9.1200 -45.3600
-7.0800 -9.3600 -44.5200
-6.7200 -9.4800 -44.3400
-6.7800 -9.6000 -45.3000
-6.3600 -9.7800 -45.8400
-5.4600 -8.7000 -46.1400
-5.1000 -8.4000 -45.9000
-4.9800 -7.5000 -45.7200
-4.8600 -6.9600 -46.4400
-5.3400 -6.8400 -46.2000
-5.2200 -6.5400 -45.6600
-4.8000 -6.3600 -45.3600
-3.7800 -5.9400 -44.8800
-4.3200 -5.4000 -45.1200
-4.9800 -4.1400 -45.9600
-5.2800 -4.0800 -46.6200
-5.5800 -4.1400 -46.8000
-5.5200 -4.1400 -47.1000
-5.7600 -4.5600 -46.8000
-5.3400 -4.6200 -46.5000
-5.5800 -5.0400 -46.4400
-5.7600 -4.8600 -46.5600
-5.4600 -5.4600 -47.4600
-5.7000 -5.8200 -47.2200
-6.0600 -6.0000 -46.3200
-4.9200 -7.0800 -44.5200
-4.6800 -6.9000 -44.2800
-4.9800 -6.7200 -44.5800
-5.3400 -6.4800 -46.2600
-5.3400 -6.0600 -46.3800
-5.2200 -5.7000 -46.9800
-6.0000 -6.1800 -46.6200
-6.1800 -5.3400 -46.1400
-6.1800 -4.6800 -46.9200
-5.9400 -4.5600 -46.8600
-5.7000 -4.3200 -46.3800
-6.3000 -4.2600 -45.9600
-6.0600 -4.6200 -45.3600
-5.7600 -4.5000 -46.2000
-6.6600 -3.9000 -47.8800
-6.7200 -3.4200 -47.7000
-6.9000 -3.3600 -46.8000
-6.4200 -3.7800 -46.0200
-6.4200 -3.4200 -46.0800
-6.0600 -3.4800 -46.0800
-6.9000 -3.5400 -46.8000
-7.5000 -3.7800 -46.8000
-7.1400 -3.5400 -46.5000
-7.3800 -3.4200 -46.0200
-6.7200 -3.2400 -46.0200
-6.1800 -3.4800 -46.2600
-6.3600 -3.5400 -47.2800
-6.4200 -3.4800 -46.7400
-6.5400 -3.1200 -46.8600
-6.1800 -2.4600 -46.1400
-5.0400 -2.2800 -46.0800
-4.9800 -1.4400 -46.2000
-4.8000 -0.7200 -46.4400
-5.2200 0.2400 -46.3800
-4.7400 0.5400 -46.7400
-4.5000 0.7800 -46.9200
-4.0200 1.3200 -46.9800
-3.9000 1.0800 -46.5600
-3.4800 0.6600 -45.6000
-3.1200 0.0600 -45.9600
-3.2400 -0.0600 -47.0400
-3.3600 0.1200 -47.4600
-2.8200 0.2400 -47.3400
-2.8200 0.0000 -47.1600
-2.1000 -0.1200 -46.8000
-1.9200 -0.3000 -45.5400
-2.8200 -0.6000 -45.4200
-2.8800 -0.9600 -45.7200
-2.1600 -1.1400 -45.6000
-1.5000 -1.2000 -45.1200
-1.3200 -1.1400 -45.2400
-1.9200 -0.7800 -44.8200
-2.7000 0.2400 -46.1400
-2.5200 0.3600 -46.3200
-3.3000 0.8400 -46.9800
-4.3800 0.1200 -47.3400
-4.4400 0.2400 -46.6200
-4.5600 0.8400 -46.0800
-3.8400 1.3800 -45.0600
-3.1800 2.3400 -45.3600
-3.6600 3.3600 -46.0200
-3.6000 4.0200 -45.8400
-4.7400 3.9000 -45.7800
-5.4600 3.4200 -45.6000
-5.1000 3.1200 -45.1800
-4.4400 2.6400 -44.3400
-3.7800 2.5800 -43.8000
-3.5400 2.5200 -43.6800
-3.6600 1.8600 -43.7400
-4.0200 1.2000 -44.2800
-4.8600 0.1800 -43.7400
-5.3400 -0.0600 -43.7400
-5.4600 0.1200 -43.0200
-5.1600 -0.3600 -42.9600
-5.0400 -0.6600 -43.5000
-5.0400 -1.5600 -43.3200
-5.5200 -1.6200 -43.3200
-5.9400 -2.1000 -43.6200
-6.3000 -2.1600 -43.6800
-6.9600 -2.7600 -43.8000
-7.0800 -3.4800 -42.9600
-6.5400 -4.1400 -42.9000
-6.2400 -3.4200 -43.6200
-6.1800 -2.3400 -43.6200
-5.7000 -1.5000 -43.2600
-5.7600 -0.5400 -43.1400
-5.9400 0.0600 -42.9600
-5.5200 -0.1200 -43.3800
-5.5200 -0.4200 -43.2000
-6.0600 0.0000 -43.1400
-6.2400 -0.0600 -43.2000
-5.4600 0.5400 -43.5600
-5.4000 0.9600 -43.5000
-5.1600 0.7800 -43.5600
-5.1600 0.7800 -43.5600
-4.3800 1.2000 -43.8000
-4.6200 1.6200 -45.4200
-4.8600 1.8000 -46.3200
-4.5600 1.9800 -45.9600
-3.9600 2.5200 -45.8400
-3.6600 2.7000 -45.8400
~G357
0.4604 -0.1148 -1.1511
0.1929 -1.0110 -0.9056
0.1116 -1.2901 -0.6221
0.3016 -0.6774 -0.4382
0.4562 -0.2944 -0.2923
0.4525 -0.4905 -0.2758
0.3816 -0.6396 -0.3106
0.3187 -0.6658 -0.3222
0.2992 -0.7074 -0.3301
0.3291 -0.7263 -0.3295
0.4513 -0.7721 -0.3772
0.6028 -0.8998 -0.4382
0.7274 -1.0702 -0.4877
0.7927 -1.3048 -0.5171
0.7579 -1.4270 -0.5183
0.6529 -1.4783 -0.4902
0.4800 -1.4190 -0.4505
0.3267 -1.3512 -0.4395
0.0609 -1.1802 -0.4499
-0.0551 -1.0214 -0.4456
-0.0893 -0.9267 -0.4511
-0.0845 -0.8943 -0.4670
0.0640 -0.9878 -0.5732
0.1672 -1.2242 -0.6356
0.2381 -1.5003 -0.7076
0.2778 -1.6047 -0.7657
0.2979 -1.6377 -0.8371
0.3041 -1.5626 -0.9214
0.3016 -1.5113 -0.9428
0.2821 -1.1167 -1.0742
0.2729 -0.8699 -1.1481
0.2521 -0.6225 -1.2305
0.2118 -0.4526 -1.2843
0.1446 -0.2889 -1.3356
0.0609 -0.1197 -1.3833
-0.0356 0.0819 -1.3949
-0.1571 0.2987 -1.3478
-0.2934 0.3891 -1.2538
-0.4943 0.2706 -1.0900
-0.7179 0.0758 -0.8793
-0.9079 -0.0116 -0.6661
-1.0686 0.0794 -0.5714
-1.1926 0.2718 -0.5323
-1.2469 0.4704 -0.4914
-1.2341 0.5266 -0.4767
-1.1956 0.5626 -0.5085
-1.1211 0.7257 -0.6093
-0.9946 0.9621 -0.7205
-0.8780 1.1991 -0.8121
-0.8383 1.3207 -0.7913
-0.8847 1.2694 -0.6435
-0.9501 1.0867 -0.4602
-1.0117 0.6915 -0.2342
-1.0185 0.2779 -0.1249
-0.8975 -0.1863 -0.0583
-0.7149 -0.4068 -0.0155
-0.4638 -0.4331 -0.0277
-0.1681 -0.3598 -0.0925
0.2228 -0.1552 -0.1237
0.3975 -0.0751 -0.0980
0.8832 -0.1203 -0.0229
1.1147 -0.4832 -0.0296
1.2002 -0.9053 -0.0931
1.2087 -1.2162 -0.1640
1.1293 -1.4838 -0.2495
1.0059 -1.5644 -0.3368
0.7274 -1.3439 -0.5616
0.5392 -1.0806 -0.6973
0.2918 -0.8173 -0.8200
0.0163 -0.7092 -0.8384
-0.2494 -0.7336 -0.8145
-0.3496 -0.7391 -0.8408
-0.1730 -0.5895 -0.9709
0.1965 -0.3372 -1.0155
0.5240 -0.0873 -0.9471
0.6797 0.0880 -0.8445
0.7042 0.2639 -0.7241
0.6101 0.3152 -0.6734
0.3737 0.2615 -0.6172
0.2051 0.2065 -0.6032
-0.3355 0.0880 -0.6398
-0.5670 0.0690 -0.6704
-0.8053 0.0055 -0.6838
-0.9073 -0.1576 -0.6582
-1.0020 -0.4972 -0.6343
-1.1920 -1.0098 -0.6789
-1.2622 -1.1209 -0.7083
-1.4027 -1.2181 -0.7797
-1.3514 -0.7324 -0.9245
-0.9562 -0.2059 -0.8335
-0.4381 -0.0232 -0.5549
0.0066 -0.1301 -0.3210
0.2961 -0.3329 -0.1835
0.5282 -0.6933 -0.1420
0.5533 -0.8699 -0.2391
0.4812 -1.0238 -0.4584
0.3493 -1.1362 -0.7009
0.2735 -1.1753 -0.9135
0.3010 -1.1362 -1.0552
0.4299 -1.0244 -1.1853
0.5209 -0.9212 -1.2342
0.5765 -0.8124 -1.2898
0.6871 -0.6353 -1.3631
0.8923 -0.3262 -1.4718
1.0713 0.0422 -1.5537
1.1153 0.4588 -1.6026
0.9558 0.8021 -1.5561
0.6730 0.9621 -1.4627
0.2595 1.0409 -1.3429
-0.6006 0.8656 -1.1829
-1.2488 0.6652 -1.0424
-1.6562 0.5754 -0.8634
-1.7222 0.5388 -0.6276
-1.5188 0.5681 -0.5568
-1.2854 0.5046 -0.5574
-1.0435 0.4258 -0.4944
-0.8816 0.2419 -0.3937
-0.8664 0.0159 -0.3497
-0.8535 -0.1985 -0.2593
-0.7582 -0.2963 -0.0613
-0.5444 -0.2895 0.2313
-0.2353 -0.1478 0.5397
0.0243 0.0006 0.7377
0.3205 0.0916 0.9264
0.4268 0.1558 1.0132
0.4055 0.2321 0.9857
0.3822 0.3390 0.8806
0.3633 0.3598 0.7584
0.3578 0.2694 0.6644
0.3859 0.1833 0.6039
0.4610 0.0532 0.5660
0.6248 -0.1863 0.5263
0.8660 -0.7850 0.2771
0.8526 -0.8821 0.2398
0.7958 -0.9774 0.1146
0.8050 -0.8772 0.0138
0.8392 -0.7422 -0.0968
0.8801 -0.6677 -0.1414
0.9852 -0.5504 -0.1994
1.0805 -0.4997 -0.2525
1.1727 -0.4276 -0.3576
1.1910 -0.3335 -0.4755
1.0762 -0.1582 -0.6734
0.8880 -0.1387 -0.7828
0.5912 -0.0855 -0.9111
0.3315 0.0648 -0.9917
0.2008 0.4209 -0.9960
0.1782 0.6738 -0.9159
0.1012 0.6842 -0.8640
-0.2335 0.4111 -0.8231
-0.5176 0.2291 -0.8188
-0.7558 0.1277 -0.8921
-0.9678 0.0831 -1.1010
-0.9641 0.1002 -1.1407
-0.8499 0.1081 -0.9990
-0.7173 -0.0739 -0.6973
-0.7289 -0.4673 -0.4810
-0.7998 -0.8711 -0.2855
-0.8541 -1.1325 -0.1573
-0.8077 -1.2559 -0.0204
-0.6422 -1.1906 0.0688
-0.2616 -0.8766 0.1262
0.1452 -0.5919 0.0932
0.4794 -0.4300 0.0388
0.6669 -0.4221 0.0333
0.8056 -0.5553 0.0285
0.8911 -0.7837 -0.0412
0.9180 -0.9493 -0.1450
0.8703 -1.0904 -0.3271
0.7023 -1.0678 -0.4999
0.4213 -0.9426 -0.6887
0.0817 -0.8515 -0.8640
-0.1712 -0.8308 -0.9685
-0.3905 -0.8564 -1.0571
-0.4302 -0.9157 -1.0845
-0.3148 -0.9401 -1.0711
-0.1223 -0.8754 -1.0491
0.3071 -0.6414 -1.0021
0.5563 -0.4862 -0.9520
0.6571 -0.3641 -0.9239
0.5936 -0.1588 -0.8976
0.4281 -0.0238 -0.8567
0.1116 0.0806 -0.7742
-0.2842 0.0422 -0.6557
-0.6904 -0.0953 -0.5030
-1.0050 -0.2346 -0.3894
-1.2091 -0.3616 -0.4499
-1.3465 -0.3555 -0.6233
-1.3325 -0.0672 -0.8023
-1.2628 0.1900 -0.8946
-1.2262 0.2932 -0.9049
-1.2249 0.0312 -0.6808
-1.2103 -0.0159 -0.6331
-0.6996 -0.3769 -0.0351
-0.1071 -0.3103 0.3705
0.1538 -0.1582 0.5355
0.4171 0.0287 0.6845
0.4928 0.1301 0.7145
0.4959 0.2773 0.6809
0.3859 0.3213 0.5752
0.1672 0.3006 0.4273
-0.1419 0.0819 0.2801
-0.3129 -0.1582 0.1934
-0.4449 -0.4190 0.0675
-0.5169 -0.6335 -0.0846
-0.5249 -0.7434 -0.1988
-0.4058 -0.7263 -0.2739
-0.1504 -0.6335 -0.2947
0.0786 -0.5675 -0.2935
0.2979 -0.5113 -0.2953
0.5117 -0.3714 -0.2904
0.7323 -0.0819 -0.2452
0.8190 0.0922 -0.2012
0.8410 0.1808 -0.1713
0.8031 0.3482 -0.0675
0.7152 0.3317 0.0437
0.6565 0.2767 0.1592
0.5887 0.1454 0.3101
0.4788 0.0159 0.3565
0.3096 -0.0782 0.3308
0.2503 -0.0867 0.3003
0.0206 0.0727 -0.0742
-0.0093 0.2456 -0.3081
0.0035 0.3598 -0.3820
-0.0264 0.3403 -0.3607
-0.1529 0.0941 -0.3204
-0.3453 -0.3042 -0.3668
-0.5573 -0.6634 -0.5629
-0.5915 -0.6726 -0.6936
-0.5151 -0.5095 -0.7797
-0.3697 -0.3488 -0.7064
-0.1462 -0.2052 -0.4486
0.0292 -0.2431 -0.1847
0.1544 -0.4337 -0.0339
0.2283 -0.6860 0.0113
0.2650 -1.0476 -0.0699
0.2332 -1.2492 -0.1799
0.1715 -1.4129 -0.3350
0.1061 -1.4569 -0.5592
0.0573 -1.3842 -0.7693
0.0573 -1.3463 -0.8243
0.1990 -0.9248 -1.0125
0.3523 -0.5742 -1.1334
0.3743 -0.2535 -1.3399
0.3120 -0.1002 -1.4059
0.1061 0.1130 -1.4700
-0.3209 0.2413 -1.4052
-0.3844 0.2272 -1.3808
-0.9275 -0.1313 -0.9764
-1.1223 -0.3372 -0.7021
-1.1443 -0.4032 -0.5122
-0.9305 -0.3934 -0.2800
-0.7405 -0.3775 -0.1750
-0.3477 -0.3574 -0.0088
0.0896 -0.4166 0.1622
0.2204 -0.5443 0.3101
0.1636 -0.6371 0.4102
-0.0362 -0.7947 0.5135
-0.3545 -0.9963 0.5691
-0.5640 -1.1203 0.6027
-0.7088 -1.1393 0.6271
-0.6868 -1.0525 0.6094
-0.5066 -0.7055 0.6204
-0.3013 -0.3628 0.7059
-0.0588 0.0452 0.8446
0.0658 0.2358 0.8470
0.1471 0.1912 0.8391
0.1599 -0.0342 0.7835
0.1629 -0.3274 0.6638
0.2088 -0.4881 0.5465
0.3163 -0.5192 0.4689
0.4745 -0.2669 0.4677
0.6742 0.0916 0.4677
0.8618 0.4062 0.4518
1.0426 0.6396 0.4115
1.2478 0.9071 0.3730
1.1764 0.7220 0.3760
0.9791 0.3787 0.3626
0.7585 0.1045 0.3461
0.4592 -0.1619 0.2881
0.2466 -0.1955 0.1842
0.0695 0.0464 0.0730
0.0200 0.4563 0.0193
0.0328 0.5608 0.0217
0.0640 0.5492 0.0566
0.0017 0.3995 0.0859
-0.2555 0.0464 -0.0033
-0.4998 -0.1100 -0.1499
-0.6849 -0.0470 -0.2464
-0.8340 0.1588 -0.3381
-0.8713 0.2657 -0.3662
-0.8767 0.6206 -0.3552
-0.7570 0.5999 -0.3032
-0.5420 0.4899 -0.2434
-0.3025 0.3739 -0.1878
0.0585 0.2529 -0.1316
0.2753 0.2065 -0.1151
0.7482 0.2358 -0.1224
0.8972 0.4160 -0.1957
0.8691 0.5253 -0.2953
0.7133 0.5351 -0.4621
0.5484 0.4129 -0.6075
0.3884 0.1741 -0.6795
0.2955 -0.1283 -0.3136
0.3047 -0.1594 -0.0980
0.3413 -0.0617 0.0321
0.3541 -0.0110 0.0572
0.3804 0.2682 0.0871
0.3804 0.3177 0.0865
0.3297 0.7068 0.0700
0.2552 0.7117 0.0572
0.1489 0.5608 0.0737
0.0573 0.3739 0.1170
0.0011 0.3140 0.1995
-0.0435 0.3048 0.3095
-0.1278 0.4246 0.4420
-0.2573 0.4081 0.4872
-0.4021 0.2853 0.4982
-0.5096 0.1497 0.4554
-0.6348 -0.0195 0.3192
-0.7075 -0.0366 0.1824
-0.7124 0.0532 0.1500
-0.6917 0.2621 0.1372
-0.6959 0.3555 0.1305
-0.7210 0.2981 0.1207
-0.6929 0.1497 0.1354
-0.6147 -0.0421 0.1714
-0.4119 -0.2743 0.2294
-0.3038 -0.3592 0.2386
-0.0405 -0.4349 0.2203
0.0304 -0.4258 0.2245
0.1226 -0.4154 0.2881
0.1978 -0.4050 0.3253
0.2986 -0.3671 0.3223
0.4488 -0.2217 0.2154
0.5179 -0.0440 0.1427
0.5282 0.1240 0.0779
0.5026 0.1894 0.0853
0.4635 0.2095 0.1879
0.3749 0.1039 0.4408
0.2680 0.0519 0.5049
0.1391 0.0208 0.4646
0.0188 0.0024 0.3583
-0.0240 0.0764 0.2288
-0.0002 0.2022 0.1341
0.0921 0.2242 0.1018
0.0286 0.0684 0.1378
-0.1223 -0.1710 0.1616
-0.2353 -0.3066 0.1555
-0.3349 -0.4136 0.1237
-0.3606 -0.4404 0.1036
-0.4033 -0.3354 0.0254
-0.4070 -0.1967 -0.0259
-0.4027 -0.0666 -0.0846
-0.3734 0.0397 -0.1933
-0.3551 0.0605 -0.2690
-0.3429 0.0562 -0.3442
