D10
~A406
-0.2203 2.0615 7.7503
1.0966 4.3312 7.5228
0.9649 4.2043 7.7455
0.7590 4.1517 7.9442
0.6058 3.9913 8.0376
0.4789 3.8596 8.0376
0.4046 3.8404 7.9059
0.4094 3.8811 7.7431
0.5459 3.9051 7.5755
0.7207 3.9697 7.4749
0.9386 4.0320 7.6258
0.9936 4.1229 7.6808
1.0750 4.2331 7.8125
1.2091 4.2834 7.9849
1.3719 4.3815 8.2387
1.5563 4.4150 8.4781
1.5778 4.3384 8.7367
1.5563 4.3672 8.9043
1.4605 4.3959 9.1030
1.3767 4.4294 9.1796
1.1181 4.4941 9.2611
0.8787 4.5994 9.3544
0.6201 4.6114 9.5986
0.1269 4.6904 9.9458
-0.1915 4.8340 10.1781
-0.4262 5.0376 10.5037
-0.4836 5.2028 10.6018
-0.5555 5.3368 10.6282
-0.6919 5.4206 10.5180
-0.7590 5.4518 10.4127
-0.8188 5.3392 10.1613
-0.8284 5.1477 9.9817
-0.9338 4.8843 9.6585
-1.0942 4.6425 9.2946
-1.4222 4.4150 8.9019
-1.6784 4.2283 8.5045
-2.0495 4.0535 7.9059
-2.3655 4.0248 7.4199
-2.7079 4.0894 6.8644
-3.0431 4.3863 6.4813
-3.1509 4.6904 6.2515
-2.8875 4.6904 6.2227
-2.3320 4.6353 6.3281
-1.3001 4.7143 6.6657
-0.0766 4.9131 7.4630
1.6664 4.8245 9.4885
2.4182 4.2307 10.7647
2.1716 3.5866 11.6625
1.1085 3.6489 11.7152
0.2179 4.2546 11.1765
0.2370 4.1612 10.6138
0.4525 3.9075 10.2667
1.6832 3.4549 10.1350
2.3655 3.3113 10.2954
2.6888 3.3233 10.5659
2.6505 3.3041 10.6737
2.3272 3.3927 10.6114
1.9801 3.5675 10.3768
1.7406 3.7734 9.9338
1.8484 4.0224 9.4143
2.2793 4.2953 8.9833
2.6433 4.4845 8.6529
2.8875 4.6162 8.2914
3.0024 4.7933 8.1597
3.0551 4.5539 7.9873
3.0024 4.0344 7.7239
2.7079 3.7925 7.4941
2.0375 3.5914 7.2523
1.4414 3.4549 7.2092
0.9433 3.2945 7.1732
0.4118 3.0335 6.8979
0.0527 2.9330 6.5771
-0.3232 3.0790 6.1724
-0.4334 3.0096 5.9977
-0.4860 2.7845 5.9522
-0.5555 2.5738 5.9881
-0.8069 2.6433 6.1437
-1.6520 3.0551 6.7638
-2.5188 3.5459 7.5611
-2.8181 3.7686 8.1166
-2.6098 4.1541 9.3736
-2.0567 4.6617 9.9961
-1.5275 5.4015 9.9003
-1.1900 6.0216 9.0336
-1.2163 6.8189 7.9322
-1.4964 7.6306 6.4621
-1.2450 7.6521 5.4063
-1.0535 7.6545 4.5300
-1.0822 7.8772 4.2115
-1.2378 8.1501 4.2427
-1.5946 8.1932 5.0902
-1.8316 7.5061 6.6058
-1.7023 6.5843 8.3010
-1.6664 6.0934 9.6585
-1.4414 5.8109 10.8532
-1.1421 5.4661 11.7942
-1.1277 5.2004 12.2300
-1.2714 5.0256 12.2802
-1.4916 4.9274 12.0360
-1.5826 4.9298 11.5260
-1.4318 5.0663 10.5061
-1.2307 5.2961 9.3472
-1.0439 5.4470 8.7415
-0.8572 5.6265 8.2315
-0.8524 5.9282 8.0543
-0.9793 6.2107 8.2339
-1.0032 6.4119 8.5691
-0.8572 6.4789 8.5452
-0.5866 6.3544 8.1621
-0.2299 6.2562 7.4893
-0.0503 6.1533 7.0080
0.0455 5.8396 6.5819
-0.3448 5.2578 6.5651
-1.0798 4.7646 7.0607
-1.7957 4.4246 7.7024
-2.4948 4.0894 8.3848
-3.0264 3.8500 8.8181
-3.7063 3.7949 9.2826
-4.1708 3.9170 9.6633
-4.0822 3.9290 10.1350
-3.5531 3.8883 10.4869
-2.8420 3.8213 10.8365
-2.2985 4.1325 10.8628
-2.0375 4.3791 10.4750
-1.9130 4.5012 10.0751
-1.8627 4.5707 9.7758
-1.9298 5.1597 8.7750
-1.9058 5.4518 8.3680
-1.5611 5.2363 8.0807
-0.8691 4.6545 7.9514
-0.7135 4.3408 8.1310
-0.7159 4.1469 8.8181
-0.5124 3.8452 9.6992
-0.3951 3.4909 10.3457
-0.3855 3.3520 10.6713
-0.3663 3.1940 11.1932
-0.0551 3.1892 11.0927
0.1484 3.1868 10.9969
1.6425 3.1365 9.4502
1.7406 3.2059 9.3784
1.6568 3.2682 9.4574
1.3863 3.2754 9.5172
1.3240 3.2251 9.4526
1.3432 3.0288 9.5005
1.4414 2.9617 9.7615
1.6353 2.9306 9.9386
1.7358 2.7989 9.8812
1.6544 2.7414 9.3449
1.2307 2.9474 8.1812
0.9218 3.1509 7.2283
0.7638 3.3185 6.3975
0.2299 3.8572 5.5044
-0.0359 4.1086 5.4805
-0.2107 4.2786 5.8756
-0.0670 4.1948 6.4981
0.4645 3.8332 7.7910
0.2035 3.8668 8.3943
-0.7710 4.3145 8.0998
-1.2809 4.5659 7.1732
-1.7119 4.7263 6.0886
-1.8292 5.0160 5.2363
-1.8675 5.4446 4.7167
-1.8819 6.0791 4.4150
-1.8939 6.6872 4.2738
-1.5563 7.4773 4.4629
-0.6345 7.6593 5.0232
0.7829 7.2331 6.3400
1.7047 7.1661 8.0400
2.1453 7.1732 9.5268
1.9849 7.1565 10.8772
1.4533 7.2092 11.6051
0.8955 7.2068 11.6601
0.7135 7.2355 11.4782
1.2115 7.2355 11.0903
1.7813 7.0703 10.9083
2.2482 6.7351 10.9921
2.3919 6.5244 11.0903
2.5595 5.8851 11.1262
2.3344 5.5380 11.0232
1.7023 5.2483 10.7072
1.0870 5.1357 10.1900
0.6680 5.1142 9.4670
0.4812 5.2028 8.7319
0.2179 5.5236 7.7742
0.0192 5.9043 7.1014
-0.0910 6.3712 6.4526
0.0192 6.6776 6.0934
0.3017 6.9410 5.9761
0.6919 6.9865 6.0647
1.1947 6.8500 6.5244
1.3504 6.5196 7.2475
1.3552 5.9139 8.0519
0.9553 5.3201 8.6505
0.1748 5.0064 8.9713
-0.4549 4.8388 8.9283
-0.8045 4.7478 8.5188
-1.0655 4.9849 7.8197
-1.1660 5.3464 7.5755
-1.0104 5.6720 7.5013
-0.3472 5.6984 7.5396
0.7638 5.8420 7.7431
1.5371 6.1868 7.9634
2.1501 6.6058 8.4566
2.4996 6.9697 8.7487
2.7414 6.9338 8.9666
3.1724 6.2323 9.1437
3.0479 5.5116 9.1461
2.1333 5.0208 9.2084
1.3719 4.9753 9.4358
0.6656 4.9705 9.7375
-0.0670 4.7335 10.1254
-0.0814 4.5156 10.3026
0.2107 4.2498 10.4941
0.5435 4.0511 10.5180
0.6800 3.9410 10.4414
0.8188 3.9146 10.2140
0.9122 3.8763 9.9338
1.0080 3.8620 9.5603
1.0655 4.0344 9.2132
1.0678 4.2355 9.0312
1.0463 4.3600 8.9570
1.0152 4.2977 8.8445
1.0152 4.2115 8.7271
0.9769 4.1780 8.4015
0.9194 4.1852 8.0448
1.0224 4.2331 7.6090
1.2378 4.3097 7.1278
1.4054 4.3839 6.6345
1.3384 4.4486 6.1078
1.1876 4.4917 5.7391
0.7734 4.4150 5.2363
0.4669 4.3528 5.0567
0.0311 4.2115 5.1190
-0.1006 4.0511 5.3512
-0.0215 3.7566 5.6218
0.1389 3.3616 5.6984
0.2322 3.1964 5.6122
0.3903 3.2873 5.2794
0.4094 3.6465 4.7957
0.0575 4.1038 4.5348
-0.2370 4.4318 4.5563
-0.6728 4.5994 4.7215
-0.7326 4.6904 4.7885
-0.9601 5.9163 6.3688
-0.5076 6.5340 8.2483
0.1221 6.4502 10.3600
0.2346 6.2131 12.1581
-0.2442 6.4621 13.1182
-0.8524 7.1325 13.0799
-0.9649 7.5946 12.4909
-0.5650 7.6593 11.3201
-0.2586 7.8125 10.5157
0.0910 8.0903 9.7447
0.4166 8.2411 9.2634
0.9936 8.2052 9.0049
1.4366 7.8389 9.2754
1.6520 7.3696 9.8165
1.7263 6.8572 10.1014
1.4821 6.4310 10.1972
0.8859 6.0910 10.1278
0.5148 6.0048 10.0296
-0.0814 5.8516 9.6489
-0.3352 5.7295 9.4741
-0.5052 5.7127 9.2850
-0.5220 5.7726 9.2275
-0.2275 5.8277 9.0097
-0.0718 5.8444 8.8325
0.3448 5.9761 8.0424
0.5028 6.0001 7.6066
0.6632 5.8468 7.2642
0.7470 5.5739 7.0775
0.6273 5.1836 7.0679
0.2993 4.7143 7.2810
0.0646 4.2810 7.3097
-0.0024 4.2115 7.2786
-0.8835 4.0008 6.9458
-1.1253 3.8883 6.5795
-1.0990 3.7830 6.1533
-1.1301 3.9984 5.8133
-1.1564 4.1493 5.7510
-1.0511 5.0112 5.8516
-0.4166 5.1166 6.1820
1.1780 5.1285 6.8500
2.0902 5.6864 7.3935
2.9928 5.9665 8.3010
3.2562 5.8827 9.0025
3.2538 5.8660 9.1701
1.9370 4.8891 10.6593
1.5682 4.4414 10.9227
0.9697 3.9960 11.2890
0.0862 3.5699 11.9283
-0.7231 3.2969 12.4957
-1.3599 3.4717 12.7232
-1.6018 3.8093 12.5460
-1.2690 4.3815 11.8493
-0.5148 4.8316 10.7240
0.1532 5.1333 9.9003
0.6369 5.3847 9.2012
1.1469 5.7319 8.1669
1.2833 5.6529 7.6473
1.1900 5.4111 7.4821
1.2570 5.2075 7.4917
1.2761 5.0040 7.5132
1.1660 4.3911 7.4438
0.9122 4.2067 7.2594
0.2825 4.0703 6.8548
-0.4214 4.0798 6.4286
-0.4214 4.0894 6.3975
-0.7446 4.0870 5.9761
-0.6656 4.0990 5.7008
-0.6201 4.0942 5.6242
-0.6943 4.1972 5.6433
-0.7638 4.5156 5.8444
-0.9745 4.9777 6.2586
-0.9409 5.1692 6.4837
-0.7039 5.7271 6.9362
-0.5220 5.9186 7.3313
-0.2562 6.2826 7.6808
-0.0982 6.5675 7.7814
-0.1077 7.1206 7.5946
0.1532 7.2690 7.2068
0.2610 7.2618 7.0894
1.0822 7.1804 6.4550
0.9984 7.8005 6.8859
0.7662 7.8245 7.6928
0.5076 7.5563 8.6960
0.2251 7.1206 9.5771
-0.0814 6.9147 10.0560
-0.3759 6.9721 10.6785
-0.0934 6.8380 11.0568
0.1173 6.7016 11.2962
0.4621 6.5148 11.7559
0.7015 6.4023 11.8588
0.9290 6.3640 11.6793
1.0798 6.3305 11.0903
1.0846 6.3472 10.2643
1.0415 6.3640 9.8285
0.9577 6.3233 8.9570
0.9505 6.3233 8.5739
1.0822 6.3712 8.3943
1.3240 6.4598 8.3369
1.5802 6.4933 8.3225
2.0495 6.4885 8.1717
1.9968 6.4598 8.0041
1.8005 6.3185 7.7383
1.5874 6.1054 7.3624
1.4461 5.9234 7.0655
1.2714 5.7582 6.7830
1.1181 5.5068 6.3783
0.9793 5.2674 5.9665
0.7015 5.0543 5.4422
0.4573 4.9226 5.2267
-0.5627 4.8939 5.3871
-0.8931 4.9825 5.6529
-1.4725 5.1621 6.2922
-1.7718 5.3488 6.5340
-2.0280 5.6265 6.6226
-1.6712 5.9019 6.7375
-0.6656 6.1485 6.7973
-0.3472 7.1110 6.5483
0.2179 7.9514 6.2443
1.9011 7.8700 6.1844
2.4182 7.8269 6.3161
3.0910 7.6114 7.2810
2.7845 7.3025 7.9250
2.1955 6.5771 8.7559
1.1445 5.9665 9.2970
-0.2131 5.7247 9.5867
-0.8428 5.5811 9.7806
-0.9338 5.4254 9.9841
-0.7446 5.3057 10.1565
-0.6010 5.2435 10.1565
0.1891 4.9753 10.1972
0.3855 4.8867 10.1757
0.4549 4.8532 10.0081
0.5243 4.7574 9.6178
0.6129 4.8221 9.0815
0.5674 4.9992 7.9346
0.5818 5.0735 7.2068
0.8212 5.0807 6.6082
1.1804 5.0783 6.0958
1.3073 5.0567 5.9498
1.5946 4.9418 5.5020
1.4342 4.8029 5.3033
1.1157 4.7933 5.3608
0.7973 4.8891 5.4566
0.7231 4.9202 5.4757
-0.2179 4.9849 5.7247
-0.7183 5.0232 6.0168
-1.0798 5.1932 6.3472
-1.2881 5.4087 6.7135
-1.3073 5.6146 7.0392
-1.1229 5.7534 7.1709
-0.7183 5.8588 7.1637
-0.2394 6.1557 7.1517
0.1269 6.6992 7.0559
0.0407 7.0894 6.9602
-0.3567 7.4941 6.8788
-0.7901 7.6306 6.9027
-1.0535 7.6784 6.9985
-1.1301 7.7575 7.0703
-0.7877 7.9083 7.1709
-0.1006 7.8365 7.4366
0.4429 7.8843 8.0065
0.5818 7.7622 8.8660
0.5076 7.5922 9.5819
~M406
12.4200 -3.3000 -38.5800
11.7600 -3.4800 -39.1800
12.1800 -3.4800 -39.1800
11.7600 -3.3600 -39.6600
10.6800 -3.6600 -39.6600
10.9800 -4.2000 -39.6000
10.8600 -4.2000 -40.6200
9.5400 -3.7800 -40.8600
10.0200 -3.1200 -40.7400
10.2000 -3.0000 -40.2600
10.8600 -3.1800 -38.7600
10.9200 -3.2400 -38.9400
11.4600 -3.0600 -38.7000
10.3200 -3.0600 -40.0800
10.1400 -2.7600 -40.1400
10.4400 -2.8200 -40.1400
11.1600 -3.4800 -39.7800
11.4000 -3.4800 -39.4800
11.5800 -3.6600 -39.0000
11.4600 -3.2400 -38.7600
11.4600 -2.9400 -39.1800
11.7600 -2.1000 -39.3000
11.5800 -1.3200 -38.7600
11.3400 -1.5600 -38.7000
11.1600 -0.7800 -39.2400
10.2600 -0.2400 -39.6000
10.0200 -0.7200 -39.3000
10.4400 -0.6600 -39.3000
10.8600 -0.3600 -38.7600
10.4400 -0.1200 -38.7600
10.3200 -0.8400 -38.8800
10.8600 -1.0200 -38.9400
10.9200 -1.8600 -38.8800
10.7400 -3.1200 -39.1800
11.1000 -3.6000 -38.8200
11.8200 -4.1400 -38.5800
11.7000 -4.3800 -38.4000
10.9800 -4.9200 -38.5200
10.3800 -4.2000 -38.7600
10.8600 -3.8400 -38.7600
12.0000 -3.5400 -38.7600
12.0600 -3.8400 -38.4000
12.1800 -3.0000 -39.1200
12.4800 -2.2200 -39.9600
13.3800 -2.2800 -39.3000
13.6800 -2.2800 -39.3000
13.9800 -3.1200 -38.7600
13.2600 -3.4200 -38.2800
12.6600 -3.9000 -38.2200
12.1200 -3.5400 -38.9400
11.8200 -3.4800 -40.2000
11.1000 -4.3800 -40.2000
11.1000 -5.8200 -40.3800
10.9200 -5.1600 -41.5800
10.5000 -4.6800 -40.9200
9.7800 -5.2800 -40.8600
9.0600 -5.1600 -40.7400
8.5200 -4.9800 -40.4400
8.1600 -5.7000 -40.0200
8.1600 -5.5800 -40.3200
7.6800 -4.6200 -40.8000
7.2000 -4.6200 -40.5600
7.5000 -4.6200 -40.4400
6.8400 -4.6200 -40.8600
6.1200 -4.5600 -41.4000
4.2600 -5.4000 -42.0000
3.4200 -5.7000 -42.4200
3.3000 -6.1200 -43.0800
3.0000 -5.1600 -43.3800
3.2400 -3.5400 -42.9600
4.0200 -1.9800 -42.9000
4.1400 -1.3800 -42.9600
3.9600 0.1800 -43.4400
4.0800 1.0800 -43.9200
3.8400 0.6600 -43.5600
3.5400 0.4800 -43.1400
3.5400 0.3600 -43.3800
4.1400 0.3000 -44.4000
4.4400 0.4200 -44.3400
3.9600 -0.0600 -44.1600
2.2800 -1.0800 -44.1000
2.2200 -1.6200 -43.5600
1.8000 -2.4600 -42.8400
1.0800 -2.1600 -43.1400
0.6600 -1.6200 -43.0800
0.0600 -1.6800 -42.3600
-0.9000 -1.2600 -42.1200
-1.8600 -0.6000 -43.1400
-3.4200 -1.2600 -44.3400
-3.4800 -1.6200 -44.0400
-3.3000 -1.9800 -44.6400
-3.1200 -2.1600 -44.7000
-3.4200 -3.3000 -44.1000
-4.0200 -3.9000 -42.3600
-4.2000 -3.6600 -42.7200
-4.5600 -3.3600 -43.5000
-4.6200 -2.8800 -43.7400
-4.5600 -2.1600 -44.1000
-4.3800 -2.3400 -43.8600
-5.3400 -1.5600 -43.3200
-4.8600 -0.9000 -43.3800
-3.7200 -0.6000 -44.1600
-2.8800 -1.2600 -44.3400
-1.5000 -1.0800 -43.9800
-1.0200 -1.0800 -44.1600
-1.5000 -1.3200 -44.7600
-1.1400 -1.9200 -45.1800
-0.7200 -2.5800 -44.2800
-0.6600 -3.4200 -44.2200
-0.3600 -4.2000 -44.2800
-0.3600 -3.9600 -44.1000
-1.2000 -5.0400 -44.3400
-1.5000 -5.3400 -43.6200
-1.8000 -5.7000 -43.3200
-1.3200 -5.8800 -43.7400
-0.7800 -6.9600 -43.7400
-1.4400 -8.2200 -44.1600
-1.9800 -7.8000 -44.7000
-3.0000 -6.8400 -44.9400
-3.2400 -5.7000 -43.8600
-3.4200 -4.3800 -43.3200
-3.7800 -3.2400 -44.1600
-4.8600 -2.4000 -44.8200
-5.7600 -2.0400 -45.3000
-5.3400 -1.5600 -45.5400
-4.8600 -1.3800 -45.0600
-5.4000 -1.5000 -44.1000
-6.3000 -1.6800 -44.4600
-6.2400 -1.3200 -44.8200
-6.4200 -1.5600 -44.2200
-7.1400 -2.5800 -44.5200
-6.9000 -3.0000 -44.7000
-7.2000 -3.8400 -43.8000
-7.0200 -4.5000 -43.0200
-7.2000 -4.2000 -44.2800
-7.3800 -3.8400 -44.1000
-7.3800 -3.2400 -44.2200
-7.6800 -3.0600 -43.9200
-7.6800 -4.2600 -42.6000
-7.6200 -4.9800 -42.7800
-7.4400 -5.9400 -43.0200
-7.5600 -6.4800 -42.5400
-7.4400 -7.1400 -42.6600
-7.4400 -7.7400 -42.3600
-7.9800 -8.2800 -43.3800
-7.6200 -8.4600 -43.5600
-7.2000 -8.4600 -43.5000
-6.6600 -8.4000 -43.8000
-6.3600 -8.2800 -44.3400
-5.5200 -7.9800 -44.4000
-5.8800 -7.6800 -44.1000
-6.7200 -7.5000 -44.8200
-5.8200 -6.9600 -44.5200
-5.1000 -6.0600 -44.2800
-5.1000 -6.0000 -43.6800
-5.1000 -6.4200 -43.2000
-4.9200 -6.6600 -43.0200
-4.9800 -7.0200 -43.3800
-5.4000 -7.3200 -43.8600
-6.4800 -8.4000 -44.2200
-6.7800 -9.1800 -43.4400
-6.6000 -9.3000 -43.3200
-6.6600 -9.5400 -43.2000
-7.2000 -9.8400 -44.0400
-6.6600 -9.6000 -44.2800
-6.9600 -10.1400 -44.1000
-7.1400 -10.3800 -43.8000
-7.4400 -11.2800 -41.8200
-7.3200 -11.2800 -41.4600
-7.6800 -11.4000 -42.7200
-7.5600 -11.2800 -43.8600
-6.9600 -11.2200 -43.4400
-7.1400 -11.0400 -43.2600
-7.5000 -10.1400 -43.2000
-7.3200 -9.3600 -43.6200
-7.6800 -8.6400 -43.9200
-7.8600 -7.9800 -45.1200
-8.0400 -7.5000 -45.5400
-8.4000 -7.3200 -45.1800
-7.3200 -6.9600 -44.6400
-7.3800 -7.2000 -44.4600
-8.2800 -7.0200 -45.0000
-8.4600 -6.6600 -44.4000
-8.6400 -5.9400 -44.2800
-8.1600 -5.1000 -44.5200
-7.8600 -5.8200 -44.4000
-7.3800 -5.5800 -43.9200
-7.8600 -6.1200 -44.1000
-7.9200 -6.0600 -44.4000
-8.0400 -7.0200 -44.4000
-8.8200 -7.5600 -43.9800
-8.6400 -7.9200 -42.7200
-8.2200 -8.0400 -42.5400
-8.4000 -8.3400 -43.9800
-9.3000 -8.7600 -44.2800
-9.3600 -8.9400 -43.7400
-8.8800 -9.9000 -43.2000
-8.8800 -10.1400 -42.4800
-9.0000 -11.2200 -41.4000
-9.9000 -11.4600 -41.7000
-10.5600 -11.1600 -41.8800
-11.2200 -11.3400 -42.1800
-12.0600 -11.4600 -42.4200
-12.3600 -11.2800 -42.5400
-12.1200 -10.4400 -42.6000
-11.8200 -9.4800 -43.0200
-12.3000 -9.0600 -43.3800
-11.9400 -8.1600 -43.0800
-11.7600 -7.6800 -42.9600
-11.4600 -7.0800 -43.0800
-11.2800 -7.2000 -42.9600
-11.1600 -7.8000 -43.2000
-12.2400 -8.6400 -43.1400
-13.1400 -9.3600 -43.9800
-13.3800 -9.9600 -44.1600
-12.7200 -10.3200 -42.6600
-12.6600 -10.8600 -42.4800
-12.6600 -11.1600 -42.3600
-13.0800 -11.6400 -42.1800
-13.8000 -12.7200 -42.0000
-14.1000 -13.5000 -41.4000
-13.6800 -14.8800 -40.6800
-13.7400 -15.2400 -40.9800
-13.8600 -14.2800 -41.1000
-13.9200 -14.3400 -41.7600
-13.3800 -14.7600 -41.8800
-13.0200 -15.0600 -41.5800
-12.1200 -14.9400 -41.4000
-11.9400 -14.3400 -41.9400
-10.6800 -14.1000 -42.7800
-10.5600 -14.1000 -42.9600
-9.9000 -13.1400 -43.3800
-9.3600 -12.3600 -43.8600
-8.5200 -10.7400 -44.2200
-8.7000 -9.3000 -44.6400
-9.0000 -8.4000 -45.4200
-7.9800 -7.3800 -45.4200
-8.4000 -7.7400 -45.4200
-7.7400 -7.8600 -44.8800
-8.5200 -8.4000 -44.4600
-9.0600 -8.5800 -44.1600
-9.7800 -8.8200 -44.8200
-9.7800 -9.1800 -45.5400
-9.9000 -10.0200 -45.0000
-9.6000 -10.2600 -43.6800
-9.0000 -10.7400 -43.1400
-9.1200 -11.0400 -42.4800
-10.6800 -11.5200 -43.4400
-10.8600 -11.5200 -43.3200
-11.1000 -11.9400 -44.1000
-10.7400 -12.7200 -44.0400
-10.4400 -13.8600 -43.6200
-10.6800 -14.1000 -43.0200
-10.6200 -14.4000 -43.2600
-10.3800 -15.2400 -43.4400
-10.3200 -15.4200 -43.5000
-10.2000 -16.0200 -42.8400
-9.8400 -16.6200 -42.0600
-9.5400 -16.3200 -41.7000
-9.0000 -16.0200 -41.8200
-9.4800 -16.0200 -41.4600
-9.6000 -15.8400 -42.4200
-9.6600 -15.6000 -42.7200
-9.3000 -14.7600 -43.2000
-8.8800 -14.4600 -42.6600
-8.2800 -14.4600 -42.7800
-8.4600 -13.6200 -43.7400
-8.7000 -13.2000 -43.9200
-8.5200 -12.9600 -43.6200
-8.2200 -12.9600 -43.8000
-8.1600 -12.4800 -44.7000
-8.4000 -12.9600 -44.4000
-8.7000 -14.2800 -43.5000
-9.1200 -15.0600 -43.0200
-9.3600 -15.1200 -42.8400
-10.3200 -15.2400 -43.3200
-10.3800 -15.3000 -43.0800
-10.9200 -16.2000 -41.5800
-11.4600 -16.2000 -42.3600
-11.2200 -15.7800 -42.7200
-11.2200 -15.6000 -43.1400
-10.9800 -16.0800 -42.6600
-11.5200 -16.3200 -42.6000
-11.3400 -16.9800 -41.9400
-11.1000 -16.9800 -41.2800
-11.0400 -17.1000 -41.5800
-10.8000 -16.3800 -41.9400
-11.2200 -16.2600 -43.1400
-11.2800 -16.3200 -43.3800
-10.6800 -15.6000 -43.3200
-10.2000 -15.7200 -42.9000
-10.2600 -15.0000 -42.3000
-11.2200 -14.4000 -43.5600
-11.4000 -14.2200 -44.3400
-10.4400 -14.0400 -44.5800
-9.8400 -13.9200 -44.4000
-9.3000 -12.8400 -43.7400
-9.7200 -12.4200 -43.5000
-9.9600 -12.4800 -43.1400
-9.7800 -12.3600 -44.9400
-9.3000 -12.6000 -44.8800
-9.0600 -12.7200 -44.4600
-8.4600 -12.7800 -44.0400
-8.2800 -12.5400 -44.3400
-8.7600 -13.6800 -43.8000
-9.4800 -14.0400 -44.2800
-9.3000 -13.7400 -44.7600
-9.0600 -14.7000 -44.5800
-8.4600 -14.8200 -44.2200
-6.9600 -15.2400 -43.9200
-7.0800 -14.8800 -43.6800
-7.6800 -13.9800 -43.9800
-7.8000 -13.6200 -44.2200
-7.5600 -13.3800 -44.4000
-7.1400 -13.1400 -44.5200
-6.0600 -12.3000 -44.3400
-4.5000 -11.4600 -44.5800
-4.0800 -11.2800 -44.8800
-4.2600 -11.2200 -45.1200
-3.1800 -10.0800 -44.5800
-2.4600 -9.6000 -43.6200
-1.6200 -9.6600 -43.5600
-1.7400 -9.6000 -44.7600
-2.2800 -9.1800 -45.2400
-2.5200 -8.2800 -46.0200
-2.5800 -7.6200 -46.2000
-2.5200 -7.3200 -45.7800
-1.5000 -7.1400 -46.0800
-0.4800 -7.4400 -46.1400
-1.2600 -7.5000 -46.2600
-1.2000 -7.1400 -46.8000
-1.5600 -7.0200 -46.5000
-1.1400 -6.7200 -46.3200
-1.5600 -7.0200 -45.9000
-0.9600 -7.3800 -46.1400
-1.0800 -7.6200 -45.6600
-1.3200 -8.0400 -45.3600
-1.2000 -8.4000 -45.5400
-1.3800 -8.5800 -45.6000
-1.4400 -8.0400 -45.4200
-1.5600 -7.9200 -45.2400
-1.7400 -7.9800 -44.8200
-1.8600 -8.2200 -44.7000
-2.2800 -8.6400 -45.3600
-2.1000 -9.0600 -45.1800
-2.4600 -9.5400 -44.8800
-1.8000 -9.9600 -44.7000
-0.6000 -10.6800 -44.1600
-0.1800 -10.8600 -44.1600
-1.3200 -10.7400 -44.9400
-1.9800 -9.4800 -45.4200
-1.9200 -8.6400 -45.8400
-2.2800 -7.6800 -45.1200
-1.9800 -7.9800 -44.8200
-1.8600 -7.4400 -44.3400
-2.0400 -7.4400 -44.7600
-3.2400 -7.0200 -45.4800
-3.3600 -7.4400 -45.5400
-3.6600 -8.1000 -45.2400
-3.9000 -8.1600 -45.3000
-4.2000 -7.5600 -45.1200
-4.0200 -6.9600 -45.3000
-3.6600 -6.1800 -45.1800
-3.2400 -5.4000 -44.5800
-2.8800 -4.7400 -44.2800
-3.0000 -4.8000 -44.3400
-2.4000 -5.5200 -44.4000
-2.4000 -6.4200 -44.7000
-2.2800 -7.5600 -45.2400
-2.3400 -7.9800 -44.7000
-2.6400 -8.3400 -44.7000
-2.8200 -8.4600 -44.8800
-2.7600 -7.6800 -44.5200
-3.2400 -7.0800 -44.4000
-3.5400 -6.3000 -44.4000
-3.7800 -5.5200 -44.5200
-3.8400 -5.2200 -44.4000
-4.4400 -4.1400 -44.5800
-3.6000 -3.9600 -44.5200
-3.6000 -3.2400 -44.8800
-3.4800 -3.1800 -44.7600
-3.6600 -2.4000 -44.7000
-2.7600 -2.5200 -43.5000
-2.0400 -2.5200 -43.2600
-1.3800 -2.8200 -43.5600
-1.4400 -3.0000 -43.6800
-2.5800 -2.5200 -45.0000
-2.9400 -2.4600 -45.5400
-2.4600 -2.4600 -45.9000
-2.5800 -2.4600 -44.8200
-2.7000 -2.4600 -44.7600
-3.1800 -2.7000 -44.5800
-3.0000 -3.6600 -44.5200
-3.5400 -4.6800 -44.1600
-5.4600 -4.6800 -44.5200
-5.1000 -5.2200 -44.7000
-4.5600 -5.4600 -44.3400
-5.1000 -5.2200 -44.4600
-5.6400 -5.4600 -44.4000
-5.5200 -5.7000 -44.5200
-5.6400 -5.7000 -45.0000
-5.7600 -5.9400 -44.6400
-5.3400 -5.8800 -44.6400
-4.8600 -6.4200 -44.5800
-5.2800 -6.5400 -44.2200
-5.5200 -6.4800 -44.0400
~G406
-0.2402 -0.3891 -0.2361
-0.3227 -0.1930 -0.2953
-0.3410 -0.0562 -0.3307
-0.3074 0.0342 -0.3393
-0.2231 0.1576 -0.3289
-0.1199 0.2266 -0.2947
-0.0173 0.2370 -0.2532
0.0744 0.2242 -0.2147
0.1336 0.2010 -0.2025
0.1544 0.2138 -0.2110
0.1587 0.1894 -0.2348
0.1275 0.1075 -0.2941
0.0878 0.0287 -0.3558
0.0322 -0.0647 -0.4211
-0.0252 -0.0983 -0.4859
-0.0747 -0.0971 -0.5549
-0.1327 -0.1167 -0.6294
-0.1761 -0.1130 -0.6850
-0.1975 -0.1252 -0.7333
-0.2213 -0.1582 -0.7889
-0.2567 -0.1869 -0.8255
-0.3190 -0.1845 -0.8488
-0.3526 -0.1918 -0.8384
-0.3441 -0.2150 -0.7767
-0.3196 -0.2761 -0.7046
-0.2824 -0.3354 -0.6545
-0.2445 -0.3396 -0.6233
-0.2286 -0.3146 -0.6117
-0.2079 -0.2602 -0.6020
-0.1755 -0.1771 -0.5946
-0.1077 -0.0623 -0.5965
-0.0240 0.0354 -0.5867
0.0976 0.1283 -0.5604
0.2582 0.2126 -0.5225
0.4739 0.3030 -0.4908
0.6816 0.3555 -0.4315
0.8190 0.3586 -0.3619
0.9320 0.3415 -0.2428
0.9894 0.2865 -0.0833
1.0011 0.2602 0.0944
0.9784 0.2773 0.2429
0.8581 0.1570 0.3889
0.5710 -0.1808 0.4903
0.2509 -0.4832 0.4738
-0.1852 -0.6646 0.2429
-0.3477 -0.4924 -0.0161
-0.4100 0.0183 -0.3967
-0.3435 0.4673 -0.5629
-0.1852 0.9432 -0.5678
-0.0649 1.0599 -0.4706
-0.0179 0.8277 -0.3704
-0.0643 0.4075 -0.3460
-0.1449 0.0990 -0.4492
-0.2048 0.0672 -0.5580
-0.2133 0.1613 -0.6075
-0.1181 0.3568 -0.6154
0.0567 0.4227 -0.5287
0.2906 0.3097 -0.3930
0.4782 0.0959 -0.3087
0.7219 -0.3390 -0.3081
0.8422 -0.6719 -0.4266
0.8703 -0.8619 -0.5702
0.8410 -0.9523 -0.7693
0.7750 -0.9358 -0.9428
0.6498 -0.8497 -1.1493
0.5246 -0.7226 -1.2855
0.3413 -0.5351 -1.4083
0.2613 -0.4954 -1.4682
0.3059 -0.5388 -1.5329
0.4348 -0.6622 -1.5855
0.5447 -0.8021 -1.6172
0.6113 -0.9548 -1.6661
0.6162 -1.0000 -1.7168
0.5649 -0.9755 -1.7632
0.3981 -0.9010 -1.8011
0.1898 -0.7788 -1.8231
-0.1211 -0.5986 -1.7828
-0.4290 -0.3903 -1.5372
-0.4913 -0.3732 -1.3374
-0.2274 -0.6365 -0.9166
0.1684 -0.7581 -0.7754
0.5649 -0.7874 -0.7382
0.7860 -0.8167 -0.7638
0.8978 -0.7825 -0.8237
0.8538 -0.7300 -0.8549
0.6272 -0.6573 -0.9043
0.2717 -0.6652 -0.9783
-0.1162 -0.7055 -1.0827
-0.7167 -0.7226 -1.2446
-1.2201 -0.6719 -1.3533
-1.7289 -0.4380 -1.3906
-1.9806 -0.2504 -1.3515
-2.0637 -0.0244 -1.2513
-1.8841 0.1936 -1.1139
-1.5554 0.3073 -1.0277
-1.1449 0.2688 -0.9404
-0.6495 0.1460 -0.7889
-0.2085 0.0501 -0.5934
0.1306 0.0586 -0.3692
0.2729 0.1173 -0.2312
0.3022 0.1814 -0.0980
0.2228 0.2529 0.0358
0.1471 0.1772 0.1189
0.1324 -0.0061 0.1812
0.1849 -0.2401 0.2129
0.3603 -0.6359 0.1946
0.5368 -0.8900 0.1292
0.6461 -1.0336 0.0468
0.6742 -1.1264 -0.1053
0.6138 -1.1570 -0.2287
0.4250 -1.1961 -0.4456
0.1129 -1.1564 -0.7339
-0.1901 -1.0195 -0.9367
-0.3374 -0.8943 -1.0051
-0.3764 -0.8216 -1.0076
-0.3227 -0.7526 -0.9404
-0.1608 -0.6854 -0.7394
-0.0209 -0.6597 -0.5103
0.1110 -0.6402 -0.2464
0.2393 -0.5467 -0.0186
0.3212 -0.4881 0.0804
0.4904 -0.4429 0.2032
0.6358 -0.3891 0.2850
0.6962 -0.3720 0.3211
0.6962 -0.3622 0.3204
0.6541 -0.3427 0.2911
0.4782 -0.2944 0.2038
0.1770 -0.3311 0.0321
-0.0900 -0.4050 -0.1200
-0.4974 -0.5082 -0.2880
-0.6697 -0.5388 -0.3393
-0.7540 -0.5650 -0.3790
-0.7356 -0.5308 -0.3820
-0.7075 -0.4948 -0.3686
-0.4864 -0.2578 -0.2196
-0.2830 0.0031 -0.0565
-0.2451 0.0574 -0.0277
-0.1962 0.7190 -0.0491
-0.2708 0.8546 -0.1011
-0.2873 0.9737 -0.1456
-0.2323 1.0482 -0.1469
-0.1596 1.0287 -0.1004
-0.0765 0.9236 -0.0284
0.0237 0.7104 0.0456
0.1526 0.5577 0.0871
0.4183 0.4288 0.1085
0.6852 0.3482 0.1024
0.9632 0.2981 0.0822
1.1196 0.2126 0.0669
1.1788 0.0984 0.0535
1.1574 0.0049 0.0358
0.9027 -0.3146 -0.0595
0.6547 -0.5021 -0.1365
0.3658 -0.6151 -0.1768
0.1544 -0.6475 -0.1890
0.0334 -0.5186 -0.2574
0.1019 -0.2737 -0.3008
0.3774 0.1179 -0.2623
0.6199 0.2804 -0.1554
0.7763 0.2028 -0.0204
0.8282 0.0153 0.1201
0.7854 -0.2248 0.2386
0.5985 -0.4465 0.3492
0.4048 -0.5082 0.4127
-0.0912 -0.5192 0.5843
-0.6397 -0.6341 0.7028
-1.1241 -0.8167 0.6919
-1.6501 -0.9358 0.4927
-1.7478 -0.7953 0.2875
-1.6202 -0.5327 0.0529
-1.3263 -0.3335 -0.0681
-1.0625 -0.2816 -0.0681
-0.8315 -0.3176 -0.0137
-0.5866 -0.4618 0.0730
-0.5163 -0.5870 0.0321
-0.4907 -0.6689 -0.0827
-0.4815 -0.6817 -0.1511
-0.4351 -0.5369 -0.3442
-0.3129 -0.3036 -0.4224
-0.1199 -0.1167 -0.3833
0.1245 0.0134 -0.2611
0.3291 0.0574 -0.1469
0.5942 0.0758 -0.0064
0.7549 0.0611 0.0883
0.8031 0.0061 0.1457
0.7903 -0.1460 0.2325
0.6700 -0.3665 0.2630
0.5490 -0.4740 0.2423
0.2595 -0.6585 0.1360
0.0163 -0.7703 -0.0210
-0.1633 -0.7483 -0.2006
-0.2286 -0.5663 -0.3820
-0.1901 -0.3922 -0.4767
-0.0209 -0.1399 -0.5122
0.4329 0.1552 -0.3387
0.6590 0.1698 -0.2067
0.9168 -0.0214 -0.0058
0.9766 -0.1350 0.1054
0.9864 -0.1869 0.2276
0.9149 -0.1277 0.3217
0.8434 -0.0580 0.3467
0.7793 0.0226 0.3382
0.6388 0.2285 0.2019
0.4598 0.3006 -0.0320
0.2876 0.2834 -0.2367
0.0121 0.2859 -0.6356
-0.2182 0.3250 -0.9813
-0.4473 0.3513 -1.1884
-0.6672 0.3885 -1.2599
-0.7766 0.4136 -1.2379
-0.8102 0.3885 -1.0265
-0.7393 0.2755 -0.8207
-0.6379 0.1576 -0.6441
-0.4626 0.0470 -0.4822
-0.3209 -0.0043 -0.3888
-0.2140 0.0128 -0.3191
-0.1382 0.0666 -0.2617
0.0145 0.1258 -0.1414
0.1080 0.0965 -0.0736
0.2234 -0.0434 -0.0326
0.3651 -0.3146 -0.0271
0.4757 -0.5119 -0.0308
0.5515 -0.6023 -0.0394
0.6339 -0.6286 -0.0461
0.6761 -0.5357 -0.0461
0.6376 -0.3971 -0.0345
0.5722 -0.2468 -0.0485
0.4751 -0.0757 -0.1518
0.3890 -0.0458 -0.2703
0.3712 -0.0586 -0.3002
0.1855 -0.3586 -0.5348
0.0622 -0.5223 -0.6020
-0.0350 -0.5913 -0.5818
-0.0594 -0.5742 -0.5659
-0.0130 -0.4655 -0.5531
0.0530 -0.3451 -0.5213
0.1672 -0.1167 -0.4877
0.1935 0.0305 -0.5452
0.1941 0.1460 -0.6313
0.1532 0.0605 -0.6887
0.0395 -0.1350 -0.6771
-0.7399 -0.7269 -0.5054
-1.2133 -0.6292 -0.4407
-1.4705 -0.2211 -0.4700
-1.4504 0.0855 -0.5207
-1.2274 0.2419 -0.5061
-0.9195 0.2572 -0.4095
-0.5554 0.1967 -0.2409
-0.2903 0.0434 -0.1072
-0.1834 -0.1735 0.0034
-0.2103 -0.2492 0.0291
-0.3282 -0.3622 0.0407
-0.4345 -0.4209 0.0162
-0.5945 -0.4728 -0.0717
-0.6978 -0.4221 -0.1908
-0.6904 -0.1631 -0.3564
-0.5835 0.0935 -0.4126
-0.4217 0.2657 -0.3674
-0.1651 0.2553 -0.2678
0.0316 0.1087 -0.1750
0.2106 -0.0880 -0.0601
0.3749 -0.2126 0.0614
0.5215 -0.2254 0.1494
0.5808 -0.1924 0.1769
0.6058 -0.0696 0.1635
0.5515 0.0024 0.1176
0.4885 0.0098 0.0614
0.3969 -0.0916 -0.0265
0.2772 -0.2792 -0.1707
0.2521 -0.3115 -0.2336
0.2735 -0.3054 -0.2544
0.2876 -0.2969 -0.2587
0.5099 -0.1808 -0.1273
0.6632 -0.1588 0.0297
0.7799 -0.2553 0.1806
0.8257 -0.4404 0.3217
0.6950 -0.5253 0.5116
0.5924 -0.5070 0.5758
0.3731 -0.4728 0.5159
0.0982 -0.5925 0.3412
-0.2115 -0.7318 0.0901
-0.5066 -0.7391 -0.2861
-0.5310 -0.7330 -0.3313
-0.9256 -0.1503 -1.0589
-0.9934 -0.0079 -1.1676
-1.1077 0.0770 -1.2544
-1.1797 0.1344 -1.1517
-1.1083 0.2291 -0.9080
-0.8560 0.3494 -0.6062
-0.4662 0.3696 -0.2348
0.0017 0.3219 0.1378
0.5081 0.1417 0.4774
0.7634 -0.0397 0.5929
0.9980 -0.3732 0.5581
1.0316 -0.5608 0.4591
0.9803 -0.6909 0.2881
0.8874 -0.6970 0.1696
0.7634 -0.6286 0.0346
0.7109 -0.5571 -0.0381
0.6113 -0.2767 -0.2470
0.6180 -0.1723 -0.3332
0.6608 -0.1277 -0.4199
0.6883 -0.1527 -0.4395
0.7341 -0.2462 -0.4321
0.7830 -0.4410 -0.3558
0.7353 -0.4869 -0.3423
0.6339 -0.4392 -0.3503
0.4836 -0.3506 -0.3509
0.3053 -0.2156 -0.3173
0.1684 0.0214 -0.2348
0.1483 0.1100 -0.1921
0.1458 0.2224 -0.1200
0.1519 0.2468 -0.1047
0.1434 0.2468 -0.0797
0.1324 0.3561 -0.0510
0.1135 0.4704 -0.0467
0.0957 0.6096 -0.0375
0.0243 0.9023 -0.0265
-0.0838 1.0434 -0.0302
-0.4577 0.9780 -0.0766
-0.9837 0.6225 -0.2348
-1.1278 0.4936 -0.2990
-1.3208 0.3091 -0.4065
-1.3343 0.3115 -0.4028
-1.3245 0.4832 -0.1951
-1.3031 0.5467 -0.0839
-1.2298 0.5669 0.2184
-1.0172 0.3439 0.4671
-0.8957 0.2572 0.5294
-0.4840 0.0550 0.6424
-0.1083 -0.0641 0.6961
0.2466 -0.1588 0.7157
0.4775 -0.2315 0.7169
0.7207 -0.4172 0.7077
0.7793 -0.5143 0.7157
0.7469 -0.5675 0.7285
0.7164 -0.5473 0.7169
0.6223 -0.3525 0.5837
0.5777 -0.2236 0.4732
0.5478 -0.0605 0.3003
0.5496 -0.0214 0.2270
0.5679 -0.0538 0.1103
0.6040 -0.1686 0.0364
0.6584 -0.2492 -0.0339
0.7060 -0.2724 -0.1029
0.7512 -0.2285 -0.2196
0.7274 -0.1326 -0.3069
0.7182 -0.1112 -0.3179
0.5728 -0.0336 -0.3839
0.5160 -0.0055 -0.3698
0.5398 0.0727 -0.2941
0.6376 0.0922 -0.1676
0.7390 0.0031 0.0211
0.8050 -0.1081 0.2172
0.8178 -0.1723 0.3889
0.7482 -0.0220 0.4304
0.5490 0.1539 0.4677
0.0915 0.1081 0.2856
-0.5286 -0.1936 -0.4474
-0.7802 -0.1539 -0.8475
-0.9085 0.0079 -1.0601
-0.9763 0.3390 -1.2617
-0.9079 0.4881 -1.1585
-0.7497 0.2975 -0.8536
-0.5909 -0.0134 -0.6331
-0.4711 -0.2975 -0.4706
-0.3642 -0.4985 -0.2464
-0.3062 -0.3671 -0.1328
-0.2268 -0.1918 -0.0168
-0.1181 -0.0330 0.1011
0.0579 0.0489 0.2264
0.1165 0.0385 0.2484
0.4305 -0.1423 0.3351
0.5649 -0.3525 0.3834
0.6180 -0.4655 0.3962
0.6425 -0.6280 0.3394
0.6370 -0.6408 0.3162
0.5350 -0.6353 0.0883
0.4476 -0.5644 -0.0400
0.2815 -0.3928 -0.1970
0.1972 -0.2785 -0.2916
0.1880 -0.2553 -0.3075
0.1550 -0.2553 -0.4596
0.1703 -0.2981 -0.4743
0.1947 -0.3140 -0.4437
0.2240 -0.3317 -0.3875
0.2931 -0.2706 -0.2470
0.2784 -0.2107 -0.1707
0.2051 -0.1741 -0.1304
0.1049 -0.0599 -0.1536
-0.0136 0.1075 -0.2177
-0.1675 0.2401 -0.2837
-0.2860 0.1991 -0.2696
-0.3422 0.1509 -0.2141
-0.4131 0.0696 -0.1004
-0.4485 0.0342 -0.0613
-0.6116 -0.1374 -0.0247
-0.8181 -0.2572 -0.0693
-0.9653 -0.2059 -0.1261
-1.0521 -0.0733 -0.1346
-0.9830 0.1655 -0.0198
-0.8352 0.2395 0.0767
-0.5432 0.2621 0.2190
-0.4045 0.2700 0.2569
0.0915 0.4117 0.2349
0.1904 0.4948 0.1891
