D10
~A363
-0.1365 2.7486 9.4406
-0.2299 2.7127 8.8828
-0.0910 2.7247 9.0623
0.0096 2.7199 9.2156
-0.0192 2.7343 9.4023
-0.0479 2.8324 9.4310
-0.0048 2.9450 9.1174
-0.0144 3.0479 8.6625
-0.0503 3.1676 8.2579
-0.1317 3.2395 7.9658
-0.2251 3.2466 7.8508
-0.4525 3.1652 8.0041
-0.6488 3.1054 8.6361
-0.6177 3.0312 9.3496
-0.4429 2.9689 9.7878
-0.1604 2.9689 9.9913
0.1221 2.9593 9.9602
0.3927 2.8947 9.7758
0.6177 2.7558 9.4023
0.7829 2.5930 9.0216
0.8787 2.3727 8.4231
0.8667 2.3991 8.0376
0.8524 2.4829 7.7431
0.7087 2.7869 7.0990
0.5746 2.8468 6.9697
0.4453 3.1173 7.3935
0.5698 3.4094 7.9634
0.8188 3.4478 8.3895
1.0487 3.2778 8.8875
1.1540 3.1126 9.2850
1.1636 3.0216 9.7232
1.0128 3.0120 10.2331
1.0631 2.9186 10.3744
1.2546 3.0312 10.0536
1.3767 3.2466 9.4694
1.4390 3.5100 8.5476
1.1660 3.1078 7.5156
1.3408 3.6824 6.5196
1.2402 4.2498 6.0192
1.9849 2.6074 5.4566
1.8268 3.3017 5.8756
0.5555 3.9553 6.4885
-0.3448 3.8931 6.9913
-1.0607 3.3424 6.9314
-1.3504 2.9043 6.8955
-1.5611 2.6385 6.9314
-1.9801 2.7103 7.1972
-2.7367 2.5188 7.3552
-3.0910 3.0551 7.4510
-3.9913 4.9873 8.1645
-5.4398 6.8740 8.4374
-6.5196 7.8460 7.4055
-6.2778 8.4709 6.9027
-4.4749 8.7008 7.5156
-2.4446 8.1597 7.9634
-0.6417 7.6880 8.4183
0.4190 7.5827 9.1820
0.6632 8.1525 9.6681
0.8332 8.5069 10.1541
1.5275 8.3321 11.0687
2.1596 7.8365 11.8325
2.5331 6.9697 12.5843
2.1429 5.9546 13.0081
1.8699 5.6218 13.0368
0.5339 5.1716 12.5604
-0.2059 5.1261 11.6793
-0.2490 5.0807 10.8556
-0.2490 5.1118 10.5971
-0.1891 5.2842 10.1110
0.2993 5.2171 10.0129
0.8117 4.9418 9.7136
1.1756 4.6521 9.2395
1.2714 4.5132 8.5571
1.1325 4.6281 7.4677
0.9433 4.7024 7.0703
0.1293 4.6353 6.0839
-0.1413 4.5802 5.8660
-0.8715 4.3528 4.9131
-1.1181 4.2187 4.4677
-1.2474 4.0822 4.1948
-1.2163 3.7901 3.9817
-1.0200 3.5244 3.9242
-0.7326 3.2490 4.1852
-0.5052 3.1293 4.6904
-0.3089 2.9689 5.5164
-0.0862 2.8947 6.2610
0.1437 2.9617 6.7542
0.1365 3.0407 6.9434
0.0407 3.2131 7.0583
-0.0144 3.6106 7.1110
0.2873 3.7039 6.8572
0.5531 3.8691 6.4645
1.2091 4.4174 5.7056
1.6664 4.8269 5.2937
2.3272 5.2171 5.7391
2.4733 5.4326 6.4813
2.3129 5.6888 7.0416
1.7933 5.8301 7.8005
1.0152 5.8660 8.8373
0.5052 5.8516 10.8868
0.0000 5.3680 13.0488
-0.8763 4.8580 15.1151
-1.8963 4.6018 16.2188
-3.3352 4.5635 16.7791
-3.8763 4.6545 16.5157
-3.6441 4.8077 15.6945
-2.9809 4.9729 14.4135
-2.2315 5.3775 12.6083
-1.7885 5.7487 10.4390
-1.4964 5.8348 7.8365
-1.2809 5.5380 6.4741
-1.0391 4.9035 5.8085
-0.9338 4.3145 5.6912
-0.9338 4.0679 5.7415
-0.6608 1.9489 6.4023
-0.7207 1.3911 6.1748
-1.1133 0.9649 5.9617
-1.6353 0.8643 5.8396
-2.3033 0.9481 5.6577
-2.8205 1.4126 5.2052
-3.2323 1.9561 4.5084
-3.6848 2.8971 3.7638
-3.7782 3.6513 3.3017
-3.5124 4.1373 2.8181
-3.0647 4.6066 2.4158
-2.5164 5.8037 2.0184
-2.7151 7.5084 2.3224
-2.8875 8.6098 3.4813
-3.0048 8.9115 5.8516
-3.0072 8.6481 9.3042
-2.9330 7.9873 12.8788
-2.8228 7.3145 15.9387
-2.9019 6.9841 16.7815
-3.3879 6.2658 16.8389
-4.1636 5.6457 16.1925
-4.3815 5.6026 15.9435
-3.7183 5.9809 15.3210
-3.4573 5.9402 15.2779
-2.6457 5.7630 14.8253
-2.0280 5.5427 13.9179
-1.6137 5.3105 12.2802
-1.6113 5.2315 10.8437
-1.5730 5.1405 9.3353
-1.5132 4.8891 7.7431
-1.5132 4.7431 6.9266
-1.7263 4.5204 5.6361
-2.0016 4.4270 4.9059
-1.9944 4.3169 4.7981
-1.7335 4.0008 4.9418
-1.2761 3.8117 5.1932
-1.0008 3.7231 5.2913
-1.0678 3.5220 5.3153
-1.2450 3.3855 5.3320
-2.0519 2.8540 5.6002
-2.7893 2.4422 6.1892
-3.0144 2.5667 6.8021
-2.9665 2.9976 7.3552
-2.6529 3.4214 7.8628
-1.8963 3.5818 8.3824
-0.9074 3.5220 8.8253
0.0599 3.4190 9.2874
0.4214 3.5699 9.4957
0.1628 3.9649 9.3951
-0.5555 4.8604 8.8971
-0.6058 4.6688 8.3608
-0.3687 4.4438 8.2531
0.0670 4.7119 8.9474
0.2682 4.8987 9.8979
0.4334 4.8676 11.0855
0.3663 4.5348 11.8301
-0.0934 4.2163 12.1581
-0.7326 4.0296 11.8684
-0.7781 3.8428 11.4135
-0.7422 3.7518 11.3129
-0.7829 3.7734 11.3393
-0.7326 3.7590 11.3776
-0.6536 3.7375 11.2770
-0.5938 3.6561 10.9347
-0.4860 3.5459 10.1398
-0.4477 3.5076 9.3688
-0.4453 3.4502 9.1389
-0.2227 2.9881 8.4039
-0.0311 2.4661 7.9227
0.0670 2.2841 7.6473
0.3208 2.1788 7.1206
0.5986 2.1908 6.7638
0.7207 2.1644 6.1820
0.3879 2.2195 5.8803
-0.1125 2.3512 5.8851
-0.6345 2.3895 6.1222
-1.4964 2.1788 6.8668
-2.1740 2.3727 7.2259
-2.6864 3.1078 7.2906
-2.6529 3.5004 7.2355
-1.4677 4.4318 7.6306
-0.2251 5.0711 8.1405
0.1604 5.3201 8.2602
0.5698 5.9857 8.1525
0.5698 6.2371 7.9945
0.4597 6.3209 8.0448
0.4669 6.2562 8.4039
0.0575 6.3448 8.8253
-0.1772 6.4645 9.2515
-0.5435 5.7319 11.4255
-0.7446 5.0064 12.9985
-1.3360 4.7814 13.9131
-1.8699 4.7431 14.1957
-1.9322 4.8364 13.9802
-1.4246 4.9370 13.4055
-0.8069 5.1812 12.1749
-0.6225 5.3847 11.1789
-0.6872 5.7247 9.5603
-1.2450 6.1605 8.1022
-1.8268 6.6992 7.1349
-2.5403 7.5252 6.1054
-2.7175 7.6569 5.5499
-2.6241 7.2642 5.1860
-2.2770 6.5196 4.9466
-2.1788 6.0001 5.0064
-1.8771 4.7862 5.7702
-1.7215 4.0391 6.3544
-1.8077 2.9545 7.0200
-2.1740 2.3775 7.3600
-2.4446 2.0806 7.6617
-2.4110 2.0639 7.9586
-2.0591 2.0758 8.1932
-1.1684 2.3153 8.1669
-0.6967 2.5188 8.0472
0.1341 3.3017 7.8891
0.6297 3.7279 7.9610
1.3216 4.2498 8.1980
2.6624 4.9466 9.2012
3.6441 5.0376 10.5492
4.1565 4.6281 11.7032
2.4062 5.0735 11.3034
1.7933 4.8700 10.2044
1.8508 4.3288 9.5388
1.7813 4.2498 9.2994
1.6520 4.5563 9.3401
1.4725 4.6138 9.6178
1.3216 4.5683 9.6441
1.2881 4.5587 9.6417
-0.8859 4.4510 9.0958
-1.4964 4.3312 9.1126
-1.7287 4.1349 9.2371
-1.7670 3.6752 9.3640
-1.7742 3.3209 9.3808
-1.8723 2.9904 9.0935
-1.9106 2.8636 8.5093
-1.8651 2.6864 7.7982
-1.6640 2.4900 6.7686
-1.4892 2.4493 6.2682
-1.3097 2.5068 5.7870
-1.2761 2.6768 5.9737
-1.4270 2.7941 6.3568
-1.8532 3.2586 7.3193
-2.1955 3.4669 7.7934
-2.8324 3.7758 8.0711
-2.8659 3.8093 8.0831
-3.0383 4.3384 8.4302
-2.8516 4.7263 8.3608
-2.7702 5.1645 8.1429
-2.5762 5.6960 7.7694
-1.9681 6.0910 7.4223
-1.8412 6.1198 7.4223
-1.0319 6.3065 8.6170
-1.0655 6.0791 10.6761
-0.9864 5.3943 12.1964
-0.9625 4.4055 13.7575
-1.5754 4.1924 14.0185
-1.9992 4.2786 13.6665
-2.4469 4.4462 11.2220
-2.0399 4.5635 9.8979
-1.9274 4.6018 9.6537
-0.7662 4.9561 8.3345
0.2562 5.0088 8.0663
0.9721 5.0352 7.9203
0.9721 5.1668 7.8173
0.3567 5.3608 7.4414
-0.4477 5.4422 6.8117
-1.0008 5.4709 6.2802
-1.1014 5.3273 5.8803
-0.8787 5.2243 5.5906
-0.4070 5.0974 5.5164
1.0200 4.1038 6.1724
0.9577 3.8165 7.1924
0.6943 3.7638 8.7080
0.5962 3.7638 9.8979
-0.2107 3.5699 9.7998
-0.9864 3.5507 8.4374
-1.3169 3.7973 7.0751
-0.9194 4.0774 6.2107
-0.2059 4.2714 6.3017
0.6010 4.5180 8.3560
0.3615 4.7455 9.9075
-0.0934 4.5994 11.6577
-0.1628 4.2690 13.0153
-0.1077 4.0679 13.8485
0.5842 4.0559 14.2172
1.1708 4.1684 13.7671
1.5778 4.3815 13.1350
1.6042 4.4366 12.8070
1.4414 4.3983 12.5939
0.9888 4.1756 12.5125
0.4070 3.8811 11.9714
-0.1604 3.7303 10.8916
-0.4477 3.6704 10.0033
-0.5962 3.4190 9.0384
-0.5028 3.2203 8.4326
-0.2322 2.9833 7.4989
0.1077 2.8133 6.5555
0.3256 2.6696 5.8516
0.2442 2.5284 5.4853
-0.0886 2.4733 5.1836
-0.1939 2.5355 5.1405
-0.0359 2.6912 5.2219
0.2370 3.0096 5.6984
0.5698 3.4406 6.9386
0.8021 3.5890 9.0097
0.9314 3.7135 10.2571
0.6560 3.9865 10.3600
0.4765 4.3456 9.5412
0.1245 5.3967 6.7303
-0.3017 6.0791 5.0567
-0.9769 6.6681 4.5132
-1.4174 7.2594 5.5404
-1.4222 7.2642 5.7127
-0.7590 5.4111 11.0903
-1.5539 4.3241 13.9395
-2.7295 4.3552 14.4447
-3.6513 4.6401 13.4439
-3.9099 4.6617 11.8948
-3.8165 4.7287 10.7096
-3.7423 4.8604 10.1038
-2.5044 6.5531 6.3688
-1.5922 7.3696 4.8628
-1.1684 7.7503 4.3743
-0.3807 7.8700 4.7263
-0.2490 7.7239 4.9657
0.4932 5.1022 7.6473
0.2825 3.6656 8.7894
-0.0623 2.9833 9.4909
0.1149 2.6888 9.6034
1.9178 2.5044 8.9283
2.8683 2.6576 8.5140
3.8069 3.0527 8.1645
4.7215 3.6345 8.1022
5.3536 3.9242 8.4183
5.4374 3.9338 8.6194
4.0296 3.9649 10.0248
3.6728 3.6249 10.6952
3.7542 3.2634 11.1861
3.6513 3.3113 11.6122
3.2155 3.4334 11.8277
2.6050 3.2754 11.6817
2.0567 3.1173 10.7551
1.8053 3.1293 9.7639
1.6209 3.2826 8.6936
1.4174 3.4430 8.0831
1.2402 3.6225 7.2140
1.2905 3.7183 6.7662
1.3384 3.7231 6.4502
1.1373 3.5483 6.2036
~M363
19.5000 -1.4400 -37.6200
19.4400 -1.3800 -37.6200
19.8600 -1.3200 -37.0200
19.9800 -1.5000 -37.7400
19.9800 -2.1600 -38.3400
20.1600 -2.5800 -37.8000
20.4600 -2.2200 -37.7400
20.2200 -1.9200 -37.5000
20.1000 -1.3800 -36.7800
19.4400 -1.3800 -37.6200
19.2000 -1.6200 -38.7000
18.8400 -1.8000 -38.5200
18.4200 -1.3800 -38.5200
18.6000 -1.3200 -37.8000
18.6000 -1.6800 -37.1400
18.4800 -1.3800 -37.4400
18.9000 -1.8600 -37.4400
18.6600 -1.0800 -38.0400
18.6000 -1.2600 -38.2800
17.4000 -1.5000 -37.9800
17.6400 -1.8000 -38.1000
17.1600 -2.7600 -38.2200
17.4600 -3.2400 -38.4000
17.7600 -3.3000 -38.6400
17.8200 -3.4800 -38.6400
17.6400 -3.6000 -38.7600
17.4000 -4.1400 -38.8800
17.5200 -4.6800 -39.5400
17.2200 -5.4000 -39.9000
16.5600 -5.8800 -39.9000
16.2600 -5.9400 -39.6600
15.5400 -7.0800 -39.7200
15.4800 -8.0400 -39.1800
14.8200 -8.8800 -38.8800
14.1600 -9.1200 -38.5200
12.6000 -9.1800 -40.2000
12.5400 -8.9400 -40.5600
12.4200 -7.9200 -41.2800
11.6400 -7.5600 -40.2600
10.3800 -6.8400 -39.7200
10.0800 -6.7200 -40.0200
10.8000 -7.4400 -39.8400
10.6800 -7.0800 -40.1400
10.3800 -6.7200 -40.9800
10.9800 -7.2000 -40.4400
11.7600 -6.7800 -40.6200
12.1200 -6.2400 -40.4400
11.8800 -6.1200 -41.5800
11.2200 -6.2400 -41.6400
11.7600 -5.4600 -41.3400
12.0600 -5.0400 -41.4600
12.5400 -4.5000 -42.0000
12.9600 -4.2000 -41.3400
13.5600 -3.6600 -41.4600
14.4000 -2.6400 -40.7400
14.5800 -1.6200 -41.2800
14.4600 -1.3800 -41.4600
14.2200 -1.1400 -41.1000
13.9200 -1.5000 -41.2200
14.1600 -1.6200 -41.8200
13.8600 -2.2200 -41.4600
13.5600 -2.4600 -41.6400
13.9200 -3.1200 -41.1600
13.8600 -3.3000 -40.8600
13.2000 -3.6600 -42.0000
13.0800 -3.9600 -42.0000
13.0200 -3.9600 -41.8800
13.0800 -3.8400 -42.1200
13.3200 -3.7800 -41.8800
14.3400 -4.2000 -40.9800
14.9400 -5.0400 -40.8000
14.4000 -5.8200 -41.4000
14.8200 -6.1200 -40.8600
14.8200 -6.0000 -40.7400
15.6000 -5.9400 -40.4400
15.9600 -5.1000 -40.0200
14.8800 -3.7800 -40.7400
14.6400 -1.9800 -41.7600
13.7400 -0.2400 -42.7200
12.0000 0.0600 -42.3600
11.4000 -0.3600 -41.7000
10.0200 -0.9600 -42.5400
8.9400 -1.6800 -43.0200
7.9800 -2.4600 -43.7400
7.5000 -3.0000 -43.8000
5.7000 -3.6600 -43.7400
4.0200 -3.8400 -42.9000
1.9200 -4.3200 -43.6200
1.6800 -4.9800 -43.8000
1.5600 -5.6400 -43.7400
1.8600 -6.6600 -44.1000
3.1200 -7.2000 -43.2600
3.3600 -7.6800 -43.2000
3.5400 -7.8600 -44.1000
3.7200 -6.7800 -44.5800
3.9000 -6.2400 -44.4600
3.7200 -4.0800 -44.7600
4.1400 -1.6200 -44.8800
4.0200 -0.3000 -44.5800
3.5400 0.4800 -44.8200
3.5400 4.1400 -45.1200
3.6000 4.7400 -45.2400
4.8000 6.1800 -44.9400
4.5000 6.1800 -45.1800
4.6200 6.3000 -45.1800
4.2600 5.3400 -44.7600
5.0400 5.0400 -44.5200
5.4600 3.9600 -44.7600
5.9400 2.4000 -44.5800
5.7000 2.5800 -44.4600
4.9800 2.2800 -44.5200
4.2000 1.9800 -46.2600
3.9000 1.6800 -46.1400
3.4200 1.5000 -45.5400
3.5400 0.6600 -45.0600
4.3800 1.0800 -44.7000
3.0600 0.6600 -44.1000
1.6200 0.1200 -45.4800
1.9200 -0.1200 -45.1200
1.5000 -0.1200 -45.6600
0.6600 -0.6000 -45.5400
0.8400 -1.6200 -44.7000
1.4400 -2.2200 -44.5800
1.7400 -2.1600 -45.9600
2.3400 -1.9200 -46.0200
2.0400 -1.5600 -45.7800
1.5000 -1.6200 -45.3600
1.1400 -1.0200 -45.1800
1.0800 0.4800 -45.9000
1.2000 0.0000 -45.9600
0.7800 0.1800 -45.3600
1.1400 0.5400 -45.0000
1.2600 1.2600 -43.8000
2.0400 1.5000 -44.1600
1.2000 0.8400 -44.7000
0.2400 0.3000 -45.4800
-0.9000 0.2400 -46.3200
-1.3800 0.4200 -46.2600
-2.1000 0.3600 -46.3200
-1.8600 0.3000 -45.1200
-1.7400 -0.1200 -44.9400
-2.4600 0.3000 -44.9400
-4.2600 0.1800 -45.7800
-5.7000 -0.6600 -45.9600
-6.4800 -1.8000 -46.0200
-6.3000 -3.1800 -45.0600
-6.6000 -4.0200 -45.0600
-7.0800 -4.2000 -45.2400
-7.2600 -4.5600 -45.5400
-6.8400 -4.6200 -45.6600
-6.2400 -4.9200 -45.4800
-6.4800 -4.6200 -45.3000
-6.2400 -3.0000 -45.7200
-6.0000 -1.9200 -46.8600
-6.2400 -1.5600 -47.3400
-6.1200 -1.2000 -47.2200
-6.4800 -1.3200 -46.2000
-6.0600 -0.7800 -45.1200
-5.8800 -0.6000 -45.2400
-6.7200 -1.0200 -45.8400
-7.1400 -1.5600 -46.3200
-7.3800 -1.5600 -46.2600
-7.1400 -1.1400 -45.9600
-6.9600 -1.1400 -44.8200
-7.2000 -1.3800 -44.6400
-7.8000 -1.0200 -44.8800
-7.5600 -1.5600 -45.0600
-7.2000 -2.4000 -45.3600
-6.3000 -3.9000 -44.8800
-6.6600 -4.3800 -44.9400
-6.6600 -5.5800 -45.1200
-6.9000 -5.8200 -44.9400
-6.6000 -5.7600 -45.1200
-7.1400 -6.3600 -45.4200
-6.3000 -6.7800 -44.5200
-5.9400 -7.2600 -44.6400
-6.6000 -7.1400 -45.3600
-6.7200 -6.7800 -45.4800
-5.9400 -6.1200 -45.7800
-6.0000 -6.0600 -45.2400
-6.1800 -5.4000 -44.2200
-6.7200 -4.4400 -43.8000
-8.4600 -4.2600 -45.4800
-8.8800 -4.1400 -45.6000
-9.9000 -4.0800 -45.3000
-9.6000 -5.2800 -43.6200
-9.1800 -5.5800 -43.5000
-9.3000 -5.2200 -43.8600
-9.1800 -5.7600 -43.7400
-8.2200 -6.5400 -43.3200
-7.6800 -7.4400 -43.3800
-7.0800 -7.9800 -42.7200
-6.9000 -9.1200 -42.8400
-7.2600 -9.0000 -43.9800
-7.3800 -8.6400 -44.1600
-7.2000 -8.4000 -44.4600
-7.8000 -7.6800 -44.4600
-8.1000 -7.2600 -44.6400
-8.7600 -6.5400 -44.7600
-8.2200 -6.6600 -44.8200
-7.6800 -6.4200 -44.8200
-7.4400 -5.8800 -45.1200
-8.5800 -5.4600 -45.3000
-8.4000 -4.5000 -44.3400
-7.6200 -3.5400 -44.6400
-7.8000 -3.1200 -46.3200
-7.5600 -2.7600 -46.0800
-7.0800 -2.6400 -46.0200
-6.1800 -3.4200 -45.4800
-6.1800 -2.7000 -45.7200
-6.4200 -2.8800 -45.4800
-6.5400 -2.6400 -46.5000
-5.6400 -3.4200 -46.0200
-4.8000 -3.5400 -46.5600
-3.4800 -4.3200 -46.5000
-3.1200 -4.6200 -45.3000
-3.3000 -4.0800 -45.3000
-4.2600 -3.5400 -46.0800
-4.8000 -3.0600 -46.8600
-5.6400 -2.8200 -46.2600
-5.6400 -3.0000 -45.9600
-6.2400 -2.4600 -46.5600
-6.7800 -2.4000 -46.2600
-6.1200 -1.5000 -46.2600
-5.8200 -0.9600 -46.7400
-6.3600 -1.8000 -46.8000
-6.3000 -2.2200 -46.8000
-6.3600 -3.0000 -46.4400
-6.4800 -3.3000 -46.7400
-7.5000 -4.5000 -46.8000
-8.1000 -5.2200 -46.5000
-9.0000 -4.6800 -46.2000
-9.0600 -5.1000 -45.8400
-9.3600 -4.6800 -45.3000
-9.6000 -5.7000 -45.3000
-8.7600 -6.5400 -45.9000
-8.5800 -6.6000 -45.7800
-8.1600 -6.6600 -45.9000
-8.0400 -7.1400 -45.6000
-7.2600 -7.5000 -45.0000
-8.5200 -6.3000 -45.3000
-9.2400 -5.4000 -45.1200
-11.1000 -4.2000 -45.8400
-11.4000 -3.9600 -45.5400
-11.3400 -3.7800 -45.8400
-11.2800 -4.0800 -45.6600
-11.2800 -4.0800 -45.5400
-10.9200 -3.7800 -44.5800
-10.8600 -3.2400 -44.3400
-10.5000 -3.6600 -44.5200
-10.6200 -4.0800 -44.7600
-11.0400 -4.0200 -45.1200
-11.4600 -3.6000 -46.1400
-11.3400 -3.3600 -46.5000
-10.6200 -3.3000 -46.2000
-10.4400 -3.5400 -46.3200
-10.1400 -5.0400 -46.2000
-10.1400 -5.2200 -46.0200
-10.3800 -5.1000 -45.7800
-10.0200 -5.0400 -46.1400
-9.6600 -4.2000 -46.6200
-9.6600 -4.0200 -46.5600
-9.7200 -3.2400 -46.7400
-9.4200 -3.0600 -47.2800
-8.4600 -3.2400 -46.7400
-7.8000 -2.8200 -46.0800
-7.5600 -1.7400 -46.6800
-7.9200 -2.2200 -47.1600
-7.0200 -2.7000 -46.9800
-6.7200 -2.7000 -46.3800
-6.9000 -3.3000 -45.9600
-6.4200 -3.4200 -45.9000
-5.5200 -3.6600 -47.1000
-5.4600 -3.6600 -47.8800
-5.5200 -3.9600 -47.7000
-5.8200 -2.6400 -47.3400
-5.4600 -3.0600 -46.6800
-4.2600 -3.3600 -46.3800
-4.1400 -3.6000 -46.3200
-3.9600 -3.1200 -46.9800
-3.9600 -2.8200 -46.8600
-3.9000 -2.3400 -46.9200
-4.3200 -2.1000 -46.8000
-4.0200 -1.5600 -45.8400
-3.6600 -1.0200 -46.1400
-2.7600 -1.0800 -46.5600
-2.8200 -0.8400 -47.3400
-2.6400 -0.3000 -46.9200
-2.3400 -0.1200 -47.2200
-2.5800 -1.1400 -46.7400
-2.1600 -1.4400 -46.6800
-2.4000 -1.9200 -46.5600
-3.0600 -2.8200 -46.7400
-3.0000 -3.9000 -46.9200
-1.8600 -4.2600 -46.6200
-1.3200 -4.5000 -45.7800
-0.9000 -4.4400 -45.8400
-1.0200 -4.4400 -46.5600
-1.5000 -4.8600 -47.1000
-1.5000 -4.9200 -46.9200
-2.2200 -5.3400 -46.3200
-1.8000 -4.6800 -46.2600
-1.6800 -4.3200 -46.2600
-2.1600 -4.0200 -46.0200
-2.7000 -4.0800 -46.1400
-3.3000 -4.0200 -46.2600
-3.1800 -4.0800 -46.3800
-3.5400 -3.3000 -46.7400
-3.1200 -2.5200 -46.6200
-2.1000 -1.8600 -45.6000
-1.6800 -1.7400 -44.6400
-2.2800 -1.9200 -44.5800
-3.0600 -1.8600 -44.7600
-4.0800 -1.5000 -45.4200
-5.0400 -1.0800 -45.4800
-5.4600 -1.0800 -45.6000
-4.9800 -1.6200 -45.3600
-5.2200 -2.1600 -45.2400
-7.0800 -2.8200 -45.1800
-7.8000 -3.3000 -45.1200
-8.1000 -3.4800 -45.2400
-8.5800 -3.7200 -45.2400
-8.4000 -4.3800 -44.8200
-8.3400 -4.9800 -44.3400
-8.7000 -5.8800 -44.8200
-7.9800 -6.0600 -44.8200
-6.4200 -5.9400 -45.0000
-6.0600 -6.3000 -45.4200
-6.8400 -5.8800 -45.4800
-6.7800 -5.2800 -45.7200
-6.9000 -4.5000 -45.4200
-7.2000 -4.0800 -45.1200
-6.9600 -4.4400 -45.0000
-6.3000 -4.7400 -44.8200
-6.4200 -4.7400 -44.5200
-6.7200 -4.9200 -44.0400
-7.1400 -4.7400 -44.1600
-7.2000 -4.6200 -44.5800
-6.7200 -4.8600 -44.6400
-6.9000 -4.9800 -45.3000
-6.0600 -5.1600 -44.4000
-6.0000 -4.8600 -44.4600
-6.0600 -5.1600 -44.4600
-6.4200 -5.2800 -45.2400
-7.3200 -5.8200 -45.1800
-7.4400 -6.3600 -44.9400
-6.6000 -5.8200 -44.5200
-6.6600 -5.5200 -44.6400
-6.7200 -5.7000 -44.5800
-6.6000 -5.2800 -44.4000
-7.5000 -4.9800 -44.8800
-7.3800 -5.7600 -44.5200
-7.4400 -5.7000 -43.8600
-7.4400 -4.9200 -43.5600
-7.6200 -4.8000 -44.4000
-7.2000 -4.9200 -44.3400
-6.9000 -4.9200 -44.7000
-7.0200 -4.6800 -44.7000
-6.6600 -4.8000 -44.4600
-6.4200 -4.5600 -44.1000
-7.0200 -4.6800 -44.8800
-7.4400 -4.8000 -45.0000
-8.0400 -4.5000 -45.0000
~G363
-0.1431 -0.2413 0.0040
-0.1859 -0.2327 -0.0155
-0.2048 -0.2162 -0.0418
-0.1798 -0.2089 -0.0687
-0.0900 -0.2205 -0.0901
0.0426 -0.2346 -0.1120
0.1440 -0.2517 -0.1371
0.1794 -0.2669 -0.1811
0.1355 -0.2333 -0.2177
0.0304 -0.1649 -0.2513
-0.1138 -0.0916 -0.2727
-0.2372 -0.0586 -0.2623
-0.2665 -0.0495 -0.2159
-0.2402 -0.0360 -0.1908
-0.1095 -0.0556 -0.1395
-0.0032 -0.0873 -0.1230
0.1568 -0.1301 -0.1255
0.3499 -0.1600 -0.1505
0.4678 -0.1637 -0.1627
0.5783 -0.1747 -0.1780
0.7023 -0.1497 -0.2086
0.8074 -0.1032 -0.2367
0.9565 -0.0171 -0.2916
0.9882 -0.0067 -0.3075
0.9216 -0.1582 -0.3039
0.8318 -0.3170 -0.3124
0.7372 -0.2981 -0.3460
0.6559 -0.1698 -0.3723
0.6052 -0.0476 -0.3576
0.6669 -0.0257 -0.2984
0.8496 -0.1539 -0.2397
1.0945 -0.4722 -0.2306
1.2943 -0.7905 -0.2764
1.5050 -1.1918 -0.4285
1.5343 -1.3879 -0.5641
1.4207 -1.6512 -0.6747
1.0945 -1.8301 -0.8762
0.8190 -1.8454 -1.0467
0.4904 -1.4551 -1.4547
0.3047 -1.1814 -1.7156
0.0713 -0.9927 -1.9055
-0.1290 -1.0513 -2.0210
-0.2531 -1.1600 -2.0925
-0.2915 -1.2352 -2.1658
-0.2390 -1.3567 -2.2568
-0.0955 -1.4044 -2.2971
0.0872 -1.1588 -2.2647
0.2442 -0.5339 -2.1474
0.4531 0.1087 -1.8481
0.4598 -0.3525 -1.4987
0.3352 -0.5571 -1.0302
0.1367 -0.0751 -0.3375
-0.0637 0.2230 0.1091
-0.2323 0.6414 0.3290
-0.3691 0.8974 0.3602
-0.4717 0.7721 0.3204
-0.5573 0.5089 0.2545
-0.7344 -0.0403 -0.1371
-0.8108 -0.0977 -0.4926
-0.8535 0.0806 -0.7883
-0.8609 0.3158 -0.9288
-0.8065 0.6738 -0.9233
-0.7491 0.8424 -0.8109
-0.6733 0.8845 -0.5610
-0.6691 0.7660 -0.4150
-0.6739 0.5797 -0.2733
-0.6306 0.3335 -0.0888
-0.5286 0.1888 0.0327
-0.2708 0.0452 0.1305
-0.1553 0.0006 0.1305
0.1587 -0.0800 0.0364
0.3010 -0.0751 -0.0858
0.4928 0.0415 -0.3191
0.5930 0.0281 -0.4609
0.5991 -0.0696 -0.5598
0.5857 -0.1374 -0.6319
0.5466 -0.2016 -0.6924
0.5148 -0.2358 -0.7364
0.4678 -0.3066 -0.7901
0.4250 -0.3671 -0.8347
0.4103 -0.3531 -0.8720
0.4250 -0.2260 -0.8781
0.4665 0.0232 -0.8952
0.4830 0.2114 -0.9001
0.5099 0.3525 -0.8158
0.5802 0.4093 -0.7070
0.6846 0.4148 -0.6123
0.8092 0.3647 -0.5537
0.9070 0.1998 -0.5952
0.7573 0.0770 -0.7083
0.5606 0.0281 -0.8353
0.2961 0.0538 -1.0308
0.1067 0.1637 -1.1633
-0.1217 0.2089 -1.2971
-0.4754 -0.1203 -1.4731
-0.9452 -0.7465 -1.8610
-1.1400 -1.0293 -2.1297
-1.1504 -1.1582 -2.2611
-1.0099 -1.1503 -2.2036
-0.6422 -1.0886 -1.8548
-0.2305 -1.1509 -1.3900
0.1416 -1.2718 -0.9838
0.5063 -1.3964 -0.6820
0.8667 -1.4594 -0.4957
1.1092 -1.4215 -0.4877
1.1910 -1.4209 -0.5983
1.0933 -1.5956 -0.7290
0.9546 -1.8301 -0.8604
0.7860 -2.0934 -1.0290
0.7170 -2.1954 -1.1084
0.5179 -2.0928 -1.5629
0.4531 -1.8729 -1.7290
0.3486 -1.3341 -1.9086
0.3077 -0.9865 -1.9306
0.3315 -0.5803 -1.8665
0.5020 -0.1631 -1.6801
0.6449 0.0391 -1.5500
0.7866 0.2163 -1.3973
0.8636 0.3513 -1.2660
0.8685 0.4734 -1.1328
0.6382 0.6469 -0.9783
0.2961 0.7862 -0.9214
-0.5072 1.0110 -0.8860
-1.2249 0.9475 -0.9056
-1.9561 0.4575 -0.9758
-2.5750 -0.4502 -1.1316
-2.7717 -0.9297 -1.2800
-2.6941 -1.0256 -1.3655
-2.4601 -0.6756 -1.3869
-2.2323 -0.1252 -1.2874
-2.1015 0.2272 -1.0919
-2.0246 0.3855 -0.9147
-1.1559 -0.0629 0.2887
-0.8560 -0.2230 0.3925
-0.2146 -0.2969 0.5636
0.2503 -0.1032 0.6552
0.6614 0.1704 0.7035
0.9033 0.3476 0.7261
1.1281 0.5211 0.7810
1.1996 0.5241 0.8030
1.1635 0.3494 0.7719
1.1116 0.1662 0.7352
0.9534 -0.2810 0.6497
0.8667 -0.4960 0.6143
0.6651 -0.8204 0.5324
0.5056 -0.8247 0.4102
0.3346 -0.6445 0.2227
0.1892 -0.4319 0.0456
0.1104 -0.3317 -0.0449
-0.0350 -0.1374 -0.2147
0.0047 -0.1826 -0.1725
0.1709 -0.2810 -0.0204
0.3963 -0.4038 0.1231
0.5362 -0.6280 0.1891
0.5704 -0.7782 0.2184
0.5307 -0.7917 0.1879
0.4580 -0.6799 0.0718
0.3835 -0.4691 -0.0693
0.3150 -0.1771 -0.2025
0.2173 0.1472 -0.2519
0.0780 0.2382 -0.2831
-0.1553 0.1753 -0.3057
-0.4430 0.0648 -0.3381
-0.6031 0.0226 -0.4089
-0.7033 -0.0250 -0.5629
-0.6782 -0.0428 -0.6783
-0.5750 -0.0202 -0.7345
-0.5151 -0.0092 -0.7437
-0.3312 -0.0428 -0.6783
-0.2946 -0.1197 -0.6099
-0.2940 -0.2101 -0.5647
-0.3038 -0.3708 -0.4822
-0.2848 -0.4368 -0.4224
-0.2103 -0.4349 -0.3668
-0.1113 -0.3928 -0.3338
0.0432 -0.4227 -0.3362
0.0731 -0.5406 -0.3686
0.0585 -0.7263 -0.4095
0.0353 -0.8375 -0.4419
0.0212 -0.8894 -0.4651
0.0151 -0.8503 -0.4786
0.0298 -0.7062 -0.5189
0.0701 -0.5101 -0.6270
0.1562 -0.5107 -0.7779
0.2582 -0.7013 -0.8219
0.5802 -0.9908 -0.8152
0.8502 -1.0849 -0.7223
0.9839 -1.1044 -0.5433
0.9919 -1.0806 -0.4260
0.8086 -0.8576 -0.2770
0.6480 -0.5253 -0.4132
0.4751 -0.2981 -0.6643
0.3016 -0.1368 -0.8671
-0.0881 0.1130 -1.1566
-0.3062 0.2498 -1.2751
-0.5530 0.3140 -1.3943
-0.8499 0.1668 -1.4712
-1.2695 -0.2352 -1.5677
-1.4797 -0.4374 -1.5482
-1.5359 -0.4740 -1.4175
-1.3813 -0.3005 -1.0748
-1.1761 -0.1344 -0.7211
-0.8566 0.0061 -0.2739
-0.4962 0.0489 0.0291
-0.2366 0.0477 0.1488
-0.0099 0.0336 0.2148
0.1263 -0.0250 0.2404
0.1691 -0.1533 0.2618
0.1733 -0.2205 0.2942
0.1965 -0.2456 0.2948
0.2289 -0.3677 0.2245
0.2033 -0.5712 0.0382
0.1287 -0.6555 -0.1560
0.0817 -0.6500 -0.2733
0.0078 -0.3073 -0.5739
0.0640 -0.0568 -0.6789
0.1898 0.1460 -0.7406
0.3370 0.1649 -0.6991
0.4604 0.1063 -0.5732
0.6113 0.1234 -0.4169
0.7836 0.2187 -0.2611
0.9607 0.2798 -0.0821
1.0029 0.2731 0.0028
0.9772 0.2175 0.0993
0.8838 0.1216 0.1641
0.6565 -0.1154 0.1488
0.4812 -0.2627 0.0327
0.3822 -0.3005 -0.1951
0.3822 -0.2767 -0.3014
0.5020 0.2034 -0.7461
0.3908 0.2175 -0.7064
0.1434 0.0739 -0.6459
-0.1083 -0.1051 -0.6013
-0.3209 -0.2816 -0.5983
-0.5432 -0.4038 -0.6765
-0.6263 -0.3885 -0.7162
-0.6562 -0.3751 -0.7333
-0.9519 -0.3451 -0.7706
-0.9549 -0.5033 -0.6991
-0.8908 -0.7404 -0.5775
-0.7485 -0.9395 -0.4755
-0.5487 -1.0305 -0.4114
-0.2476 -0.9297 -0.3454
-0.0551 -0.7416 -0.3204
0.1617 -0.4471 -0.3069
0.3205 -0.1820 -0.3118
0.3670 -0.0611 -0.3313
0.3627 0.0580 -0.3619
0.3584 0.0758 -0.3668
0.3523 0.1882 -0.3851
0.4586 0.2395 -0.3594
0.6070 0.3244 -0.3136
0.7146 0.4276 -0.2373
0.7640 0.4789 -0.1267
0.7567 0.4490 0.1421
0.7512 0.5058 0.2734
0.7115 0.6084 0.4176
0.5826 0.6640 0.5257
0.4201 0.6885 0.5526
0.2161 0.6579 0.5318
-0.4516 0.2676 0.3162
-0.8548 -0.1203 0.1390
-1.0124 -0.3360 0.0669
-1.0612 -0.6500 -0.0253
-0.7973 -0.5583 -0.0271
-0.3942 -0.2584 0.1286
0.0157 0.0977 0.5330
0.0823 0.1161 0.7859
0.0640 0.0874 0.9606
-0.1236 -0.0721 1.2490
-0.2836 -0.1863 1.2826
-0.4461 -0.2132 1.1824
-0.5188 -0.0507 1.0376
-0.4882 0.2211 0.9228
-0.3752 0.5015 0.8782
-0.2427 0.6524 0.9105
-0.1064 0.6885 0.9576
-0.0185 0.6463 0.9643
0.0237 0.5223 0.9234
-0.0698 0.1692 0.6295
-0.0716 0.1136 0.3388
0.1049 0.2993 0.3137
0.1727 0.3708 0.3143
0.9100 1.0812 0.3198
1.1666 1.2700 0.3852
1.0371 0.9475 0.5349
0.5814 0.4184 0.5501
0.3951 0.2303 0.5275
-0.4797 -0.3873 0.2844
-0.9012 -0.4270 0.1286
-0.8920 -0.4588 0.1109
-0.6355 -0.4875 0.1720
-0.4504 -0.5180 0.2245
0.1220 -0.6457 0.2948
0.0964 -0.7245 0.1598
-0.0698 -0.6518 0.0120
-0.2891 -0.5113 -0.1267
-0.5402 -0.2126 -0.2916
-0.5750 0.0782 -0.3839
-0.4748 0.1863 -0.4242
-0.3129 0.1521 -0.4315
-0.0747 0.0226 -0.4187
0.2027 -0.1710 -0.3894
0.4861 -0.3775 -0.3955
0.6364 -0.4740 -0.4291
0.7256 -0.5479 -0.4944
0.7494 -0.5931 -0.5586
0.7543 -0.6225 -0.5647
0.7427 -0.6658 -0.4987
0.6510 -0.6744 -0.3460
0.5050 -0.6628 -0.2208
0.2613 -0.6933 -0.1102
0.1440 -0.7092 -0.0858
0.2943 -0.6109 -0.1053
0.6602 -0.3769 -0.1273
1.0499 -0.0855 -0.1292
1.0902 0.3048 -0.1420
0.6449 0.5565 -0.1377
0.0945 0.5205 -0.1255
-0.5933 0.1069 -0.1200
-0.7253 -0.0116 -0.1273
-1.6128 -1.2657 -0.3882
-1.6251 -1.3109 -0.4181
-1.2555 -1.2016 -0.4541
-0.8016 -0.8680 -0.2648
-0.0307 -0.4539 0.3589
0.2650 -0.4355 0.7896
0.3096 -0.4374 0.8769
0.4934 -0.1497 1.4298
0.4598 0.1790 1.5684
0.3957 0.2706 1.5654
0.0609 0.2517 1.3766
-0.0875 0.1417 1.2538
-0.1883 -0.1008 0.9185
0.0090 -0.1038 0.8653
0.4629 0.1307 1.1133
0.7152 0.3115 1.3314
1.1263 0.5174 1.7315
1.2668 0.4582 1.8342
1.2833 0.2376 1.7719
1.1672 0.0385 1.5862
0.9259 -0.1423 1.2710
0.6339 -0.2077 0.9185
0.6015 -0.2089 0.8800
-0.0270 0.1949 0.2642
-0.1834 0.4276 0.1677
-0.2915 0.5455 0.0993
-0.3972 0.4386 -0.0919
-0.4412 0.3067 -0.2617
-0.4113 0.2193 -0.4401
-0.3703 0.2987 -0.5006
-0.3740 0.4032 -0.5006
-0.4033 0.4863 -0.5079
-0.4100 0.4869 -0.5335
-0.3966 0.4178 -0.5610
-0.3209 0.1765 -0.6771
-0.2537 0.0849 -0.8066
-0.1755 0.0501 -1.0302
-0.1119 0.1130 -1.2397
-0.0295 0.3476 -1.3637
0.0139 0.4087 -1.3093
0.0683 0.3745 -1.1475
0.1104 0.3256 -1.0253
