D10
~A448
-1.1062 0.8883 9.3999
-0.2346 5.3392 7.2523
0.2107 5.5787 7.0847
0.6441 5.8181 7.1230
0.8428 5.8636 7.5827
0.9433 5.7534 8.3081
1.0415 5.5284 8.7559
1.1229 5.2315 9.1629
0.9290 4.8795 9.3592
0.5579 4.6832 9.3329
0.2586 4.6856 9.3137
-0.0479 4.7287 9.1844
-0.3903 4.6688 8.8852
-0.5650 4.5036 8.4542
-0.5220 4.3815 8.0472
-0.1700 4.3241 7.8005
0.0431 4.3049 7.7718
1.0415 4.3049 8.1262
1.6880 4.4342 8.4901
2.1501 4.5180 8.7199
2.3751 4.5084 8.8588
2.1309 4.4917 8.9115
0.7973 4.4079 8.7630
-0.0455 4.2929 8.6026
-0.4717 4.3312 8.5739
-0.3879 4.3384 8.6146
-0.1125 4.3648 8.6721
0.3472 4.5970 8.7008
1.1253 4.8604 8.9378
1.6784 5.0136 9.2515
2.1237 5.1357 9.5316
2.2243 5.1453 9.5508
2.0232 5.0783 9.3544
1.7239 4.9466 9.0767
1.4150 4.7790 8.7415
1.0822 4.6018 8.3249
0.9338 4.3959 7.9107
0.9266 4.2187 7.6306
0.9362 4.0607 7.4079
0.9050 3.9290 7.4103
0.9793 3.9673 7.3648
1.1157 3.9529 7.2451
1.3480 3.9649 7.0368
1.5108 3.9577 6.8428
1.5275 3.9817 6.7830
1.4246 3.9721 7.2020
1.4270 4.0296 7.7215
1.7358 4.1110 8.1262
2.1548 4.0703 8.2866
2.5020 4.0703 8.1788
2.6050 4.2403 7.8676
2.6169 4.4988 7.5444
2.5044 4.7095 7.3289
2.2937 4.8963 7.1661
2.0351 5.0064 7.0392
1.6688 5.1094 6.9554
1.3169 5.2075 6.8213
1.0008 5.2387 6.7471
0.6105 5.3704 6.8668
0.2394 5.3632 6.7471
-0.0790 5.3823 6.5316
-0.3304 5.5523 6.3592
-0.4358 5.8612 6.4071
-0.4310 5.8085 6.8141
-0.5076 5.8205 7.0487
-0.5507 5.8899 7.2451
-0.5267 5.9115 7.3648
-0.2394 5.8779 7.8365
0.1245 5.8348 8.2650
0.2801 5.8085 8.6314
0.3855 5.8037 8.8205
0.6105 5.7558 8.8732
0.9457 5.7151 8.9857
1.3216 5.6864 8.9785
1.5419 5.6649 8.6050
1.4749 5.7439 7.9825
1.3671 5.9043 7.4893
1.4007 6.0455 7.1637
1.4916 6.3807 6.8189
1.4605 6.8165 6.6704
1.4461 7.3097 6.5196
1.5706 7.6114 6.2850
1.8915 7.3289 6.0791
2.3871 7.0511 6.5244
2.8252 7.0416 7.4366
3.0431 7.1876 8.8301
2.9904 6.9913 10.0296
2.5810 6.6513 10.5659
1.7670 6.4430 10.5635
0.8595 6.5292 9.8165
0.5579 6.6489 8.8540
0.3567 6.7902 8.0424
0.3879 6.9602 7.6856
1.5084 7.2307 7.3935
2.1165 7.3265 7.5372
2.3416 7.4534 7.6569
2.3895 7.4151 7.5922
2.3512 7.2762 7.4821
2.2434 7.1685 7.6306
2.1955 6.9123 8.3728
2.0878 6.6704 8.5931
1.8843 6.4741 8.3752
1.6688 6.3209 7.9969
1.5180 6.1078 7.5563
1.4581 5.9594 7.1709
1.3911 5.8827 6.9745
1.3073 5.7439 6.9171
1.1445 5.3368 7.2906
1.0176 5.1740 7.4845
0.8955 5.0926 7.6377
0.9026 5.1429 7.7359
0.9769 5.2052 7.5707
1.0535 5.2937 7.2427
1.0511 5.3368 6.7375
1.0295 5.3392 6.4047
1.0176 5.3057 6.1222
0.7279 5.2770 5.9067
0.4453 5.3273 5.7798
0.0790 5.3704 5.8444
-0.4884 5.4661 6.1413
-0.7925 5.5451 6.3329
-1.2714 5.5356 6.6968
-1.6090 5.5116 6.9865
-1.8675 5.6601 7.3289
-1.8723 5.8995 7.6162
-1.7909 6.1102 8.0208
-1.4390 6.1269 8.5907
-0.6776 6.1724 9.2227
0.0192 6.4119 9.5651
0.5220 6.6776 9.6130
0.7662 6.9889 9.2874
0.5722 7.1756 8.7008
0.1604 7.3265 8.1334
0.0263 7.2355 7.7622
0.3137 7.1493 8.0065
0.8332 6.9410 8.6984
1.0511 5.7463 10.7862
0.6321 5.7175 10.1182
0.5555 5.3177 9.2395
0.7398 4.8173 8.9043
1.2977 4.4318 9.1461
1.8292 4.1948 9.7639
2.3368 3.9865 10.3504
2.8228 3.7614 10.7862
2.8851 3.4861 10.9083
2.7750 3.3137 10.7455
2.3057 3.2778 9.9147
2.0998 3.4645 8.9283
1.7813 3.7111 8.0232
1.6880 3.8763 7.2594
1.8101 3.9673 6.8500
2.0663 4.0367 6.8596
2.3631 4.0439 6.9649
2.8109 4.1205 7.0990
2.8875 4.1493 7.0751
2.8540 4.1445 7.0559
2.6457 4.1110 6.9099
2.4853 4.1660 6.5124
2.2554 4.2043 6.1629
2.0160 4.2235 5.9737
1.6497 4.3025 5.7846
1.3288 4.3887 5.6768
1.0463 4.4749 5.6505
0.8835 4.5228 5.9258
0.7446 4.6162 6.5555
0.6680 4.7933 7.2116
0.3831 5.0974 7.6593
-0.0120 5.4206 7.9729
-0.1628 5.6960 7.8436
-0.1053 5.9594 7.4917
-0.0287 6.3616 7.1900
-0.2562 6.7710 7.0104
-0.6608 7.0679 6.6800
-1.2331 7.7072 6.4406
-1.3360 8.4614 6.4071
-0.4358 8.3895 6.9338
0.8524 8.2219 8.2483
0.9601 8.1980 9.9961
0.5698 8.1118 11.0544
0.0072 7.8700 11.7774
-0.2155 7.7072 11.9762
-0.0910 7.3720 12.2850
0.3472 7.1062 12.2731
0.5962 6.8285 11.8708
0.6369 6.6058 11.3560
0.6872 6.2730 10.8317
0.8093 5.9210 10.5157
1.0678 5.7367 10.3600
1.3264 5.4613 10.1182
1.4725 5.1908 9.2682
1.4773 5.0447 8.2818
1.4390 4.9753 7.4965
1.3528 4.9131 6.6154
1.2953 4.8221 6.1916
1.0918 4.7311 5.9953
0.8117 4.6928 5.9689
0.6584 4.6593 6.0934
0.6153 4.6497 6.1341
0.6010 4.7694 5.9737
0.8548 4.9298 5.9186
1.0774 4.9777 6.0791
1.2714 5.1166 6.3400
1.2259 5.2913 6.4765
1.1445 5.3943 6.4502
0.8164 5.4158 6.4598
0.4525 5.4422 6.5268
0.1101 5.5212 6.7183
0.0192 5.5236 7.0918
0.0862 5.3823 7.9538
0.1437 5.2866 8.4422
0.2322 5.2267 8.6457
0.4405 5.3177 8.4805
0.5650 5.5427 7.9825
0.6321 5.7247 7.6353
0.7111 5.8061 7.4965
0.0144 7.0751 7.8269
-0.1628 7.3959 7.5252
0.5603 6.4550 6.9266
0.9170 6.3688 6.6896
1.4294 6.8979 7.3935
2.1213 7.0583 8.4614
2.5427 6.7878 9.6944
1.9944 6.4789 10.4390
1.4485 6.3281 10.6641
0.1963 6.2634 10.9418
-0.1221 6.1341 10.9155
-0.1030 6.0216 10.8149
0.0024 5.9809 10.7072
0.1556 5.9306 10.6330
1.0607 5.6649 10.3241
1.6042 5.4805 9.9530
1.8771 5.3536 9.4167
2.0303 5.0926 8.8588
1.8125 4.8340 8.4326
1.6497 4.7383 8.3010
1.0271 4.4150 7.9203
0.5842 4.1469 7.6617
0.1844 3.9841 7.4773
-0.0862 3.8620 7.3983
-0.1820 3.7830 7.4414
0.1413 3.7327 7.6258
0.4238 3.7111 7.7407
0.5698 3.7279 7.7646
1.0439 3.7183 7.5659
1.0655 3.6752 7.3385
0.9122 3.7399 7.0487
0.5435 3.8093 6.7375
0.1772 3.7806 6.5986
-0.1173 3.7734 6.5603
-0.5339 3.8931 6.5723
-0.6848 3.9362 6.5292
-0.7566 3.9410 6.3664
-0.7518 3.9099 6.2084
-0.4429 3.8691 6.1246
-0.0814 3.8428 6.3424
0.0239 4.0846 6.8524
-0.0694 4.3791 7.2523
-0.4645 4.6593 7.6808
-0.8117 4.8532 8.0304
-1.1014 5.1764 8.5547
-1.1636 5.2985 8.9187
-1.3312 5.6720 9.7375
-1.3767 5.9713 10.1805
-1.2450 6.4693 10.5372
-0.8045 6.7710 10.6689
0.2227 6.7183 10.7120
1.1684 6.5148 10.7527
1.3647 6.4909 10.7790
1.5659 6.6537 10.9754
1.2546 6.4574 10.8963
0.9529 6.3448 10.8078
0.9721 6.2203 10.7024
1.1947 6.1700 10.5659
1.2522 6.1700 10.5204
1.7382 6.1030 9.7255
1.9226 5.9426 9.0599
1.9896 5.7463 8.4135
2.0567 5.5475 7.8317
1.9777 5.4853 7.5204
1.7861 5.5092 7.2977
1.3432 5.6385 7.0655
0.9960 5.6098 7.0152
0.7853 5.5475 7.0847
0.5387 5.4901 7.3648
0.5938 5.4039 7.8700
0.7231 5.3943 7.9849
0.7422 5.4039 7.9969
1.2211 5.6720 8.1142
1.2785 5.7870 7.9322
1.4078 5.8612 7.7144
1.8029 5.8564 7.4438
2.0926 5.7127 7.4031
2.2363 5.4589 7.7814
2.0016 5.2123 8.3848
1.6760 4.8867 8.6625
1.2690 4.5946 8.6553
0.7422 4.4534 8.3752
0.2442 4.6640 7.8436
-0.0359 4.9921 7.4989
-0.3998 5.1357 7.3863
-0.6872 5.1477 7.2475
-0.7255 5.0878 7.2594
-0.6991 5.0543 7.2954
-0.3711 4.8293 7.9514
0.0072 4.6976 8.5859
0.4262 4.5970 9.2826
0.4190 4.6497 9.7399
-0.0096 5.0639 9.7255
-0.0431 5.1261 9.6609
-0.5052 5.6457 8.0184
0.1868 5.2243 7.2714
1.0176 5.1094 7.2211
2.1094 5.3895 8.0160
2.5355 5.4829 8.7942
2.9593 5.0280 10.6258
2.7343 4.6425 11.1908
2.1596 4.5850 11.1382
1.7071 4.6784 10.5995
1.6329 4.7287 9.8764
1.4677 4.7095 9.2156
1.3384 4.7311 8.5045
1.3959 4.7550 8.1836
1.4390 4.5419 8.0998
1.4342 4.4174 8.1238
1.4222 4.1948 8.0950
1.4126 4.0583 8.1214
1.5371 3.9817 8.0448
1.7430 3.8428 7.8341
1.7981 3.7614 7.5515
1.7933 3.7542 7.4989
1.3312 3.6130 6.2969
1.0271 3.6177 5.5978
0.8787 3.6249 5.1357
0.7063 3.6537 4.9059
0.6608 3.6680 4.8819
0.4310 3.7063 5.2483
0.3017 3.7518 5.9737
0.3065 3.7806 6.5579
0.3184 3.7662 6.9913
0.3089 3.7542 7.1469
0.0910 3.8979 7.2451
-0.1006 4.1972 7.0416
-0.4908 4.8819 6.5986
-0.6824 5.4781 6.3089
-0.6872 5.5260 6.2874
-0.5243 5.8325 6.4574
-0.5842 5.9641 6.8237
-0.7326 6.2467 7.1876
-0.0215 7.1589 8.9378
1.0750 6.9841 10.5324
2.4158 6.7303 11.6481
2.9785 6.5699 12.1773
2.4637 6.6441 12.0360
1.6281 6.6920 11.5907
0.8811 6.6058 11.0208
0.2801 6.4430 10.4510
0.2083 6.4214 10.3241
0.2227 6.3855 10.0871
0.6010 6.2969 10.5971
1.0367 6.1198 11.1238
1.4078 5.8732 11.5476
1.6832 5.7894 11.5620
1.7550 5.7175 10.7240
1.6066 5.8253 9.4837
1.5467 5.8277 8.5069
1.5204 5.6146 7.7383
1.3240 5.3943 7.4558
1.3264 5.0759 7.3193
1.6640 4.4653 7.2403
2.0088 5.7989 7.7790
1.4270 5.6313 7.8963
1.0678 4.9466 8.4278
0.8164 4.3456 8.8588
-0.0024 3.7207 7.9969
-0.3328 3.6920 7.0727
-0.6034 3.6680 6.4574
-1.0247 3.7566 6.1269
-1.0535 3.7662 6.1557
-1.9034 4.3767 7.4079
-1.8340 4.5156 7.8412
-0.7925 4.3959 8.3345
0.1556 4.2474 8.9139
1.1876 4.1780 9.3042
1.4366 4.4893 9.1150
1.1828 4.9346 8.7295
0.2706 5.5930 8.5356
0.0646 6.0024 9.2850
0.4118 6.0288 10.0512
1.6377 5.5978 11.6960
2.6768 4.8556 13.3936
2.7678 4.2043 14.1933
2.3919 3.7327 14.6266
2.2434 3.6776 14.7056
-0.0814 2.7678 13.4343
-0.1748 2.7103 12.5221
-0.0311 2.7247 11.4207
0.1197 2.7103 10.7934
0.4382 2.7295 10.1924
0.9936 2.6433 9.3281
1.0607 2.6289 9.1557
1.3959 2.6576 7.5276
1.4845 2.6792 6.5771
1.6185 2.6337 5.5523
1.8747 2.6193 4.7957
2.1309 2.5978 4.1493
2.2793 2.6672 3.9290
2.2961 2.6960 3.9242
2.2913 2.9426 3.9266
1.8268 2.6912 4.0152
0.7853 2.4829 4.6904
0.0623 2.4972 5.3584
-0.4860 2.5715 5.8325
-1.1923 2.8420 6.1772
-1.9992 3.7135 6.5890
-1.7502 4.1756 6.8716
-1.5515 4.6018 7.2044
-1.5084 5.4182 8.0017
-1.4845 5.4661 8.0615
-1.1397 6.4238 9.7064
-0.5052 6.9051 11.4734
0.6225 6.3831 13.1015
1.6090 5.7798 14.4566
1.6544 5.7463 14.5452
1.1421 5.8779 15.0360
0.7207 5.5475 14.8301
0.3448 4.9418 14.4518
-0.0718 4.4917 13.9586
-0.3998 4.2498 13.4582
-0.5387 3.8165 11.4566
-0.3615 3.8356 10.8509
-0.1077 3.9099 10.0081
0.6656 4.4318 8.1693
0.9409 4.5922 7.7790
1.2115 4.7885 7.4773
1.2953 5.0040 7.1493
1.2019 5.0016 7.0679
1.0032 4.9657 7.0966
0.9026 4.9131 7.1613
0.9888 4.8747 7.3313
1.0080 4.8604 7.3289
0.8859 4.5467 7.1421
0.6129 4.4534 7.0152
0.5052 4.4103 7.0009
-0.0263 3.9529 7.2523
-0.7590 3.4478 7.4414
-1.5252 3.0288 7.4941
-1.8891 2.9426 7.3097
-2.4877 3.1341 6.8955
~M448
12.1800 1.3200 -38.4600
12.0000 1.5000 -38.2200
12.3600 0.8400 -37.9200
12.7800 -0.1200 -38.3400
12.0000 -0.7800 -38.5800
11.9400 -1.3200 -38.4600
12.6600 -1.9800 -38.6400
13.2600 -3.0600 -37.9800
12.4800 -3.7200 -38.2200
12.0600 -3.5400 -38.8200
12.6600 -3.4800 -38.2800
13.0200 -4.5600 -38.4600
12.9000 -5.6400 -38.1000
12.6000 -6.4800 -38.0400
12.7200 -6.4800 -38.1000
12.9600 -6.9000 -37.8000
12.9000 -7.2000 -37.6800
12.6000 -7.4400 -37.3800
12.5400 -7.7400 -37.3200
13.3200 -7.9200 -37.0800
13.4400 -8.1000 -37.8600
12.7200 -7.7400 -38.2800
12.3600 -7.8000 -38.2800
12.0600 -8.1000 -38.2200
12.6000 -7.9200 -37.7400
12.5400 -7.5000 -37.8600
11.4000 -7.1400 -38.8200
11.2800 -7.1400 -38.9400
11.2800 -7.3200 -38.7000
12.1200 -7.3800 -37.8600
12.8400 -7.3200 -37.1400
12.5400 -7.7400 -37.1400
12.3000 -7.4400 -37.8600
11.8800 -6.9000 -38.8800
11.2200 -7.7400 -38.6400
10.8600 -9.0000 -37.5000
11.0400 -9.1800 -37.7400
10.1400 -9.3600 -38.9400
9.1800 -10.0200 -39.1800
8.5200 -10.0200 -38.9400
7.6200 -10.7400 -39.1200
7.5000 -11.4000 -38.4600
7.6800 -12.2400 -38.4600
7.8000 -12.4200 -38.4600
7.1400 -12.7800 -38.7000
6.1800 -12.9600 -38.6400
6.5400 -12.9000 -38.6400
6.5400 -13.1400 -38.2800
5.7600 -13.0200 -38.0400
5.6400 -13.0200 -38.2800
4.9200 -13.0800 -38.8200
4.5600 -13.2000 -38.8800
3.4800 -13.9800 -39.1800
2.3400 -13.5600 -39.6000
2.1000 -12.6000 -39.5400
2.4000 -12.4200 -39.8400
2.4000 -12.6600 -39.9600
1.5000 -12.5400 -40.1400
1.2600 -12.8400 -40.1400
0.6600 -13.2000 -40.1400
1.9200 -13.2600 -39.1200
2.4600 -12.6000 -39.4800
2.0400 -12.2400 -40.2600
2.0400 -11.4000 -40.5600
2.1600 -10.9200 -40.8600
2.8200 -9.4200 -40.8600
3.5400 -8.4600 -40.8600
4.9200 -7.4400 -40.5600
5.2200 -7.0800 -41.0400
5.0400 -6.4800 -41.7000
4.8600 -5.9400 -41.4000
4.4400 -5.3400 -40.9200
3.9600 -5.3400 -41.2200
4.5600 -5.8800 -40.2600
5.1000 -5.8800 -40.1400
5.9400 -4.6800 -39.6600
5.0400 -4.0200 -41.0400
4.9200 -4.2600 -41.8200
4.9200 -4.5600 -41.1000
4.9800 -4.5600 -41.1000
4.3800 -5.0400 -41.1000
3.6600 -5.2200 -42.1800
3.7800 -5.2800 -42.1800
3.7200 -5.4600 -42.1800
3.7200 -6.3600 -40.8000
4.2600 -6.9600 -40.5000
3.9600 -6.7800 -40.6800
2.4000 -7.4400 -41.2800
2.3400 -7.8600 -41.3400
2.4000 -8.4600 -41.6400
2.7000 -8.4600 -41.0400
2.8800 -8.5800 -40.0800
3.0600 -8.8800 -40.1400
3.0600 -8.7000 -40.2600
4.0200 -7.9200 -39.3600
3.3600 -8.1000 -39.8400
2.0400 -7.9800 -40.8600
1.9200 -8.1600 -40.1400
2.2800 -8.1600 -40.2000
1.9800 -8.2800 -40.8000
1.8600 -7.9800 -41.6400
2.0400 -6.4800 -40.6200
2.2800 -5.0400 -41.3400
2.9400 -4.8600 -42.4800
2.8200 -4.6800 -42.6600
1.8000 -4.5000 -42.9600
2.1000 -4.2600 -43.0200
1.9200 -4.2600 -42.8400
2.8800 -3.9000 -42.8400
3.0600 -3.8400 -42.7200
2.7000 -4.2000 -42.6000
2.8800 -4.6200 -42.5400
2.9400 -5.1000 -42.7800
2.8200 -6.2400 -42.1200
2.3400 -7.4400 -41.2800
1.8600 -7.3200 -41.7000
1.3200 -7.5600 -42.3600
0.6000 -8.0400 -42.9600
0.3000 -8.3400 -42.7200
-0.2400 -8.9400 -42.5400
-0.7200 -9.0600 -42.0600
-0.9600 -9.0600 -42.9000
-0.3600 -9.2400 -43.4400
-0.3000 -9.1200 -43.6200
-0.5400 -9.3000 -43.3800
-0.0600 -9.4800 -42.4800
0.1800 -9.4200 -42.4800
0.2400 -8.9400 -42.3600
-0.1800 -7.6800 -43.3800
0.3600 -6.7200 -43.8000
1.1400 -4.6800 -44.1000
1.6200 -3.9000 -43.8000
1.8000 -2.9400 -43.9200
2.4600 -2.6400 -43.5000
2.8200 -2.3400 -43.5600
3.0000 -1.5000 -43.6200
3.1800 -1.2600 -43.7400
2.9400 -1.2000 -44.1000
3.0000 -1.4400 -43.6200
2.7600 -1.8600 -43.8600
2.1600 -2.3400 -43.9200
1.8000 -3.0000 -43.3200
1.5000 -3.6000 -43.6800
1.2600 -4.7400 -43.8000
0.6600 -5.3400 -43.6800
-0.3600 -6.0000 -43.3200
-0.3600 -6.6000 -42.5400
-0.4200 -6.9000 -42.3000
-0.6600 -6.9600 -41.8800
-1.1400 -6.7200 -42.2400
-1.5000 -6.9000 -43.0800
-1.7400 -7.5600 -43.6800
-2.1000 -7.8600 -43.2000
-2.5200 -7.5000 -43.1400
-2.5800 -7.9800 -42.7200
-2.4000 -8.5200 -42.8400
-2.5200 -7.8600 -43.8000
-3.4800 -8.1600 -43.7400
-3.7800 -8.3400 -43.4400
-3.3600 -7.6800 -42.9000
-3.3000 -7.5600 -42.6600
-3.8400 -6.4200 -43.7400
-4.0200 -5.4000 -44.2200
-4.0200 -5.2200 -44.5200
-4.3800 -4.4400 -44.2800
-4.7400 -4.2600 -44.3400
-4.8000 -4.1400 -43.8600
-5.0400 -3.6600 -43.5600
-5.5200 -3.7800 -44.1000
-5.7000 -3.7800 -43.8600
-5.7600 -4.2000 -43.8600
-6.0000 -4.2000 -43.6800
-6.1200 -4.2600 -43.6200
-6.0600 -4.7400 -43.5600
-6.4800 -4.8000 -43.6200
-7.6200 -5.7000 -43.6800
-8.5200 -6.6000 -43.5000
-8.5800 -6.7800 -43.0800
-8.2800 -7.0800 -42.4800
-9.3000 -7.8600 -42.3000
-10.2000 -7.9200 -42.8400
-10.3800 -8.5200 -43.0800
-10.0200 -9.4800 -43.0800
-10.1400 -9.7200 -42.4200
-10.3200 -9.3600 -42.4200
-10.5000 -8.8800 -42.6000
-10.7400 -8.6400 -42.4200
-11.1000 -7.9800 -42.3600
-10.6200 -7.6200 -42.5400
-9.8400 -7.2600 -42.0600
-9.5400 -6.9000 -41.8200
-11.4000 -6.3000 -43.0200
-12.4200 -5.9400 -42.9000
-12.1200 -5.3400 -43.2600
-11.6400 -4.3800 -43.5600
-10.9800 -4.0200 -43.3800
-11.3400 -4.0800 -42.9000
-11.8200 -3.7800 -43.3800
-11.7600 -3.2400 -43.4400
-12.0600 -3.2400 -43.9800
-11.5800 -3.6600 -43.8000
-10.9800 -3.6600 -42.7200
-11.2800 -4.0200 -42.4200
-11.0400 -4.8000 -42.7200
-11.5200 -5.7000 -42.0600
-11.7600 -5.8200 -41.1000
-12.0000 -6.0000 -41.4600
-13.1400 -6.1800 -42.1200
-13.8600 -6.7200 -42.7200
-14.1600 -7.7400 -42.0600
-14.2800 -7.5600 -41.5800
-13.9800 -7.6200 -41.6400
-14.2800 -8.4600 -41.4600
-14.2800 -8.6400 -41.4000
-14.5200 -8.7000 -42.4800
-14.1600 -9.1200 -42.7200
-13.5600 -9.3000 -43.6200
-14.1000 -9.8400 -42.2400
-14.5200 -10.0200 -41.7000
-14.6400 -9.6600 -41.9400
-14.4600 -8.8800 -42.5400
-13.8000 -8.7000 -42.1800
-13.2000 -8.6400 -42.4200
-12.3600 -8.6400 -42.3600
-12.6000 -9.1200 -42.7200
-12.5400 -8.2200 -42.1200
-13.0800 -7.9800 -42.1800
-12.8400 -6.7200 -42.9000
-13.1400 -6.8400 -42.6000
-13.0800 -6.3000 -42.7200
-12.5400 -6.4200 -43.1400
-12.0600 -6.9000 -43.0200
-11.6400 -7.1400 -42.6000
-11.8800 -7.4400 -42.2400
-12.4800 -7.2600 -42.9000
-12.6000 -7.0800 -42.8400
-13.0800 -7.4400 -42.4200
-13.3200 -7.7400 -42.3000
-12.9600 -7.9200 -42.2400
-12.8400 -7.9200 -41.9400
-12.9000 -8.6400 -42.4200
-13.0200 -9.3600 -41.9400
-12.9600 -9.7800 -42.1800
-13.7400 -9.7200 -42.2400
-14.8200 -10.5600 -41.6400
-14.9400 -10.4400 -41.4000
-14.8200 -10.8000 -41.4000
-14.5200 -11.2200 -41.2800
-14.3400 -11.3400 -41.3400
-13.9200 -10.8600 -41.1600
-13.3200 -10.6800 -40.8600
-12.6600 -10.9200 -40.9200
-12.4200 -11.1000 -41.4600
-12.9000 -10.3800 -42.7200
-13.0200 -9.8400 -42.3000
-13.0800 -9.1800 -42.8400
-12.9600 -7.9800 -43.6800
-11.7600 -6.5400 -43.4400
-10.8600 -5.2200 -43.2000
-10.8000 -5.1600 -43.4400
-10.5600 -4.5600 -43.8000
-10.2000 -4.6200 -44.2800
-10.6200 -4.1400 -44.1000
-10.6200 -3.6600 -43.5000
-9.9600 -3.3600 -43.0800
-9.8400 -3.2400 -43.5000
-9.7800 -2.8200 -43.0200
-9.8400 -2.8800 -43.0200
-10.8000 -2.4600 -44.1600
-11.2800 -1.9200 -44.2200
-11.6400 -1.6800 -44.3400
-11.2800 -2.8800 -43.8600
-11.4000 -3.0000 -43.5000
-10.7400 -3.4800 -43.6800
-9.8400 -4.3800 -43.3800
-10.0800 -5.0400 -43.9800
-10.3200 -5.5800 -43.9800
-10.7400 -5.9400 -44.6400
-10.9800 -7.1400 -44.4600
-11.4000 -7.2600 -45.0000
-10.6800 -7.0800 -45.3000
-10.9800 -7.0800 -44.8200
-10.1400 -6.2400 -43.5600
-10.1400 -5.6400 -43.6200
-10.7400 -3.8400 -44.7600
-10.7400 -2.1000 -44.8200
-10.3200 -1.6200 -44.7600
-9.3600 -1.3200 -45.3000
-8.8800 -1.6800 -44.7600
-8.7000 -1.9800 -45.7200
-8.2800 -2.2200 -46.0200
-8.5800 -2.2800 -46.1400
-8.1600 -2.8200 -44.6400
-7.7400 -3.5400 -43.8000
-8.8200 -4.6200 -44.2800
-9.4800 -5.4000 -43.9200
-9.8400 -5.6400 -44.5200
-9.9000 -5.8200 -44.7000
-9.6600 -6.1200 -44.6400
-9.7200 -6.3000 -44.2200
-10.6200 -6.7200 -44.3400
-10.6200 -7.3200 -44.7000
-10.3800 -6.5400 -44.7600
-10.6800 -6.1200 -44.4000
-11.8800 -5.6400 -44.3400
-12.7200 -4.5000 -44.5200
-13.0200 -3.7200 -44.4000
-13.3200 -3.3000 -44.3400
-14.2800 -2.2200 -44.6400
-14.1000 -1.9800 -44.7000
-13.5000 -1.6200 -44.3400
-13.0200 -1.5000 -44.2800
-13.0200 -1.6200 -44.6400
-13.6200 -1.9200 -45.0000
-13.4400 -1.9200 -44.5200
-12.9600 -1.8600 -44.6400
-12.0600 -1.8600 -43.9200
-12.1800 -1.8000 -43.2600
-12.3000 -1.9800 -44.6400
-12.6000 -1.6200 -44.8200
-12.6600 -1.8600 -45.0600
-12.3000 -4.0200 -44.0400
-12.0600 -4.6800 -43.3800
-11.2800 -4.0800 -43.0200
-11.5200 -4.2600 -43.3200
-11.5200 -4.2000 -44.0400
-11.0400 -4.5000 -45.2400
-10.2000 -4.3800 -44.8800
-11.0400 -4.5600 -44.7000
-11.6400 -4.4400 -45.2400
-11.4000 -3.9000 -44.7600
-11.7000 -3.3600 -44.8800
-10.8000 -2.8200 -45.9600
-9.6000 -2.4600 -46.1400
-9.1800 -1.0800 -46.1400
-8.7000 -0.6600 -45.9600
-7.8000 0.0000 -46.2600
-7.1400 0.0600 -46.1400
-7.2000 0.3000 -46.5000
-7.3200 0.3600 -45.9000
-7.1400 1.7400 -46.0200
-7.1400 2.3400 -46.6200
-6.9000 1.3800 -46.7400
-6.1200 0.5400 -46.9800
-5.1000 -0.1800 -46.4400
-5.1000 -0.4200 -45.7200
-5.1000 -0.6000 -45.2400
-5.8800 -0.9600 -45.4800
-5.9400 -1.2000 -45.7800
-6.3000 -1.4400 -45.8400
-6.5400 -1.6200 -46.4400
-6.7200 -1.7400 -45.4200
-7.4400 -2.1600 -45.4800
-7.6800 -2.1600 -45.9000
-7.6800 -2.2800 -45.3000
-7.6800 -2.2200 -45.0000
-7.3800 -2.5200 -44.5200
-7.3200 -2.4600 -44.6400
-8.2200 -2.1000 -45.6600
-8.2200 -2.1000 -46.3800
-7.7400 -1.9200 -46.0200
-8.2800 -1.7400 -45.6000
-7.7400 -1.4400 -45.2400
-7.4400 -1.5000 -44.8800
-6.9000 -0.0600 -44.9400
-6.5400 0.4800 -44.8200
-6.0000 0.6000 -44.9400
-5.6400 0.5400 -45.1800
-4.7400 1.2600 -45.0000
-4.5000 1.7400 -44.4600
-4.8600 2.4600 -45.6600
-4.5000 2.8200 -45.9600
-3.4800 3.3000 -45.5400
-2.2200 3.3000 -45.0000
-2.4000 3.4200 -44.7000
-3.2400 3.4200 -45.5400
-2.9400 3.4200 -45.4800
-3.1200 3.1800 -46.1400
-1.2600 3.2400 -45.9600
-0.6600 2.8800 -44.2800
-0.6600 2.4600 -43.3200
-0.1800 3.0000 -44.0400
0.0000 2.8800 -44.2200
0.4800 2.8800 -44.7000
0.6600 2.5200 -43.8600
0.0600 2.7000 -43.8000
-0.7800 3.0600 -43.9200
-1.9800 3.3000 -42.9600
-1.8600 3.4200 -43.0800
-1.4400 3.5400 -43.0800
-1.4400 3.7800 -43.3800
-2.4000 4.1400 -42.6000
-1.8600 5.1600 -42.7800
-2.5200 5.8200 -44.0400
-3.4200 6.5400 -44.6400
-3.1200 7.2000 -44.7600
-3.2400 7.7400 -45.0600
-3.6600 7.1400 -45.0000
-4.2000 7.0200 -45.0000
-3.7200 7.0800 -44.1000
-3.9000 7.8600 -43.9200
-4.6200 7.6800 -44.4600
-4.1400 7.3200 -44.7000
-4.4400 7.3200 -44.7000
-4.0200 7.4400 -45.0000
-4.6800 7.8600 -45.1200
-5.1000 7.6800 -44.7600
-5.6400 7.5000 -44.7000
-6.3600 7.5000 -44.8800
-6.7800 7.8600 -44.5200
-6.9000 7.3200 -43.6200
-7.5000 7.0200 -43.2600
-8.4000 6.7800 -43.9200
-9.8400 6.6000 -44.2800
-10.7400 6.0000 -44.0400
-10.9800 5.4000 -43.6200
-11.1600 4.8600 -43.5600
-11.1000 3.7800 -43.4400
-10.9800 3.6000 -43.0200
-12.0000 3.3000 -42.8400
-13.3800 3.4200 -43.5000
-13.5000 3.2400 -42.9600
-14.4000 2.8200 -42.7800
-14.5800 3.1200 -42.6000
-14.9400 3.0000 -42.1800
-14.1000 3.1200 -42.3000
-14.0400 4.3800 -42.7200
-13.9200 4.1400 -41.7600
-13.6800 4.0200 -40.8000
-14.9400 3.7200 -40.8600
-15.2400 4.0200 -41.1000
-15.4800 4.1400 -41.7600
-15.2400 3.8400 -41.7000
-15.2400 3.7200 -41.2800
-15.4200 3.8400 -41.4000
-15.9000 4.5000 -41.6400
-15.8400 4.3800 -41.2200
-15.0600 3.9600 -41.7600
-15.4800 3.9600 -42.1800
-14.8200 2.8800 -41.5800
-14.2800 3.0000 -41.1600
-13.7400 2.9400 -41.3400
-13.3200 2.9400 -41.1600
-13.0200 3.0000 -41.4000
-12.2400 3.0600 -41.8800
-12.5400 3.3000 -42.6000
-12.7800 3.7200 -43.0800
-13.2600 3.6000 -43.2000
~G448
0.9308 -0.0745 0.9221
0.8215 -0.0464 0.9136
0.6620 -0.0366 0.8519
0.4934 -0.0171 0.7395
0.3370 0.0147 0.6014
0.2656 0.0904 0.4921
0.2595 0.1906 0.3931
0.3102 0.3097 0.2991
0.3712 0.3965 0.2349
0.4165 0.4246 0.2148
0.4916 0.4630 0.2166
0.5679 0.4911 0.2276
0.6406 0.4404 0.2752
0.6687 0.2889 0.3583
0.6303 0.0690 0.4689
0.5710 -0.0831 0.5373
0.3352 -0.3476 0.6240
0.1904 -0.3549 0.6185
0.0750 -0.2437 0.5465
-0.0118 -0.0666 0.3858
-0.0539 0.0605 0.2252
-0.0502 0.2370 0.0236
-0.0338 0.2364 0.0285
-0.0441 0.0929 0.1097
-0.0374 -0.1026 0.2074
-0.0331 -0.2859 0.2942
-0.0496 -0.4398 0.3547
-0.1156 -0.5699 0.4023
-0.1932 -0.6145 0.3620
-0.2305 -0.5583 0.2575
-0.2378 -0.3763 0.0749
-0.2414 -0.1753 -0.0791
-0.2353 -0.0006 -0.2025
-0.2042 0.1112 -0.2916
-0.1663 0.1546 -0.3313
-0.1205 0.1539 -0.3313
-0.0722 0.1454 -0.3222
0.0029 0.1240 -0.3100
0.1012 0.0904 -0.2764
0.2436 0.0434 -0.2232
0.4030 -0.0421 -0.1597
0.5172 -0.1295 -0.1237
0.5918 -0.1924 -0.1175
0.6113 -0.2492 -0.1157
0.6736 -0.5828 -0.0986
0.7756 -0.9371 -0.0656
0.9216 -1.2003 -0.0485
1.0334 -1.2620 -0.0876
1.1208 -1.1948 -0.1860
1.1141 -1.0238 -0.2843
1.0218 -0.8149 -0.3820
0.9174 -0.6420 -0.4633
0.8337 -0.5388 -0.5116
0.7365 -0.4985 -0.5732
0.6645 -0.5339 -0.6227
0.6248 -0.5821 -0.6496
0.5875 -0.6579 -0.6704
0.5160 -0.8503 -0.7113
0.5001 -0.8485 -0.7156
0.4580 -0.8454 -0.6826
0.3651 -0.8803 -0.6099
0.2136 -0.9578 -0.5262
0.1006 -0.9865 -0.4865
-0.0069 -0.9694 -0.4609
-0.0967 -0.9230 -0.4291
-0.1688 -0.9303 -0.3894
-0.2384 -1.0116 -0.3704
-0.2671 -1.0708 -0.4016
-0.2439 -1.0440 -0.4474
-0.2005 -0.9792 -0.4651
-0.1370 -0.8809 -0.4590
-0.0845 -0.7624 -0.4761
0.0096 -0.6041 -0.5360
0.1098 -0.4099 -0.6166
0.1410 -0.3030 -0.6740
0.1122 -0.2297 -0.7131
0.0457 -0.1723 -0.7498
-0.0625 -0.1820 -0.7779
-0.1840 -0.1527 -0.7754
-0.2940 -0.0311 -0.7590
-0.4540 0.2193 -0.7443
-0.7503 0.3543 -0.7040
-1.2011 0.2670 -0.6533
-1.5933 0.2279 -0.6740
-1.7924 0.2749 -0.7742
-1.7704 0.3818 -0.9129
-1.5854 0.5767 -0.9648
-1.3856 0.7257 -0.8842
-1.0435 0.8503 -0.6154
-0.7057 0.7673 -0.2788
-0.5408 0.4899 -0.0339
-0.5108 0.3794 0.0340
-0.4540 -0.1936 0.1903
-0.4485 -0.3989 0.1402
-0.4357 -0.3934 0.0523
-0.4565 -0.2755 -0.0051
-0.5053 -0.1307 -0.0565
-0.5316 -0.0910 -0.0833
-0.4553 -0.0122 -0.1627
-0.2531 0.0684 -0.2153
-0.0631 0.0709 -0.2446
0.1074 0.0281 -0.2580
0.2136 -0.0269 -0.2678
0.2772 -0.0507 -0.2849
0.3108 -0.0641 -0.2984
0.3334 -0.1252 -0.3344
0.3651 -0.2529 -0.3875
0.4024 -0.2785 -0.3924
0.4690 -0.3073 -0.3631
0.5252 -0.3347 -0.3430
0.6217 -0.3115 -0.3204
0.6791 -0.2828 -0.3344
0.6755 -0.2810 -0.3863
0.6223 -0.3036 -0.4517
0.5533 -0.3256 -0.5329
0.4507 -0.3909 -0.6294
0.2136 -0.4887 -0.7535
0.0347 -0.5033 -0.8170
-0.1132 -0.4539 -0.8207
-0.2127 -0.3470 -0.7235
-0.2848 -0.2352 -0.5879
-0.3319 -0.1735 -0.4554
-0.3642 -0.1032 -0.2696
-0.3484 -0.1136 -0.1304
-0.2793 -0.2669 0.0352
-0.1578 -0.4942 0.2074
-0.0545 -0.5174 0.2832
0.0273 -0.4062 0.2826
0.0854 -0.2755 0.2465
0.0646 -0.0715 0.1720
-0.0362 -0.0128 0.1653
-0.2305 -0.0275 0.1763
-0.5053 -0.1234 0.1518
-0.7179 -0.1869 0.0883
-0.8474 -0.1790 0.0230
-0.6202 0.8289 -0.1817
-0.4516 0.9065 -0.1365
-0.3655 0.6860 -0.0809
-0.3966 0.3018 -0.0064
-0.4333 0.0244 0.0242
-0.3868 -0.1894 0.0566
-0.2958 -0.1930 0.0303
-0.1663 -0.0709 -0.0045
-0.0319 0.0990 0.0022
0.2222 0.3916 0.0938
0.4885 0.4184 0.1573
0.6235 0.2028 0.1842
0.6694 -0.0904 0.1995
0.6577 -0.3842 0.2038
0.6486 -0.5168 0.1934
0.6724 -0.5693 0.0718
0.7005 -0.5901 -0.0467
0.7701 -0.5479 -0.1566
0.8563 -0.4869 -0.2379
0.8728 -0.4985 -0.3155
0.7909 -0.5913 -0.4541
0.7023 -0.6066 -0.5494
0.5789 -0.5583 -0.6502
0.4757 -0.5223 -0.7089
0.2851 -0.4966 -0.7724
0.1037 -0.4985 -0.8152
-0.1028 -0.4759 -0.8542
-0.2683 -0.3714 -0.8793
-0.2799 -0.2902 -0.8811
-0.1914 -0.1716 -0.8414
-0.1199 -0.1490 -0.8023
-0.0832 -0.1839 -0.7535
-0.1553 -0.1539 -0.7192
-0.2195 0.0214 -0.6863
-0.3221 0.2376 -0.6313
-0.5115 0.3971 -0.5378
-1.0209 0.3543 -0.4303
-1.5090 0.1912 -0.5464
-1.8431 0.2260 -0.7712
-1.9366 0.4746 -0.9715
-1.8383 0.6329 -0.9990
-1.6483 0.6475 -0.8988
-1.4235 0.5394 -0.7101
-1.1510 0.4368 -0.5531
-0.7613 0.2853 -0.4083
-0.5658 0.1961 -0.3161
-0.4559 0.1326 -0.2342
-0.3178 0.0580 -0.1096
-0.1688 0.0544 -0.0210
-0.0967 0.0501 -0.0039
0.2546 0.0593 0.0847
0.5429 0.0202 0.1390
0.7194 -0.0507 0.1616
0.8825 -0.2022 0.1653
0.9607 -0.3677 0.1274
0.9772 -0.5015 0.0834
0.9430 -0.6719 0.0376
0.9302 -0.7752 0.0138
0.9363 -0.7960 0.0089
0.8887 -0.8833 -0.0381
0.7677 -0.8967 -0.0736
0.6138 -0.8412 -0.1206
0.4476 -0.6011 -0.2098
0.3401 -0.3726 -0.3301
0.2552 -0.2566 -0.4700
0.1599 -0.1943 -0.6130
0.0585 -0.2150 -0.7150
-0.0069 -0.3128 -0.7302
-0.0283 -0.4722 -0.7247
0.0176 -0.5437 -0.7180
0.1293 -0.5852 -0.6704
0.2314 -0.5956 -0.6191
0.3725 -0.5064 -0.5372
0.3957 -0.4227 -0.5006
0.3144 -0.3964 -0.4993
0.1868 -0.3610 -0.5042
-0.0637 -0.1863 -0.4896
-0.0185 -0.0550 -0.4578
-0.1058 -0.2572 -0.4554
-0.4345 -0.6988 -0.4315
-0.9140 -1.0397 -0.4835
-1.0527 -1.0036 -0.5678
-1.2127 -0.7862 -0.7614
-1.3636 -0.2004 -1.0430
-1.3416 0.1008 -1.0338
-1.2414 0.2053 -0.9159
-1.0844 0.1625 -0.7877
-0.7631 -0.1307 -0.6313
-0.5121 -0.4087 -0.5109
-0.2366 -0.5815 -0.4047
-0.1089 -0.5638 -0.3973
-0.0338 -0.4826 -0.4126
0.0066 -0.3567 -0.4566
0.0316 -0.2474 -0.5354
0.0567 -0.2004 -0.5940
0.1373 -0.2089 -0.6325
0.2185 -0.2773 -0.6337
0.2973 -0.3855 -0.6240
0.3554 -0.5437 -0.5781
0.4012 -0.7336 -0.4932
0.4348 -0.8234 -0.4291
0.4775 -0.8509 -0.4193
0.5252 -0.8063 -0.4499
0.5533 -0.7428 -0.4963
0.5557 -0.6475 -0.6032
0.5356 -0.6286 -0.6740
0.4855 -0.6432 -0.7394
0.4201 -0.6915 -0.7816
0.4061 -0.7007 -0.7846
0.3083 -0.6884 -0.7791
0.2619 -0.6359 -0.7779
0.1892 -0.6274 -0.7742
0.0652 -0.6054 -0.7730
-0.1309 -0.5595 -0.8078
-0.3459 -0.4624 -0.8909
-0.4455 -0.3293 -0.9343
-0.5316 -0.1936 -0.9691
-0.5835 -0.1454 -0.9605
-0.6978 -0.0959 -0.8860
-0.7601 -0.0843 -0.8115
-0.7986 -0.0941 -0.6649
-0.7766 -0.1490 -0.4902
-0.7295 -0.3060 -0.2128
-0.7216 -0.3958 -0.0723
-0.7448 -0.4355 -0.0620
-0.8010 -0.4710 -0.0852
-0.9953 -0.1863 -0.1921
-0.9800 -0.0599 -0.1744
-0.8932 -0.0257 -0.0723
-0.7222 -0.0287 0.0908
-0.5487 -0.0287 0.1732
-0.2469 -0.0702 0.2423
-0.0924 -0.0812 0.2453
0.0426 -0.0806 0.2355
0.1135 -0.0476 0.2288
0.1556 0.0006 0.2160
0.1972 0.0623 0.1940
0.2417 0.0874 0.1812
0.3218 0.0342 0.1537
0.3841 -0.0904 0.1366
0.4256 -0.2199 0.1335
0.4788 -0.4050 0.1580
0.5753 -0.5095 0.2636
0.5808 -0.5095 0.2710
0.6639 -0.4557 0.2905
0.7036 -0.3775 0.2661
0.7078 -0.3189 0.2386
0.6449 -0.3311 0.1628
0.5221 -0.4319 0.0382
0.4384 -0.5052 -0.0485
0.2924 -0.5589 -0.2361
0.2448 -0.5046 -0.3509
0.2662 -0.3134 -0.4902
0.2973 -0.2028 -0.5250
0.3303 -0.0525 -0.5103
0.3383 0.1423 -0.4175
0.3438 0.2486 -0.3869
0.3389 0.3012 -0.3894
0.3157 0.2749 -0.3808
0.2045 0.1136 -0.3478
0.0890 -0.0250 -0.3179
-0.2213 -0.2083 -0.2086
-0.4094 -0.2132 -0.1127
-0.4540 -0.0806 -0.0784
-0.4119 0.0794 -0.0449
-0.2469 0.3427 0.0340
-0.0545 0.5828 0.1140
0.0866 0.6255 0.2777
-0.0057 0.3818 0.3339
-0.4162 -0.2688 0.2917
-0.6636 -0.4771 0.1561
-0.8505 -0.3347 -0.0791
-0.8645 -0.1258 -0.1976
-0.7747 0.1692 -0.2587
-0.5029 0.5498 -0.1854
-0.3978 0.5944 -0.1340
-0.1730 0.4795 -0.0699
-0.0979 0.3708 -0.0644
0.0108 0.1265 -0.0528
0.0334 -0.0189 -0.0558
0.0286 -0.1075 -0.0656
0.0237 -0.1185 -0.0626
0.0719 -0.1228 -0.0351
0.1232 -0.1460 -0.0125
0.2295 -0.1906 0.0315
0.3370 -0.2059 0.0468
0.4305 -0.2095 0.0370
0.4653 -0.2126 0.0297
0.5594 -0.2327 -0.0137
0.6932 -0.3231 -0.0931
0.7005 -0.3885 -0.1139
0.6009 -0.5198 -0.1585
0.5001 -0.5785 -0.1970
0.3034 -0.5864 -0.2727
0.1929 -0.5809 -0.3442
0.1190 -0.5870 -0.4089
0.0817 -0.5247 -0.4462
0.0890 -0.4300 -0.4676
0.1489 -0.1075 -0.4828
0.1648 0.0660 -0.4743
0.1513 0.3684 -0.4480
0.0799 0.5302 -0.4309
0.0597 0.5528 -0.4242
-0.2017 0.6903 -0.3839
-0.3899 0.6512 -0.3301
-0.5145 0.5681 -0.2690
-0.9733 0.0684 -0.0528
-1.2726 -0.1637 -0.0021
-1.3111 -0.0177 -0.0784
-1.2701 0.2615 -0.2196
-1.1522 0.6420 -0.3790
-0.9708 0.9413 -0.3888
-0.8792 0.8711 -0.2690
-0.8560 0.8112 -0.2214
-0.7808 0.2645 0.0993
-0.7735 -0.0965 0.2484
-0.7698 -0.3128 0.3540
-0.6153 -0.2456 0.4597
-0.4174 -0.0696 0.4958
-0.3086 0.0263 0.5025
-0.1571 0.1185 0.5007
-0.1382 0.0904 0.4921
-0.1584 -0.0128 0.4371
-0.2292 -0.1362 0.3809
-0.3410 -0.3305 0.3033
-0.3600 -0.3500 0.2685
-0.2421 -0.1032 -0.1750
-0.1101 0.0800 -0.1346
0.0243 0.1252 -0.1334
0.1629 0.0770 -0.1395
0.3334 0.0116 -0.1444
0.7506 0.1808 -0.1065
0.9931 0.4783 -0.0888
1.0762 0.6103 -0.0797
1.1800 0.7508 -0.0491
1.1971 0.7666 -0.0332
1.0511 -0.3897 0.2074
0.8709 -0.8668 0.3449
0.7622 -0.6793 0.4005
0.5686 -0.4245 0.3760
0.3603 -0.1527 0.2655
0.1416 0.1808 0.1079
-0.3050 0.3164 -0.0375
-0.7295 -0.0391 -0.0436
-1.0667 -0.3671 -0.0461
-1.4265 -0.5626 -0.1915
-1.5786 -0.4887 -0.4328
-1.5866 -0.2474 -0.6527
-1.5096 0.0617 -0.8219
-1.4809 0.1393 -0.8494
-0.6324 0.8491 -0.5812
-0.3655 0.8180 -0.3558
-0.1767 0.6775 -0.1811
-0.0307 0.5467 -0.0546
0.1092 0.4398 0.0547
0.3248 0.3415 0.1506
0.3743 0.3170 0.1573
0.6895 0.1222 0.1720
0.7726 0.0232 0.1433
0.8190 -0.0562 0.1140
0.8441 -0.2120 0.0168
0.8306 -0.2993 -0.0852
0.7921 -0.4050 -0.2587
0.6626 -0.5119 -0.6447
0.5679 -0.4893 -0.8384
0.4592 -0.4588 -0.9526
0.3981 -0.4465 -0.9801
0.3273 -0.4074 -0.9550
0.2576 -0.3439 -0.8811
0.0640 -0.2584 -0.5830
-0.0991 -0.3134 -0.4138
-0.2133 -0.3885 -0.3430
-0.3887 -0.5589 -0.2806
-0.4443 -0.6041 -0.2678
-0.7466 -0.8436 -0.2202
-1.0374 -1.1228 -0.1566
-1.1858 -1.1979 -0.1719
-1.2054 -1.1179 -0.3124
-1.1956 -1.0831 -0.3539
-1.0405 -0.4746 -0.7418
-0.9928 -0.2242 -0.7858
-0.9195 -0.0030 -0.7498
-0.8138 0.1429 -0.6563
-0.6416 0.2651 -0.4773
-0.4485 0.3128 -0.2776
-0.0374 0.3305 0.1299
0.1440 0.2914 0.3174
0.3236 0.1637 0.5599
0.3389 0.1326 0.5929
0.3395 0.0916 0.5874
0.3419 0.0874 0.5819
0.3291 0.0403 0.4469
0.3236 0.0037 0.3699
0.3150 -0.0287 0.2838
0.3150 -0.0458 0.2313
0.3309 -0.0635 0.1763
0.3370 -0.0623 0.1592
0.3945 -0.0275 -0.0699
0.3700 0.0159 -0.1603
0.3505 0.0299 -0.1921
0.3059 0.1478 -0.3313
0.3548 0.2505 -0.4095
0.3706 0.2889 -0.4071
0.4714 0.6066 -0.2861
0.4617 0.7630 -0.1047
0.3700 0.7324 0.0541
0.2485 0.5669 0.2227
0.0218 0.0703 0.4200
-0.2390 -0.4471 0.5892
-0.3771 -0.6304 0.6589
-0.4302 -0.5974 0.6747
-0.3416 0.0800 0.5575
-0.2305 0.6414 0.3565
