D10
~A92
-0.9936 3.7470 8.4949
-0.9338 3.8213 6.9003
-1.0966 3.7351 6.8740
-1.2354 3.6345 6.9626
-1.2642 3.4909 7.1924
-1.2881 3.2682 7.3696
-1.2833 3.1078 7.5994
-1.1947 2.9737 7.7814
-1.0798 2.8779 7.9250
-1.0439 2.7965 8.0424
-1.0511 2.6744 8.0448
-1.0726 2.5619 7.9514
-1.0822 2.4206 7.7144
-1.0415 2.3153 7.4701
-0.9409 2.2291 7.1230
-0.7710 2.1884 6.8093
-0.5770 2.1094 6.5579
-0.4789 1.9944 6.3831
-0.4262 1.9322 6.2730
-0.4429 1.8963 6.0336
-0.5555 1.8412 5.7439
-0.6896 1.8819 5.6265
-0.8691 1.8819 5.6672
-0.9817 1.9178 5.8708
-1.1660 1.9106 6.2898
-1.2738 1.9298 6.7040
-1.3097 1.8627 7.0775
-1.2450 1.7526 7.3935
-1.1181 1.5994 7.7982
-0.9122 1.4078 8.1836
-0.5770 1.3791 8.5021
-0.2131 1.4078 8.7223
0.0479 1.4126 8.9187
0.0168 1.3983 8.9977
0.0144 1.4892 9.2275
0.0479 1.5659 9.5220
0.1030 1.6544 9.8093
0.1939 1.7861 10.0296
0.2227 1.8460 10.0775
0.2634 1.9034 10.0655
0.2825 1.9968 10.1541
0.3256 2.0926 10.2188
0.3711 2.0878 10.4055
0.4382 2.1453 10.5803
0.5435 2.2291 10.7814
0.6560 2.2913 10.8916
1.1157 2.3560 11.4662
1.2618 2.3464 11.9091
1.2905 2.3344 12.0073
1.2043 2.2458 12.5077
1.1085 2.2003 12.6466
1.0271 2.1501 12.4598
0.9218 2.1644 12.1270
0.8045 2.1381 11.8397
0.7111 2.1189 11.6673
0.6321 2.0782 11.6314
0.7063 1.9154 11.8517
0.7494 1.7430 12.1916
0.8260 1.6329 12.3999
0.8907 1.5850 12.4909
0.9553 1.6544 12.4790
1.0343 1.6712 12.4814
1.0176 1.6401 12.5221
0.9721 1.5252 12.5221
0.6584 1.4414 12.4718
0.3831 1.3959 12.3545
0.2011 1.4725 12.2204
0.2370 1.7023 12.0695
0.3017 2.0160 11.8469
0.3472 2.4733 11.4973
0.4190 2.9066 11.2459
0.3974 3.3711 11.0017
0.3783 3.8476 10.5109
0.4214 4.1110 10.0607
0.4765 4.4174 9.5843
0.4046 4.5515 9.3856
0.3424 4.4438 9.6729
0.4405 4.3265 10.0775
0.6177 4.1158 10.4702
0.8667 3.9314 10.6761
0.8212 3.8380 11.0352
0.8356 3.6800 11.6817
0.7255 3.3304 12.1198
0.4932 3.0455 12.2778
0.1891 2.9210 11.9929
-0.0048 2.9210 11.6266
-0.2490 3.0168 10.2954
-0.1915 3.1150 9.6226
-0.1341 3.3304 8.5763
-0.4789 3.2897 8.1453
-0.8739 3.2442 8.3010
-1.2857 3.0527 8.9091
~M92
-12.6000 -22.5600 -33.0600
-12.6600 -22.8000 -32.8200
-13.4400 -23.2200 -32.5200
-13.4400 -23.1600 -32.1000
-13.0800 -22.9200 -31.5000
-12.6600 -23.5200 -30.9000
-13.3200 -23.7000 -31.8600
-14.5200 -23.2200 -32.8200
-14.7600 -22.8000 -32.3400
-14.5200 -22.7400 -31.9800
-14.4000 -22.6200 -32.2800
-14.1600 -22.7400 -32.4000
-14.6400 -22.3800 -32.2800
-15.6000 -21.8400 -31.9800
-16.2600 -22.0800 -31.9800
-16.4400 -22.0800 -32.1600
-15.6000 -21.9600 -31.6200
-15.4800 -21.3600 -31.3200
-16.3200 -21.6000 -31.3200
-15.9000 -21.7800 -31.9200
-16.0800 -21.1800 -32.6400
-16.4400 -21.0600 -31.5600
-16.1400 -20.7600 -30.8400
-16.0800 -21.1200 -30.1800
-17.3400 -19.8600 -31.9200
-18.1800 -19.3200 -33.9600
-18.2400 -19.6800 -33.5400
-17.6400 -19.8000 -32.5200
-17.5800 -19.3800 -33.3000
-17.9400 -18.9000 -34.3800
-18.6600 -18.4200 -34.1400
-18.6000 -18.4200 -34.0200
-19.2000 -18.2400 -34.8000
-19.3800 -18.3000 -34.9800
-19.3200 -18.6000 -34.8000
-18.9000 -18.4200 -34.5000
-19.0200 -17.5800 -34.9800
-18.7800 -17.5800 -34.9200
-18.9600 -17.5800 -34.8600
-18.0600 -17.5800 -35.0400
-17.5200 -17.8200 -34.3800
-17.6400 -17.7600 -34.2000
-17.1000 -18.0000 -34.5600
-16.6800 -17.8800 -34.6800
-16.5600 -17.8200 -34.7400
-16.5000 -17.6400 -34.5000
-16.5600 -16.9800 -34.6800
-17.2200 -16.5000 -35.9400
-17.0400 -15.8400 -35.8800
-16.3200 -15.7200 -35.3400
-15.9000 -16.3200 -34.5600
-15.4800 -16.6200 -34.5000
-16.3800 -17.1000 -35.2200
-16.1400 -17.4600 -35.3400
-14.6400 -17.4600 -35.3400
-14.7000 -17.1000 -34.9200
-14.3400 -17.7600 -34.3200
-13.8000 -18.5400 -33.0000
-13.6800 -18.5400 -32.6400
-13.2000 -18.8400 -33.0000
-12.6600 -18.8400 -32.7600
-12.1200 -18.7800 -32.2200
-12.4800 -19.2000 -32.4600
-12.9600 -19.8000 -32.8800
-12.6000 -19.6200 -32.5800
-12.5400 -20.2800 -32.2800
-12.4200 -21.6600 -31.4400
-12.9000 -22.0800 -31.6800
-12.4800 -22.3800 -31.5000
-12.4800 -22.2600 -30.8400
-12.4200 -22.6200 -30.3000
-12.3600 -22.7400 -30.0000
-11.4600 -23.2200 -30.5400
-12.3600 -22.9200 -31.5600
-12.6600 -22.9200 -32.2200
-12.3600 -22.9200 -32.7000
-12.5400 -22.9200 -32.4600
-12.2400 -22.9200 -32.2200
-12.4800 -23.6400 -31.3200
-12.4200 -24.2400 -30.9000
-12.4800 -24.3600 -30.7800
-13.0200 -24.1800 -31.5000
-12.6000 -24.5400 -31.5000
-12.4800 -24.7800 -31.3200
-12.1200 -24.7800 -30.9600
-11.9400 -24.4200 -31.0800
-12.0000 -24.6000 -31.5600
-11.5800 -24.6000 -31.6800
-11.4600 -24.0600 -31.9200
-10.3200 -23.3400 -32.6400
-10.3200 -23.2800 -32.4600
-11.7000 -22.9800 -32.8800
~G92
0.0802 -0.2992 -0.1952
-0.0010 -0.2992 -0.1775
-0.0976 -0.2913 -0.1622
-0.1892 -0.2980 -0.1476
-0.2405 -0.3170 -0.1243
-0.2521 -0.3249 -0.0798
-0.2387 -0.3475 -0.0352
-0.2124 -0.3903 0.0021
-0.1812 -0.4672 0.0412
-0.1305 -0.5265 0.0840
-0.0841 -0.5393 0.1218
-0.0731 -0.5149 0.1395
-0.1037 -0.4917 0.1530
-0.1428 -0.4104 0.1768
-0.1837 -0.3286 0.2245
-0.2185 -0.3011 0.2715
-0.2319 -0.2889 0.3063
-0.2240 -0.2650 0.3344
-0.2155 -0.2137 0.3534
-0.2246 -0.1820 0.3643
-0.2405 -0.2094 0.3741
-0.2649 -0.2424 0.3821
-0.2906 -0.2852 0.3851
-0.3260 -0.3432 0.3967
-0.3706 -0.3585 0.4065
-0.3865 -0.3554 0.4144
-0.5386 -0.2076 0.4254
-0.5795 -0.1465 0.4004
-0.5783 -0.1080 0.3741
-0.5050 -0.0225 0.2880
-0.3419 0.1027 0.2245
-0.2429 0.1400 0.2031
-0.1531 0.1516 0.1896
-0.1079 0.1119 0.1738
-0.1104 0.0758 0.1622
-0.1257 0.0380 0.1554
-0.1354 -0.0103 0.1597
-0.1110 -0.0231 0.1591
-0.0707 -0.0231 0.1481
-0.0444 0.0172 0.1395
-0.0426 0.0917 0.1377
-0.0646 0.1797 0.1371
-0.0945 0.2603 0.1176
-0.0872 0.3605 0.0821
-0.0145 0.4692 0.0534
0.0875 0.5340 0.0772
0.2054 0.5395 0.1267
0.3746 0.4863 0.2080
0.4846 0.4466 0.2532
0.6233 0.4100 0.3069
0.6880 0.3709 0.3228
0.7137 0.3916 0.3198
0.6837 0.4393 0.2831
0.5622 0.3984 0.2055
0.3966 0.3373 0.0760
0.1834 0.2707 -0.0712
-0.1232 0.1027 -0.1879
-0.4024 -0.0378 -0.2520
-0.6461 -0.0799 -0.3003
-0.8141 -0.1062 -0.3565
-0.9002 -0.1331 -0.4359
-0.9283 -0.1575 -0.4951
-0.8367 -0.2003 -0.5196
-0.5392 -0.1471 -0.5348
-0.2277 -0.0207 -0.5300
0.1108 0.1552 -0.5031
0.3386 0.3006 -0.4567
0.4150 0.3880 -0.4316
0.3148 0.4808 -0.4414
0.1303 0.4607 -0.4200
-0.0059 0.3892 -0.3687
-0.0927 0.2395 -0.2154
-0.0420 0.1534 -0.0840
0.0393 0.1534 -0.0449
0.2189 0.0868 -0.0052
0.2684 0.1326 0.0253
0.2989 0.1565 0.0559
0.3618 0.1522 0.0968
0.3942 0.1675 0.0925
0.3691 0.2273 0.0217
0.2665 0.2597 -0.0736
0.1443 0.2970 -0.1176
0.0949 0.3440 -0.1213
0.1443 0.3733 -0.0999
0.2604 0.3703 -0.0504
0.4791 0.2939 0.0925
0.6410 0.1711 0.2116
0.7039 0.0990 0.2617
0.8768 -0.0427 0.3094
0.9666 -0.0213 0.2770
1.0099 0.0734 0.2403
0.9947 0.1210 0.1951
