D10
~A99
-2.9641 4.1732 9.5005
-2.8588 4.1565 8.2602
-2.8444 4.0918 7.8772
-2.9378 4.1086 7.8652
-3.0096 3.9362 7.9059
-3.1604 3.6944 7.9849
-3.2586 3.5483 8.1286
-3.1580 3.3735 8.4470
-2.9019 3.3687 8.6912
-2.5834 3.3711 8.9139
-2.3440 3.3065 9.1054
-2.1740 3.2754 9.0767
-1.9418 3.4573 9.0264
-1.7071 3.5531 9.1198
-1.6042 3.4813 9.2539
-1.6688 3.4358 9.1701
-1.8604 3.3903 8.8516
-2.0471 3.2897 8.4949
-2.0160 3.1748 8.2148
-2.0256 3.1509 8.0400
-2.0447 3.1580 7.8436
-2.0064 3.0934 7.6832
-1.8939 2.9809 7.4630
-1.7526 2.8779 7.0727
-1.6712 2.8492 6.6992
-1.4797 2.7343 6.5029
-1.2618 2.4781 6.4119
-1.0942 2.3129 6.2945
-1.0487 2.1405 6.0408
-1.0224 2.0543 5.8157
-1.0271 1.8675 5.6481
-0.9433 1.8149 5.5116
-0.7446 1.7718 5.4182
-0.4597 1.6760 5.2339
-0.2442 1.6520 5.0926
-0.0623 1.4988 4.9490
-0.0263 1.2331 4.8005
-0.0383 1.0894 4.6928
-0.0527 1.0774 4.5252
-0.1317 1.0415 4.4150
-0.2562 0.9481 4.4390
-0.2753 0.9074 4.4773
-0.3113 0.4501 5.1812
-0.5100 0.2801 5.4158
-1.0224 0.4453 5.8492
-0.9050 0.4812 6.1389
-0.6034 0.3591 6.4813
-0.3472 0.3160 6.8309
-0.2179 0.4429 7.6665
-0.3424 0.6273 8.3129
-0.6536 0.8404 9.1318
-0.9242 0.9745 9.4861
-1.2666 1.2307 9.9530
-1.5323 1.4054 10.4941
-1.6999 1.3767 11.1262
-1.7430 1.2235 12.0600
-1.5275 1.2690 12.8213
-0.8141 1.3935 13.9179
-0.1197 1.4294 14.9044
0.4836 1.3169 15.5341
0.8691 1.0655 15.8357
0.8093 0.8212 15.6346
0.3998 0.8907 14.9139
-0.0120 0.8955 13.6713
-0.3113 0.9362 12.3904
-0.6536 1.2019 11.1190
-0.9242 1.2761 10.3050
-0.8500 1.3121 10.3265
-0.6441 1.1684 10.9323
-0.3065 1.1493 11.6577
-0.1149 1.1277 12.3090
-0.0383 0.9529 12.6753
0.0215 0.9242 12.7735
0.1604 0.9673 12.4478
0.0718 0.9721 12.1270
-0.1820 0.9553 12.0193
-0.3041 0.8332 12.2276
-0.1724 0.6752 12.5029
0.0646 0.7662 12.8142
0.2873 0.9457 12.7902
0.7279 1.2546 12.4550
0.4765 1.3480 12.2587
-0.1868 1.3336 12.3904
-0.7255 1.3360 12.3473
-1.2522 1.8843 12.1366
-2.0136 2.5499 11.8924
-3.0240 3.3831 12.0073
-4.4462 4.4534 12.5149
-4.8293 4.8867 12.7974
-3.6058 4.7814 13.3361
-1.3623 4.9250 13.7838
1.3863 4.3241 14.6290
2.4589 3.2969 15.4024
1.8747 2.3440 15.8214
0.4142 2.3488 16.0752
-1.5180 2.6193 15.1246
-1.7622 2.4230 13.2284
-1.5874 2.0088 11.0759
-1.9058 1.7454 9.9315
~M99
-9.1800 -20.1000 -36.5400
-8.8800 -19.9800 -35.8200
-9.3600 -19.9800 -35.7600
-9.7800 -20.1600 -36.0600
-10.0800 -20.1000 -35.4000
-10.3800 -20.6400 -35.3400
-10.2000 -21.5400 -35.5200
-10.5600 -21.7800 -35.2200
-11.6400 -21.4200 -34.8000
-12.1200 -20.9400 -35.0400
-12.9600 -20.6400 -34.8600
-13.2600 -21.0600 -34.0200
-13.3800 -21.4200 -34.3800
-14.2200 -21.0000 -34.8600
-14.5800 -21.3000 -34.1400
-14.5200 -21.6600 -33.8400
-14.8200 -21.5400 -33.7800
-14.4000 -21.3600 -33.3600
-14.7000 -20.8200 -32.9400
-14.4600 -20.6400 -32.8800
-15.1200 -19.9800 -32.7600
-14.1600 -19.5600 -32.6400
-14.0400 -18.7200 -33.9000
-14.1600 -17.8800 -34.2600
-14.0400 -16.9200 -34.5600
-14.2200 -16.0200 -35.4000
-13.5000 -15.5400 -36.3600
-13.0200 -14.7600 -36.9600
-12.4200 -14.5800 -35.7000
-13.5000 -13.6200 -36.1200
-14.1000 -13.0200 -36.4200
-15.5400 -12.6600 -36.7800
-16.0200 -12.0000 -36.7800
-15.7800 -11.7600 -36.6000
-16.0800 -11.5800 -36.7200
-15.8400 -11.1000 -36.9000
-16.3800 -10.9800 -37.2000
-16.4400 -10.5000 -37.3800
-16.0800 -10.2600 -37.2000
-16.4400 -9.7200 -37.6800
-16.0800 -9.5400 -37.5000
-16.8000 -9.3000 -37.4400
-17.4600 -8.9400 -38.3400
-16.5600 -9.2400 -38.9400
-16.8000 -9.4200 -38.7000
-16.5600 -9.7200 -37.9800
-15.6600 -10.6800 -38.6400
-15.9600 -10.9200 -38.7600
-16.2600 -10.6800 -38.4600
-16.3200 -11.5200 -38.5800
-15.7800 -12.0000 -38.7000
-15.7200 -12.2400 -37.8600
-16.7400 -12.0000 -37.0200
-16.6800 -11.5200 -37.3200
-16.0200 -11.5200 -37.2000
-14.8200 -11.9400 -38.2200
-14.7000 -12.1800 -38.4000
-14.4000 -13.6200 -38.4000
-14.7600 -14.1000 -37.9800
-14.5200 -13.7400 -38.2200
-14.5800 -13.6200 -37.5600
-14.5800 -13.6800 -37.2000
-14.1600 -13.8600 -36.9000
-13.8600 -14.8200 -36.0000
-13.7400 -16.0800 -35.4600
-13.6800 -16.8600 -34.9200
-13.6800 -17.3400 -33.9000
-12.6000 -17.7600 -33.1200
-13.2000 -18.6000 -33.4800
-12.7200 -18.4200 -33.4800
-12.3000 -18.5400 -33.4800
-12.7800 -18.4800 -33.4200
-13.1400 -18.7200 -33.6600
-13.3800 -19.0800 -33.3600
-13.5000 -19.0200 -33.0000
-13.5000 -18.9000 -33.4200
-13.0800 -19.1400 -33.3600
-12.8400 -19.2600 -33.7800
-13.3800 -18.9000 -34.3800
-13.6200 -18.4800 -34.8600
-13.4400 -18.4200 -34.0800
-12.9000 -19.0800 -32.2800
-13.1400 -19.3200 -31.9200
-12.7800 -19.2000 -31.9800
-13.0800 -19.6800 -32.7600
-13.6800 -19.9200 -33.1800
-13.6800 -19.9800 -32.8800
-13.1400 -20.1000 -32.6400
-12.6600 -20.2800 -31.9800
-12.7800 -20.2200 -32.2800
-12.1800 -20.4000 -33.1200
-11.9400 -20.1600 -33.6600
-12.4800 -19.3800 -33.1200
-12.3000 -18.8400 -32.6400
-11.9400 -19.0800 -32.4600
-11.8800 -18.6600 -32.5800
-12.3000 -17.7600 -34.0800
-12.0600 -17.5200 -33.4200
-11.5200 -17.7600 -33.0600
~G99
0.2543 -0.5277 -0.0565
0.2519 -0.6768 -0.0382
0.2598 -0.8441 -0.0358
0.2348 -0.8698 -0.0058
0.1767 -0.7653 0.0326
0.1346 -0.6065 0.0779
0.1138 -0.5179 0.1029
0.1095 -0.4306 0.1359
0.0979 -0.3512 0.1799
0.0827 -0.3469 0.2104
0.0955 -0.3732 0.2403
0.1181 -0.4300 0.2397
0.1382 -0.4947 0.2153
0.1315 -0.5448 0.1750
0.0753 -0.5418 0.1237
-0.0133 -0.4245 0.0950
-0.1299 -0.2785 0.0724
-0.2717 -0.1624 0.0204
-0.4317 -0.1203 -0.0333
-0.5594 -0.1154 -0.0663
-0.8831 -0.1612 -0.1097
-0.9583 -0.1172 -0.1268
-1.0328 0.0123 -0.0254
-1.0890 0.0221 0.0754
-1.1574 0.0331 0.1084
-1.1989 0.0514 0.0974
-1.2606 0.1394 0.0516
-1.2704 0.2121 0.0192
-1.2741 0.2182 -0.0138
-1.2643 0.2493 -0.0199
-1.2698 0.2731 0.0076
-1.2698 0.2389 0.0632
-1.2295 0.1901 0.1683
-1.1085 -0.1325 0.3271
-1.0554 -0.3243 0.3698
-0.9974 -0.8478 0.4254
-0.9674 -1.0903 0.4089
-0.8886 -1.0506 0.3741
-0.7610 -0.9052 0.2996
-0.4989 -0.5931 0.1945
-0.3272 -0.3347 0.1799
-0.2594 -0.1966 0.1805
-0.2051 -0.0011 0.1829
-0.2289 0.1980 0.1829
-0.3456 0.1504 0.1872
-0.4317 -0.0689 0.1835
-0.4677 -0.2907 0.1750
-0.4366 -0.5149 0.1255
-0.3688 -0.4984 0.0632
-0.2576 -0.2974 0.0455
-0.1678 -0.0647 0.0485
-0.1122 0.1632 0.0100
-0.0805 0.2817 -0.0681
-0.0487 0.2457 -0.1213
-0.0023 0.0923 -0.1708
0.0784 -0.0378 -0.2575
0.2451 -0.1746 -0.4102
0.3765 -0.1758 -0.5440
0.4870 -0.1135 -0.7761
0.5121 -0.0860 -0.9618
0.4730 0.0123 -1.1402
0.4418 0.1137 -1.1537
0.3233 0.3532 -1.1078
0.1285 0.5511 -1.0028
0.0283 0.6122 -0.8873
0.0619 0.4851 -0.7566
0.2445 -0.0482 -0.5636
0.2219 -1.0634 -0.4438
-0.0633 -1.3066 -0.4469
-0.4366 -0.8435 -0.5483
-0.6461 0.1522 -0.7377
-0.3272 1.1736 -0.8586
0.1205 1.4509 -0.8274
0.4773 0.9310 -0.6643
0.7870 0.3690 -0.5208
0.8621 0.1540 -0.5092
0.8371 -0.0280 -0.4640
0.6837 -0.1141 -0.2710
0.5548 -0.0213 -0.0694
0.4553 0.1638 0.1628
0.4113 0.2426 0.3143
0.5090 0.1412 0.3931
0.6679 0.1223 0.4114
0.8230 0.0990 0.3949
0.9201 0.0264 0.3882
1.0356 -0.0781 0.4132
1.0802 -0.0347 0.4291
1.0857 0.0270 0.4285
0.9373 0.1668 0.3430
0.7399 0.2811 0.2800
0.5506 0.3697 0.2471
0.4009 0.4094 0.2238
0.2818 0.3654 0.2025
0.2085 0.2976 0.1670
0.1401 0.1803 0.0937
0.1120 0.0312 0.0100
0.1364 -0.1038 -0.0407
0.1957 -0.1917 -0.0315
0.3056 -0.2265 0.0119
