D10
~A111
-1.4677 4.1756 10.8676
-1.9633 3.0168 6.4693
-1.8675 2.8971 6.3568
-1.7837 2.8228 6.3664
-1.6640 2.7031 6.4167
-1.5204 2.4996 6.4693
-1.4797 2.3608 6.3855
-1.4581 2.2386 6.1150
-1.4198 2.1405 5.7750
-1.4437 2.0710 5.3368
-1.4916 2.1501 4.9298
-1.4342 2.1596 4.6952
-1.3073 2.0854 4.4079
-1.3025 2.0280 4.2067
-1.3432 2.0710 4.0990
-1.3408 2.1572 4.0966
-1.2450 2.2219 4.3073
-0.9769 2.2363 4.9346
-0.7135 2.1620 5.7056
-0.5746 2.0663 6.5005
-0.4525 1.9609 7.1349
-0.0599 1.7191 9.1701
0.0144 1.7287 9.7591
0.1077 1.7167 10.1541
0.1628 1.7406 10.3912
0.4262 1.8149 10.7240
0.7686 1.7215 11.0975
0.9026 1.6209 11.2699
0.9074 1.6377 11.3944
0.8428 1.6353 11.4015
0.7757 1.6281 11.4183
0.8524 1.7382 11.8804
1.0846 1.8101 12.3473
1.1828 1.8460 12.7040
1.1038 1.8819 12.7759
0.8404 2.0040 12.6849
0.6536 2.1141 12.3066
0.4789 2.2554 11.8564
0.3232 2.3560 11.3153
0.1868 2.4781 10.9059
0.0694 2.5930 10.7192
-0.1293 2.7582 10.6162
-0.2610 2.9258 10.6689
-0.1891 3.0790 11.0137
-0.0048 3.1197 11.3177
0.3831 3.2107 11.8564
0.6800 3.2490 12.6274
0.8667 3.1126 13.2284
1.0415 2.9330 13.5899
1.2402 2.7199 13.8174
1.4270 2.5260 13.9419
1.4940 2.3296 13.9993
1.4605 2.2219 14.0496
1.2402 2.0040 14.1645
1.0607 1.9250 14.2388
0.8356 1.7933 14.2052
0.6824 1.7047 14.0496
0.5100 1.6353 13.6354
0.4765 1.6568 13.3720
0.5914 1.9106 12.4095
0.7183 2.0710 12.0767
0.9338 2.2746 11.9474
1.0032 2.3847 11.8564
1.0487 2.4924 11.8397
1.0774 2.6983 11.7726
0.8117 2.8755 11.4279
0.5363 3.0024 11.0951
0.2921 3.2131 10.7886
-0.0287 3.5100 10.1350
-0.1077 3.6369 9.6250
0.0263 3.7973 9.3856
0.2083 3.9793 9.4741
0.2801 3.9960 9.7208
0.3448 3.9170 10.0392
0.1101 3.9170 10.0655
-0.4190 3.8979 9.6130
-0.8188 3.7901 8.9857
-1.1995 3.6561 8.1238
-1.4725 3.6106 7.6162
-1.5970 3.6417 7.5013
-1.6784 3.6944 7.7862
-1.7813 3.6800 8.1405
-1.9609 3.6154 8.7846
-2.0639 3.5627 8.7702
-2.0926 3.6441 8.3848
-2.1357 3.7542 7.6473
-2.2243 3.7638 7.1134
-2.2482 3.7255 6.5340
-1.9202 3.7159 6.4095
-1.6042 3.6513 6.6274
-1.5012 3.5316 7.0535
-1.7311 3.4430 7.3576
-2.1165 3.3568 7.6234
-2.4206 3.3256 7.4582
-2.5547 3.2993 7.1469
-2.6553 3.3927 6.3568
-2.6217 3.5507 5.5691
-2.1716 3.6561 5.1549
-1.5443 3.5962 4.9849
-1.3097 3.6537 4.9274
-1.6209 4.0008 4.9825
-2.1261 5.3177 5.5834
-2.7127 4.4031 6.6321
-1.8244 3.5172 7.4965
-0.3687 3.5459 8.3417
0.6560 4.1014 8.8564
2.0112 4.5228 9.6250
2.2913 4.2690 9.9626
1.1157 4.3672 9.7950
0.4190 4.6545 9.3425
0.0862 4.6808 9.2347
~M111
-3.3600 -29.1000 -30.0600
-4.0200 -28.4400 -30.3600
-3.9600 -27.9600 -31.0200
-5.2800 -28.2000 -32.1000
-6.5400 -28.6200 -32.3400
-6.8400 -28.4400 -32.6400
-6.3000 -28.3200 -32.4000
-6.1800 -28.6200 -31.7400
-6.8400 -28.0800 -31.3200
-7.4400 -27.7200 -31.9800
-7.9800 -28.3800 -32.1000
-8.7000 -28.8600 -31.9200
-9.1200 -29.1000 -32.0400
-8.5800 -28.3200 -31.3800
-8.6400 -28.1400 -31.2000
-9.1200 -27.9600 -31.3800
-9.7800 -27.6000 -30.7200
-10.6200 -28.1400 -30.7800
-10.3200 -28.5000 -30.4200
-10.5000 -28.0800 -30.3000
-10.8600 -27.3600 -30.7800
-11.5200 -27.0600 -31.7400
-12.3000 -26.4600 -31.6800
-12.4800 -25.8600 -31.3200
-12.6000 -25.0200 -31.3200
-12.7200 -25.0200 -30.9600
-13.7400 -24.6600 -31.1400
-13.6800 -23.5200 -32.2800
-13.5000 -22.9800 -32.4600
-13.8600 -22.6800 -32.4600
-13.4400 -22.8000 -32.5200
-14.0400 -22.6200 -32.5800
-14.8200 -21.6600 -32.6400
-15.0600 -21.9000 -33.0000
-14.5800 -21.6000 -32.8800
-13.8000 -21.4800 -32.8800
-14.5800 -21.5400 -33.3600
-15.4200 -20.7000 -33.2400
-15.6600 -19.9200 -33.8400
-15.8400 -19.5600 -34.5000
-16.3800 -19.3200 -34.7400
-15.7800 -19.5000 -33.8400
-16.0800 -19.1400 -34.0200
-16.7400 -18.9600 -34.5600
-16.9800 -18.3000 -35.2200
-16.5600 -18.4800 -35.4600
-16.5000 -19.0800 -34.2000
-16.0800 -19.5000 -34.4400
-16.0200 -19.3200 -34.3800
-16.2600 -19.6200 -34.8000
-16.1400 -19.7400 -34.8600
-16.3200 -19.7400 -34.7400
-15.8400 -20.1000 -34.1400
-15.1800 -20.1600 -33.5400
-14.7000 -20.8200 -33.0600
-14.1000 -20.5800 -33.4800
-13.8000 -20.3400 -33.7800
-13.4400 -21.0600 -33.3600
-12.6000 -20.8200 -34.0800
-12.4800 -20.1000 -35.5800
-12.5400 -20.1600 -35.8800
-11.7000 -20.1600 -35.8200
-11.2800 -20.1600 -36.0600
-10.4400 -20.4600 -35.6400
-9.6000 -20.6400 -35.8200
-9.7200 -20.1600 -36.3600
-9.9000 -20.1000 -36.2400
-9.9000 -19.3800 -35.4000
-9.4200 -19.4400 -35.1600
-9.1200 -19.3200 -34.5600
-10.0800 -19.1400 -35.5800
-10.6800 -19.3800 -36.1800
-11.3400 -19.6200 -36.0000
-11.3400 -19.7400 -35.5200
-10.9800 -19.0200 -35.2800
-11.1600 -19.0200 -35.5800
-11.1000 -18.6600 -34.9800
-11.2200 -18.5400 -34.9200
-11.6400 -18.0000 -34.8600
-12.8400 -17.2800 -36.0600
-13.4400 -16.8600 -35.9400
-13.2600 -17.1600 -35.4600
-13.3800 -16.9200 -35.2200
-13.5600 -16.6800 -35.4000
-13.3800 -16.3800 -35.4600
-13.5000 -16.0800 -35.7000
-13.9200 -15.7200 -35.5800
-14.8800 -14.6400 -35.0400
-14.8200 -14.4600 -34.5000
-15.1200 -14.0400 -34.3200
-15.5400 -14.0400 -34.5000
-16.0200 -14.2200 -35.1600
-16.2600 -15.0600 -34.8600
-16.5000 -14.8200 -35.0400
-16.7400 -14.7600 -35.4600
-16.4400 -14.6400 -35.4600
-16.5600 -14.9400 -35.4600
-16.8000 -15.3600 -35.4600
-16.8000 -15.9000 -34.8600
-16.2000 -16.2000 -34.6200
-15.7200 -16.0800 -34.6200
-15.7200 -15.8400 -34.4400
-15.7200 -15.7200 -34.1400
-15.1800 -15.7200 -34.5000
-15.1200 -15.6000 -34.8000
-15.3600 -15.2400 -35.0400
-16.0800 -14.5200 -35.2200
-15.7800 -14.1600 -35.1000
-14.6400 -14.8200 -33.8400
-14.8200 -15.1200 -34.6200
-15.4800 -14.8200 -35.5800
~G111
-0.1177 -0.3402 0.1231
-0.1104 -0.4318 0.1591
-0.1159 -0.5326 0.1878
-0.1220 -0.6010 0.2226
-0.1134 -0.5998 0.2587
-0.0731 -0.5320 0.2972
0.0191 -0.4294 0.3308
0.1505 -0.3078 0.3692
0.2824 -0.1984 0.4022
0.3881 -0.1508 0.4285
0.4712 -0.1551 0.4596
0.4993 -0.1960 0.4822
0.4815 -0.2485 0.5018
0.3887 -0.2858 0.5244
0.2305 -0.2974 0.5513
0.0179 -0.3188 0.5794
-0.2570 -0.3933 0.5885
-0.5459 -0.5008 0.5714
-0.7762 -0.5436 0.5384
-0.8715 -0.5259 0.5299
-0.9100 -0.5137 0.5274
-0.8049 -0.3218 0.5299
-0.6376 -0.3017 0.5409
-0.5563 -0.3591 0.5507
-0.5178 -0.4605 0.5702
-0.5337 -0.4471 0.6081
-0.5636 -0.3976 0.6289
-0.5777 -0.3176 0.6319
-0.5850 -0.2553 0.6301
-0.6186 -0.2211 0.6386
-0.6449 -0.1752 0.6618
-0.6351 -0.1551 0.6851
-0.5624 -0.1019 0.6643
-0.4170 -0.0463 0.5904
-0.2258 -0.0201 0.5397
-0.1263 0.0172 0.5372
-0.0835 0.1058 0.5409
-0.0859 0.1986 0.5549
-0.1055 0.2964 0.5763
-0.1330 0.3208 0.5934
-0.1605 0.2402 0.6050
-0.1983 0.0893 0.6215
-0.2417 0.0080 0.6484
-0.3083 -0.0476 0.6765
-0.3902 -0.0634 0.6851
-0.4500 -0.0543 0.6741
-0.4952 0.0245 0.6374
-0.4482 0.1070 0.6032
-0.3676 0.1430 0.5720
-0.2649 0.1534 0.5342
-0.1867 0.1271 0.4798
-0.1293 0.1033 0.4010
-0.0798 0.1204 0.3356
-0.0035 0.1565 0.2770
0.0655 0.2188 0.2636
0.1896 0.3507 0.3020
0.3172 0.4625 0.3643
0.4425 0.5285 0.4199
0.4870 0.5419 0.4377
0.6575 0.5071 0.5018
0.7088 0.4466 0.5103
0.7149 0.3635 0.4859
0.7027 0.3226 0.4486
0.6746 0.3440 0.3992
0.6324 0.4167 0.3479
0.6104 0.5480 0.3130
0.6037 0.6268 0.3002
0.6202 0.6525 0.2898
0.6501 0.6067 0.2593
0.5964 0.4698 0.1988
0.4345 0.3251 0.1182
0.2054 0.3153 0.0406
0.0185 0.3758 -0.0089
-0.1354 0.5163 -0.0804
-0.1415 0.7172 -0.1414
-0.0469 0.8718 -0.1891
0.1187 0.9738 -0.2270
0.1883 0.9219 -0.2496
0.1663 0.8590 -0.2349
0.0240 0.6207 -0.1616
-0.0493 0.5169 -0.1329
-0.1324 0.3935 -0.0840
-0.0731 0.3501 0.0314
0.0472 0.4704 0.1414
0.1511 0.6293 0.2574
0.1743 0.7447 0.3442
0.1236 0.7820 0.4108
-0.0139 0.7692 0.5134
-0.1415 0.6629 0.5476
-0.2576 0.5175 0.5091
-0.3120 0.3819 0.4218
-0.2240 0.3361 0.3534
-0.0206 0.3727 0.3882
0.1908 0.4271 0.4853
0.3307 0.4228 0.5757
0.4706 0.3104 0.7303
0.5206 0.1149 0.8891
0.5090 -0.0885 1.0039
0.4040 -0.2864 1.0363
0.2745 -0.3310 1.0094
-0.0560 0.0398 0.9972
-0.2209 0.5218 0.9789
-0.3266 0.4136 0.9202
-0.3535 0.0673 1.0632
-0.2680 -0.2296 1.2306
-0.0548 -0.3603 1.2507
0.0631 -0.5063 1.0473
0.1095 -0.4098 0.6258
0.1841 -0.2583 0.3656
0.1761 -0.1557 0.2532
0.0338 -0.0860 0.1713
