D10
~A94
-0.0766 -0.3855 9.8453
-1.9106 1.9992 9.2826
-1.5994 2.0447 9.0887
-1.3121 2.1764 8.8756
-1.1995 2.3368 8.7032
-1.2139 2.3033 8.5691
-1.2785 2.2267 8.4231
-1.2474 2.1884 8.2650
-1.2091 2.0974 8.1214
-1.3169 2.0232 8.0352
-1.4461 1.9777 7.9418
-1.4988 1.9322 7.7287
-1.5850 1.8819 7.4438
-1.5682 1.8508 7.1685
-1.4270 1.8196 6.8931
-1.2546 1.9011 6.7183
-0.9697 1.9130 6.6609
-0.7686 1.8651 6.6848
-0.6943 1.7933 6.8117
-0.7279 1.7382 6.8859
-0.7973 1.6999 6.8883
-0.8595 1.6305 6.9626
-0.8260 1.5659 7.0799
-0.7279 1.5323 7.2882
-0.5722 1.4940 7.4917
-0.4286 1.4533 7.5922
-0.2849 1.4390 7.8053
-0.2562 1.4054 8.4685
-0.2035 1.3911 9.2108
-0.0144 1.2354 9.9219
0.1700 0.9122 10.6138
0.6081 0.1508 11.2770
0.6297 -0.0886 11.1477
0.6058 -0.2346 10.8485
0.6441 -0.3208 10.5564
0.7183 -0.4238 9.5891
0.7734 -0.3951 9.0911
0.8045 -0.2945 8.6122
0.7805 -0.0407 8.2435
0.5363 -0.0215 8.2770
0.0359 0.0838 8.4302
-0.7781 0.5148 8.8181
-0.9817 0.8117 8.9115
-0.9505 1.2091 8.8828
-0.9769 1.6281 8.6505
-1.0559 2.1213 8.6721
-1.0559 2.3248 9.0216
-1.0319 2.4661 9.4119
-0.9912 2.6720 10.0775
-1.0080 2.6744 10.9514
-1.0511 2.5906 11.3776
-1.1612 2.5236 11.6577
-1.2570 2.4637 11.8972
-1.1373 2.5140 12.3281
-0.8093 2.4110 12.6178
-0.7039 2.1979 12.5412
-0.9314 2.0878 12.1342
-1.1947 1.9274 11.4782
-1.3647 1.8651 10.4462
-1.1469 1.9968 9.5843
-0.7087 2.1141 8.6984
-0.2370 2.2291 8.2818
0.1197 2.1836 8.5547
0.3041 2.2099 9.0121
0.4717 2.2865 9.6777
0.5890 2.2841 10.1493
0.6536 2.2770 10.3648
0.8643 2.3344 10.3696
1.0176 2.2889 10.3816
1.0176 2.2961 10.4726
0.9433 2.3272 10.7814
0.8667 2.3105 11.2531
0.8380 2.4278 11.7726
1.0702 2.4877 12.3664
1.4294 2.6433 12.9842
1.5515 2.8755 13.4367
1.4773 3.0216 13.9371
1.1277 3.2011 14.4351
0.6081 3.4645 14.4734
0.0527 3.8380 14.1071
-1.0535 5.0830 12.4095
-1.6305 6.2634 10.4773
-1.5970 7.1613 8.8708
-0.5746 7.2762 8.2315
0.5220 7.1086 8.4949
1.5730 6.5029 9.5651
2.0208 6.1796 11.0424
1.9992 5.6912 12.8213
1.7167 5.0376 13.5851
1.2690 4.5012 13.6498
0.1125 3.9194 13.2595
-1.3192 2.9162 12.6298
-2.5475 1.8939 12.1078
-3.3233 2.2123 11.9905
~M94
-11.6400 -11.9400 -38.7600
-10.8600 -12.2400 -38.7000
-10.7400 -12.4200 -38.1600
-11.7000 -12.9000 -37.4400
-12.2400 -12.8400 -38.1000
-12.3600 -12.1200 -38.5800
-12.7200 -11.8800 -38.2800
-13.0200 -11.9400 -38.1000
-12.3600 -12.1200 -37.0800
-12.6600 -12.3000 -37.0800
-13.6200 -12.6000 -37.4400
-13.9200 -12.7200 -36.9000
-13.2600 -12.4800 -36.9000
-13.5000 -12.1200 -37.1400
-13.3200 -12.1200 -35.5800
-13.1400 -12.7200 -34.4400
-14.1000 -13.0800 -34.6800
-14.4600 -12.8400 -33.8400
-14.4000 -13.0800 -33.0000
-14.9400 -13.0800 -32.8800
-15.8400 -12.8400 -32.8800
-16.6800 -13.0800 -33.0600
-16.9200 -13.3200 -33.3000
-17.1000 -12.8400 -31.9200
-17.4600 -12.4800 -31.8000
-17.7000 -11.6400 -31.5600
-18.6600 -11.7000 -32.3400
-18.6600 -11.8200 -32.8200
-18.9000 -11.7600 -33.1800
-19.0200 -12.6000 -32.8200
-19.7400 -13.4400 -32.1600
-19.1400 -13.7400 -31.3800
-18.3600 -14.2200 -31.4400
-18.5400 -14.4000 -31.3800
-18.8400 -14.4600 -31.3200
-18.4800 -14.5800 -31.5600
-18.5400 -14.5200 -32.2200
-18.5400 -14.5200 -32.5800
-18.1800 -13.9200 -32.4600
-18.4200 -13.1400 -33.7200
-18.4200 -13.2600 -34.0200
-18.2400 -12.6600 -34.5000
-18.1800 -12.7800 -34.6200
-18.1200 -13.0200 -34.8600
-17.7000 -12.5400 -34.2600
-17.5200 -12.0600 -35.4600
-17.5800 -12.3000 -36.0000
-18.1200 -11.7000 -36.1200
-18.2400 -12.1200 -37.0800
-18.2400 -12.2400 -36.7800
-19.3200 -11.3400 -36.9000
-19.9800 -10.5000 -37.2000
-19.7400 -10.0200 -37.3800
-19.0200 -9.3000 -38.1000
-18.9600 -9.4800 -37.9200
-18.7800 -9.3600 -37.0800
-19.6200 -9.2400 -36.6600
-20.2800 -9.9000 -36.8400
-20.3400 -10.3200 -36.5400
-20.8800 -10.7400 -36.1800
-19.6200 -12.2400 -36.2400
-18.7800 -13.2600 -36.1200
-18.6000 -13.2600 -35.7600
-19.0200 -13.4400 -36.5400
-18.7800 -13.1400 -36.7200
-18.6600 -13.8000 -36.3000
-16.7400 -14.4600 -35.3400
-15.8400 -14.7000 -35.3400
-15.9000 -14.8200 -35.3400
-15.9000 -15.0000 -35.0400
-16.9800 -15.0600 -35.9400
-17.1600 -15.4200 -36.1800
-16.9200 -15.7800 -35.8200
-16.8000 -16.2600 -35.7600
-16.9200 -16.5000 -35.7600
-17.2200 -17.1600 -35.2800
-17.5800 -17.2800 -35.2200
-17.1600 -17.9400 -34.5600
-16.0200 -18.7800 -33.1200
-15.4800 -19.3800 -32.5800
-15.7200 -20.1000 -32.7600
-15.6600 -20.5200 -32.8800
-15.9000 -20.2800 -32.8800
-15.9000 -19.2600 -32.7000
-16.2600 -18.9600 -33.1800
-15.7200 -19.0800 -33.5400
-15.7800 -19.1400 -34.3800
-16.2600 -19.3800 -34.1400
-16.0200 -19.2000 -33.6000
-15.7800 -18.7200 -33.0600
-15.1200 -18.1800 -33.5400
-15.0600 -18.0000 -34.7400
-14.8200 -17.8800 -35.1000
-14.7600 -17.2800 -35.1000
~G94
-0.1055 -0.3658 -0.0113
-0.0230 -0.3115 0.0308
0.0210 -0.2711 0.0461
0.0399 -0.2962 0.0174
0.0723 -0.3603 -0.0321
0.1004 -0.4550 -0.0755
0.1114 -0.4996 -0.0993
0.0827 -0.4404 -0.1176
0.0203 -0.3249 -0.1256
-0.0053 -0.2174 -0.1072
0.0179 -0.1190 -0.0712
0.0594 -0.1251 -0.0327
0.0894 -0.2473 0.0241
0.1089 -0.4013 0.0913
0.1211 -0.5265 0.1536
0.0881 -0.6535 0.1890
0.0387 -0.6932 0.1970
0.0155 -0.6077 0.2055
0.0063 -0.5582 0.2031
-0.0010 -0.5308 0.2006
-0.0035 -0.4678 0.1988
-0.0053 -0.4214 0.2342
-0.0090 -0.4306 0.2800
0.0008 -0.4947 0.3210
-0.0145 -0.5766 0.3240
-0.0640 -0.5613 0.3149
-0.2020 -0.4141 0.3253
-0.3388 -0.3506 0.3362
-0.3975 -0.3652 0.3527
-0.3798 -0.3646 0.3582
-0.2814 -0.3286 0.3631
0.1663 -0.1313 0.3741
0.4461 0.0117 0.3723
0.6960 0.0783 0.3937
0.8065 0.0948 0.4114
1.0313 0.0954 0.4260
1.0729 0.0031 0.3931
1.0173 -0.0390 0.3625
0.8065 0.0294 0.3417
0.4101 0.1846 0.3332
0.0503 0.3422 0.3503
-0.0853 0.4643 0.4034
-0.1892 0.5835 0.4425
-0.3034 0.6812 0.4352
-0.4946 0.6745 0.4114
-0.6797 0.5242 0.3601
-0.8153 0.3464 0.2862
-0.9332 0.1901 0.1945
-0.9515 0.1516 0.1713
-0.9131 0.0349 0.0968
-0.8178 0.0111 0.1029
-0.7219 0.0013 0.1481
-0.6119 0.0123 0.2556
-0.4836 0.1271 0.3937
-0.3052 0.3092 0.4517
-0.0524 0.4937 0.4865
0.1651 0.5407 0.5476
0.3808 0.4558 0.6563
0.4473 0.2707 0.7529
0.3374 0.0832 0.7797
0.1248 -0.0647 0.7614
-0.1336 -0.2308 0.7168
-0.2985 -0.3072 0.6692
-0.4238 -0.2864 0.5995
-0.4274 -0.2033 0.5293
-0.3676 -0.0989 0.4804
-0.3028 -0.0030 0.4346
-0.2607 0.0282 0.3662
-0.2216 0.0111 0.3198
-0.1849 -0.1062 0.2739
-0.0957 -0.3353 0.2147
-0.0120 -0.5185 0.1823
0.0845 -0.6847 0.1658
0.1963 -0.6572 0.1182
0.2787 -0.5582 0.0559
0.4339 -0.3567 -0.0492
0.6410 -0.1832 -0.1421
0.9464 -0.0219 -0.2001
1.2286 0.0899 -0.2013
1.5713 0.2493 -0.1867
1.7619 0.3037 -0.1579
1.6636 0.1650 -0.1237
1.2549 -0.0121 -0.1115
0.6593 -0.0812 -0.1695
0.1034 -0.0372 -0.2911
-0.3529 -0.0097 -0.5055
-0.6962 -0.0152 -0.9124
-0.6394 0.0545 -1.2153
-0.4103 0.1614 -1.4634
-0.2264 0.2004 -1.5996
-0.2130 0.0642 -1.5599
-0.2808 -0.1355 -1.4175
-0.3614 -0.4501 -0.8733
-0.1959 -0.5277 -0.6326
