D10
~A112
-2.1501 5.7247 7.6617
-2.5715 5.8253 6.9578
-2.1213 6.2922 6.3712
-2.3105 6.4071 6.0048
-2.7223 6.4765 5.7199
-2.9162 6.4430 5.7534
-2.9282 6.2969 6.0048
-2.8205 6.1868 6.3951
-2.6074 6.1174 6.8141
-2.3536 6.0934 7.2235
-2.1548 5.9953 7.5037
-1.8220 5.9474 7.9083
-1.6544 5.8947 8.1812
-1.4629 5.8013 8.4829
-1.4150 5.6385 8.6840
-1.5084 5.5667 8.8109
-1.7023 5.4949 8.8325
-1.8508 5.3871 8.8037
-1.9753 5.3416 8.7080
-2.0160 5.2842 8.5093
-1.9801 5.3033 8.1764
-1.8388 5.4302 8.0017
-1.7143 5.5571 8.1286
-1.7287 5.7175 8.1884
-1.8173 5.8229 8.2698
-2.0902 5.9115 8.2052
-2.3727 5.8612 8.1501
-2.4158 5.7439 8.2722
-2.2458 5.4877 8.8540
-1.9202 5.2650 9.5125
-1.8460 5.0304 10.3217
-1.9657 4.8269 10.8772
-2.2793 4.6186 11.1861
-2.8109 4.5395 11.0472
-3.3233 4.6688 10.7311
-3.5076 4.5994 10.5731
-3.6297 4.5060 10.8916
-3.7039 4.3360 11.3010
-3.5794 3.8644 11.6865
-3.3448 3.5339 11.7583
-3.0000 3.4430 11.7296
-1.6401 3.2993 12.1174
0.2442 2.7055 13.3313
1.3049 2.2458 14.7152
1.6760 1.8412 15.8405
1.2785 1.4892 17.2268
0.4429 1.5970 17.5045
-0.0814 1.6832 17.1981
-0.0814 1.6329 15.8669
0.0527 1.7047 15.0360
0.3113 2.2506 13.1206
0.3639 2.7582 11.9857
0.4453 3.4382 10.8963
0.5435 3.6656 10.3145
0.6848 3.6944 10.0105
0.6153 3.6273 10.1613
-0.0239 3.4286 10.9730
-0.5579 3.2323 11.6434
-0.9481 2.9521 12.4095
-1.1516 2.7079 13.5420
-1.1493 2.6840 14.1095
-1.0990 2.8157 14.1861
-0.8979 2.9497 13.7503
-0.4669 3.0312 12.6609
-0.3017 3.1078 11.5476
-0.0718 3.1317 10.6042
0.1413 2.9186 10.1062
0.1939 2.4781 9.9195
-0.1125 2.2578 10.0847
-0.5674 2.0447 10.2738
-1.1229 1.9058 10.2571
-1.4653 1.9633 9.9530
-1.5180 2.0782 9.4478
-1.3025 2.2219 8.7415
-0.6991 2.4541 7.5491
-0.2490 2.5236 6.6178
-0.0646 2.4733 5.9761
-0.1508 2.3296 5.5260
-0.2706 2.2363 5.3632
-0.3974 2.1357 5.3153
-0.5028 2.0112 5.4422
-0.6512 1.9034 5.5763
-0.7710 1.8867 5.5834
-0.7518 1.8771 5.4877
-0.6848 1.8412 5.3320
-0.5124 1.7406 5.4039
-0.3831 1.6473 5.7558
-0.2538 1.5706 6.2586
-0.3496 1.5467 6.5962
-0.6943 1.5467 6.8811
-1.0247 1.5371 6.8309
-1.2953 1.6161 6.4981
-1.2163 1.7478 6.0479
-1.0247 1.9872 5.5499
-0.9529 2.1908 5.2770
-0.9362 2.6768 4.9131
-1.0702 2.9952 4.9633
-1.1588 3.3472 5.2794
-1.0583 3.6537 5.4063
-0.8188 3.8907 5.5236
-0.6129 4.0798 5.7008
-0.6177 4.1421 5.9713
-0.6824 4.2043 6.3616
-0.8404 4.1684 6.8476
-1.0295 4.0535 7.4007
-1.1205 3.9841 7.8389
-1.1349 3.9625 8.2172
-1.1253 3.9051 8.4973
-1.1708 3.8524 8.7583
-1.3360 3.8117 8.8947
-1.4246 3.7734 8.8660
-1.3983 3.7758 8.9019
~M112
7.0200 -38.0400 -23.1600
7.2600 -37.5000 -23.8800
7.5000 -36.9000 -24.0000
6.6000 -36.2400 -24.6000
6.6000 -35.5800 -25.3200
6.6600 -35.4600 -26.2200
6.4200 -34.9800 -27.8400
6.1800 -34.5600 -27.7800
5.0400 -35.3400 -28.2000
4.4400 -34.5600 -27.5400
4.7400 -33.7800 -27.2400
4.7400 -34.2000 -27.7800
4.3800 -34.2000 -27.4200
3.7200 -34.2000 -27.4800
3.3000 -33.6600 -27.2400
3.5400 -33.6600 -27.3000
3.0000 -34.2600 -27.6000
2.3400 -34.3800 -27.7200
1.8000 -34.5000 -27.6600
1.3800 -34.3200 -27.3000
0.8400 -34.9200 -26.7000
0.3600 -34.9200 -26.7600
0.0000 -33.6000 -27.8400
0.1800 -33.7800 -28.9200
-0.1800 -34.3800 -28.4400
-0.1200 -34.6200 -27.8400
-0.1200 -35.2800 -26.4600
0.1800 -35.7600 -25.3800
0.3600 -35.9400 -25.9800
0.3000 -35.4600 -26.7000
0.8400 -35.1600 -26.7600
0.9600 -34.6800 -27.8400
1.2600 -34.1400 -27.9600
1.3200 -33.7800 -28.1400
1.6800 -33.9600 -28.0800
2.2800 -33.6000 -28.4400
2.2200 -32.8800 -29.0400
3.0600 -32.6400 -27.9600
3.4800 -32.2800 -28.1400
3.6600 -31.4400 -29.2800
3.5400 -30.9000 -28.9800
3.3000 -31.1400 -28.8600
3.7800 -31.8000 -28.8600
4.0800 -32.4000 -28.4400
3.6600 -32.5200 -28.0800
3.7800 -32.0400 -28.9800
3.5400 -32.1000 -29.4000
3.1800 -31.6200 -30.5400
2.8200 -31.8600 -30.1800
3.4200 -32.4600 -29.6400
3.8400 -32.4000 -29.1000
3.0600 -31.7400 -29.8800
2.8800 -31.9200 -30.0000
3.2400 -32.8800 -29.2800
3.1800 -33.3000 -28.1400
2.8200 -34.7400 -26.2800
2.8200 -35.1600 -25.5600
2.4600 -36.0000 -24.5400
2.4000 -35.8200 -24.1800
2.5800 -36.0000 -24.2400
2.2200 -35.7000 -24.2400
2.1600 -36.1800 -24.4800
1.6200 -36.3600 -24.7800
1.1400 -36.1200 -24.8400
0.5400 -36.0000 -25.6800
1.3200 -35.8800 -25.9800
1.5600 -35.2200 -25.5000
2.0400 -35.6400 -24.7200
2.5200 -35.8800 -24.7200
2.7000 -35.5800 -24.7200
2.8800 -35.4600 -25.1400
2.3400 -34.5000 -25.7400
1.6200 -33.9000 -26.7600
1.0800 -33.6600 -27.6000
0.3000 -33.3000 -28.6200
-0.3000 -33.4200 -29.0400
0.0000 -33.9000 -28.9200
0.0000 -33.4800 -28.7400
0.0600 -33.2400 -28.2600
-0.3600 -32.5200 -28.2600
-0.3600 -32.1600 -28.7400
0.1200 -32.4000 -28.7400
-0.1200 -32.5200 -29.0400
-1.2000 -32.7000 -29.1000
-1.5600 -32.5200 -28.3800
-0.5400 -33.0600 -27.6600
-0.9000 -32.7000 -27.5400
-1.7400 -32.5200 -28.5600
-2.1600 -32.9400 -29.2800
-2.2200 -33.1200 -29.0400
-1.9200 -32.7600 -28.8600
-1.7400 -32.5800 -28.9800
-1.8000 -32.1600 -29.2200
-1.9800 -32.0400 -29.4000
-1.9200 -31.9800 -30.0000
-1.3800 -31.3800 -30.7800
-0.1800 -31.8600 -29.9400
0.7800 -32.0400 -29.4600
0.1200 -31.3200 -30.6000
0.2400 -31.2600 -30.9000
-0.1800 -31.2600 -31.3800
0.5400 -31.0200 -31.5600
0.6000 -30.9600 -30.9600
0.9000 -31.1400 -30.9000
0.4800 -31.6200 -30.6000
0.9600 -30.6600 -31.3200
1.2000 -30.0600 -31.2000
1.8000 -30.3000 -31.0800
1.5600 -29.8800 -30.9600
2.1000 -29.5800 -31.9200
3.0600 -29.6400 -32.3400
2.5800 -29.4600 -32.3400
~G112
0.0949 -0.4520 -0.0626
0.0710 -0.5100 -0.0614
0.0179 -0.5167 -0.0791
-0.0181 -0.3194 -0.0828
-0.0291 -0.0970 -0.0449
-0.0194 0.0080 0.0137
-0.0548 -0.0952 0.0736
-0.1550 -0.2974 0.1450
-0.2350 -0.4452 0.2043
-0.2448 -0.4330 0.2275
-0.1629 -0.3927 0.2324
-0.0139 -0.2870 0.2526
0.1718 -0.0567 0.2990
0.3056 0.1882 0.3772
0.3661 0.3306 0.4755
0.3985 0.2524 0.5531
0.4687 0.0349 0.5562
0.6208 -0.2015 0.5574
0.7497 -0.4996 0.6099
0.7461 -0.7018 0.6649
0.4919 -0.9205 0.7089
0.0326 -0.9547 0.6906
-0.6492 -0.5265 0.5256
-0.8343 -0.3090 0.4083
-0.8098 0.1461 0.1591
-0.3254 0.4222 0.0834
0.1957 0.4307 0.1255
0.6691 0.2896 0.1597
0.9226 0.0343 0.1334
0.9018 -0.0341 0.0962
0.7204 -0.0512 0.0296
0.3777 -0.0066 -0.0590
-0.1409 0.1204 -0.1824
-0.6486 0.2970 -0.3070
-1.0621 0.3654 -0.4267
-1.2863 0.3019 -0.5141
-1.3254 0.1992 -0.5422
-1.1977 -0.1447 -0.5012
-0.9259 -0.2498 -0.3992
-0.7023 -0.2455 -0.3039
-0.4659 -0.2094 -0.1976
-0.3333 -0.1264 -0.1524
-0.3217 -0.0977 -0.1494
-0.4109 -0.1032 -0.1647
-0.5630 -0.0989 -0.2257
-0.7438 -0.0610 -0.3333
-0.8324 0.0630 -0.4224
-0.7420 0.1394 -0.4579
-0.5093 0.1088 -0.4426
-0.1922 0.0099 -0.3553
0.1431 -0.1184 -0.2086
0.3429 -0.2265 -0.0962
0.3545 -0.2553 -0.0944
0.2946 -0.2204 -0.1231
0.2311 -0.1783 -0.1451
0.0356 -0.0506 -0.1983
-0.0621 0.0318 -0.2141
-0.0951 0.0697 -0.2062
-0.0389 0.0239 -0.1909
0.0955 -0.0286 -0.1567
0.2445 -0.1325 -0.1335
0.3301 -0.2259 -0.1323
0.3734 -0.3096 -0.1494
0.3575 -0.3078 -0.1531
0.3527 -0.2705 -0.1726
0.3991 -0.1813 -0.1726
0.5744 -0.0195 -0.1213
0.8597 0.1247 -0.0034
1.0234 0.1320 0.0779
1.1706 0.0972 0.2012
1.1938 0.0612 0.2587
1.1798 0.0361 0.2855
1.0454 -0.0757 0.3191
0.9440 -0.1416 0.3253
0.8047 -0.2320 0.3448
0.6929 -0.2137 0.3668
0.5579 -0.1508 0.3613
0.3881 -0.0909 0.3198
0.2348 -0.0445 0.2782
0.0368 0.0037 0.2257
-0.0823 0.0019 0.1817
-0.1617 -0.0757 0.1463
-0.1959 -0.1422 0.1255
-0.2368 -0.1319 0.1060
-0.2894 -0.0036 0.1005
-0.3859 0.2450 0.1322
-0.3932 0.2683 0.1383
-0.5300 0.5291 0.2678
-0.5508 0.4937 0.3027
-0.5911 0.4460 0.3466
-0.6388 0.3764 0.3833
-0.6815 0.2786 0.3992
-0.6980 0.1705 0.3992
-0.6321 0.1076 0.3863
-0.5496 0.1039 0.3815
-0.4317 0.1394 0.3729
-0.2710 0.2194 0.4150
-0.1941 0.2585 0.4493
-0.0120 0.3373 0.5110
0.0466 0.3147 0.5128
0.0772 0.2768 0.5238
0.0625 0.2188 0.5476
0.0454 0.1449 0.5409
0.0374 0.0789 0.5085
0.0112 -0.0366 0.4517
0.0191 -0.0769 0.4089
0.0442 -0.0922 0.3509
0.0515 -0.1050 0.3204
0.0142 -0.1758 0.2672
-0.0572 -0.2369 0.1939
-0.1171 -0.2369 0.1304
-0.1641 -0.2504 0.0595
