D10
~A64
-0.6321 4.5731 9.3856
-0.9146 5.7510 6.9769
-1.1828 6.0455 6.9506
-1.2905 6.2515 7.1110
-1.4701 6.3927 7.6569
-1.5108 6.4167 8.3321
-1.2283 6.4909 9.2778
-0.6824 6.5196 10.0871
-0.0718 6.3807 11.0807
0.5267 6.4071 12.5292
1.3169 6.6728 13.8748
1.9561 6.9530 14.8828
2.2003 7.0942 15.8333
2.0567 6.9793 16.4128
1.8173 6.3161 17.1741
1.8053 5.5906 17.4998
1.7215 4.9035 17.6626
1.5060 4.6832 17.6674
1.1014 4.4749 17.6961
0.5818 4.4294 17.8014
0.1197 4.4486 17.8254
0.1556 4.3911 17.5548
0.4238 4.3696 17.2436
1.2115 4.4557 16.5013
1.5180 4.4988 16.2523
2.5068 4.3265 15.1318
2.1788 4.2355 13.9730
1.5228 4.1636 12.4885
0.9840 3.9889 11.0783
0.5459 3.8907 9.7208
0.0742 3.9170 8.8253
-0.2203 3.9266 8.2914
-0.2706 3.8476 7.9777
-0.2921 3.6920 7.9849
-0.3974 3.6752 8.1334
-0.2777 3.7015 8.4470
0.3376 3.4717 8.8253
0.8715 3.0838 9.1701
0.7949 2.9450 9.2108
0.3711 2.8085 8.9306
-0.0503 2.6289 8.3680
-0.3639 2.3967 7.6306
-0.6105 2.1525 6.9027
-0.7805 1.9537 6.4214
-1.0798 1.8556 5.8157
-1.1756 2.0303 5.4494
-0.7422 2.4757 5.0591
0.4070 2.6193 5.2243
0.8117 2.7510 5.5475
0.8069 2.8444 6.0192
0.4860 2.8228 6.6872
-0.0048 2.5810 7.1780
-0.4573 2.3608 7.5539
-0.7710 2.3009 7.8436
-1.1205 2.5140 8.0136
-1.0655 2.6265 7.7407
-0.6441 2.4469 7.2882
-0.3065 2.4541 6.6465
-0.1820 2.6241 6.0839
-0.1461 2.7630 5.7367
-0.1077 2.8659 5.2123
-0.4214 2.8061 4.6353
-0.8236 2.8540 4.5635
-1.2019 2.9617 4.8771
~M64
6.6600 -37.0800 -24.0600
5.8800 -37.1400 -23.4600
4.8600 -36.7800 -24.1800
3.7200 -36.3600 -24.5400
2.8800 -36.6600 -24.4200
2.5200 -37.2000 -24.3000
2.7600 -37.8000 -23.4000
2.3400 -37.9800 -23.3400
0.9600 -37.9800 -23.1000
-0.1800 -38.1000 -23.3400
-1.0800 -37.7400 -23.5800
-1.8600 -37.5600 -23.5800
-2.5800 -37.0200 -24.7800
-3.4800 -35.8800 -25.9800
-3.0000 -35.4600 -25.9200
-2.1000 -35.9400 -25.4400
-2.0400 -35.8800 -25.5000
-1.3200 -35.5200 -25.5600
-1.9800 -35.5800 -25.5000
-1.9800 -35.4600 -26.6400
-2.4600 -35.1600 -27.8400
-2.8800 -35.1600 -27.7200
-2.1000 -36.1800 -26.5800
-1.1400 -36.6600 -25.9800
-0.6000 -36.6000 -26.2800
0.0000 -36.8400 -25.9200
0.4800 -36.6600 -25.6800
0.2400 -36.9000 -25.2000
0.7200 -36.2400 -25.0200
1.3800 -36.5400 -24.9000
0.8400 -36.4800 -24.7800
0.3600 -36.0000 -25.2600
0.7200 -35.4000 -26.3400
1.2000 -35.3400 -27.0600
0.4800 -35.7600 -27.1800
0.3600 -35.9400 -26.8800
0.1800 -35.7600 -26.0400
0.0000 -35.4000 -26.6400
0.4200 -35.3400 -27.3000
0.4200 -34.9200 -27.3600
-0.1800 -34.8000 -27.2400
-0.5400 -34.3200 -28.1400
-0.7800 -34.1400 -28.2000
-0.1800 -34.3200 -28.2000
-0.4200 -34.5600 -27.9600
0.4800 -34.9800 -27.0600
1.2000 -35.7000 -26.4000
0.7200 -36.1800 -26.5800
1.1400 -35.9400 -26.4000
0.4800 -36.0600 -26.4000
0.9600 -36.3000 -25.6800
2.2200 -36.8400 -24.7200
2.6400 -36.9000 -24.6000
2.2200 -37.0800 -24.7800
2.1600 -36.7800 -24.1200
1.7400 -37.0200 -24.0000
2.4600 -37.0800 -24.1200
2.3400 -36.3000 -24.7800
2.1000 -36.3600 -25.0800
2.5800 -35.8200 -25.6800
3.0600 -35.8800 -25.8000
2.8200 -35.8800 -25.6200
3.1200 -35.9400 -24.9000
3.5400 -35.4600 -24.7200
~G64
0.4980 -0.7611 0.4041
0.4852 -0.8564 0.3998
0.3514 -0.9443 0.4102
0.1230 -0.9645 0.4389
-0.0786 -0.9394 0.5048
-0.3358 -0.8728 0.6698
-0.6021 -0.6713 0.8457
-0.8330 -0.3371 0.9789
-0.9974 0.0190 1.0919
-1.0737 0.3635 1.1542
-0.9839 0.6281 1.0711
-0.8611 0.6219 0.9013
-0.6516 0.4857 0.5959
-0.4219 0.3183 0.3265
-0.1599 0.0893 0.0669
-0.0401 0.0386 -0.0382
-0.0126 0.1229 -0.1121
-0.0401 0.3031 -0.1750
-0.0640 0.3440 -0.1909
-0.0524 0.2676 -0.1366
-0.0059 0.0984 -0.0107
0.0564 0.0850 0.1121
0.1908 0.1345 0.1890
0.2164 0.1571 0.1854
0.3588 0.5071 -0.0749
0.4693 0.6873 -0.2215
0.5567 0.7875 -0.2881
0.5579 0.7557 -0.3021
0.4815 0.6439 -0.2936
0.2824 0.4759 -0.2465
0.0930 0.3220 -0.1763
-0.0713 0.1998 -0.1298
-0.2387 0.0728 -0.0798
-0.3822 -0.0433 0.0272
-0.4714 -0.0488 0.0986
-0.4720 0.0514 0.0418
-0.3987 0.0960 -0.0388
-0.2735 0.0777 -0.1286
-0.1476 0.0557 -0.1695
0.0203 0.0599 -0.1659
0.1205 0.0801 -0.1121
0.1761 0.0819 -0.0156
0.2048 0.0893 0.1298
0.1712 0.0966 0.2917
-0.0145 0.0276 0.4767
-0.2521 -0.0182 0.5158
-0.4390 -0.0201 0.4089
-0.5643 -0.0384 0.2458
-0.5826 -0.0812 0.0601
-0.5105 -0.1190 -0.0871
-0.4122 -0.1374 -0.1702
-0.2979 -0.1380 -0.1952
-0.1843 -0.1196 -0.2056
0.0167 -0.0415 -0.1781
0.1419 -0.0158 -0.1769
0.1932 -0.0421 -0.2080
0.2158 -0.0457 -0.2697
0.2231 -0.0922 -0.3711
0.2549 -0.1074 -0.4499
0.2928 -0.0922 -0.5074
0.3068 -0.0427 -0.5190
0.2763 -0.0720 -0.4670
0.2671 -0.1783 -0.3815
0.3575 -0.3304 -0.3192
