D10
~A200
-0.9505 1.8340 8.8708
-0.9002 1.8340 8.8708
-0.6153 1.8771 8.8708
-1.1445 1.7598 9.1413
-1.2905 1.6377 9.0001
-1.3671 1.5611 8.9594
-1.3552 1.4797 9.0264
-1.3288 1.3815 9.0695
-1.3576 1.3504 9.1222
-1.4246 1.3935 9.1126
-1.4414 1.4342 9.0144
-1.5970 1.5467 8.9115
-1.6544 1.6544 8.8995
-1.3839 1.6568 8.7343
-0.5770 1.5419 8.0400
0.1149 1.5108 8.3321
0.2059 1.6520 8.8229
-0.3400 1.7382 8.6697
-0.5794 1.8891 8.2291
-0.4501 2.0136 8.1860
-0.1987 1.9777 8.6721
-0.1317 2.0184 9.1868
0.1413 2.0710 9.5603
0.3807 2.0926 9.8117
0.5291 2.3201 10.0272
0.5962 2.5164 10.2236
0.4310 2.8252 10.6497
-0.0455 3.0575 11.4398
-0.5555 3.2490 11.9546
-0.9649 3.5555 12.1964
-1.4653 4.0391 12.7711
-1.7550 4.7191 14.2723
-1.3959 5.5236 16.1015
-1.7215 6.5675 17.6051
-2.5667 7.6737 18.0097
-3.6465 8.3536 17.4638
-4.6305 8.5954 16.4080
-5.0328 8.7511 16.0177
-5.7941 9.0456 15.7088
-7.1182 9.8764 15.0504
-8.1956 10.9610 14.4375
-9.1294 11.9307 13.9778
-9.3185 10.7264 13.4486
-9.0288 9.4263 12.7950
-8.9881 8.8109 12.3377
-9.3712 7.5803 13.4247
-8.1525 5.5092 15.2348
-6.4262 3.1221 16.1614
-4.5395 2.1141 14.5261
-0.3591 0.6465 7.6162
1.5491 -0.2993 0.3065
-0.0503 -0.4142 0.0215
-0.0527 -0.4046 0.0359
-0.0599 -0.4190 0.0862
-0.0646 -0.3998 0.0958
-0.0551 -0.4118 0.1245
-0.0479 -0.4022 0.1868
-0.0455 -0.3951 0.2227
-0.0599 -0.4142 0.2706
-0.0527 -0.4166 0.2993
-0.0455 -0.4070 0.3831
-0.0503 -0.4214 0.4142
-0.0359 -0.4118 0.4860
-0.0287 -0.4166 0.5531
-0.0383 -0.4238 0.6393
-0.0024 -0.4166 0.7135
-0.0168 -0.4262 0.7949
-0.0096 -0.4238 0.8572
0.0144 -0.4310 0.9026
0.0215 -0.4190 0.9170
0.0215 -0.4429 0.9505
0.0599 -0.4429 0.9769
0.0742 -0.4501 0.9793
0.0742 -0.4645 0.9745
0.0838 -0.4405 0.9577
0.0694 -0.4382 0.8883
0.0575 -0.4549 0.7686
0.0718 -0.4214 0.7326
0.0599 -0.4310 0.7159
0.0527 -0.4190 0.6680
0.0646 -0.4022 0.6177
0.0670 -0.3903 0.5866
0.0814 -0.3903 0.5962
0.0790 -0.3639 0.6177
0.0694 -0.3472 0.6010
0.0886 -0.3137 0.5627
0.0766 -0.2969 0.5196
0.0814 -0.2586 0.5387
10.7287 78.3072 -68.9431
-8.5284 -58.0540 -13.3672
-11.6817 -78.2425 -0.7063
-62.0644 -78.2808 77.7110
-14.6458 -73.5689 56.3588
-0.8667 -4.9657 0.7374
-0.5866 -0.5339 -0.2322
-0.5866 -0.5363 -0.0742
-0.5914 -0.5172 -0.0551
-0.5411 -0.5291 0.0479
-0.5722 -0.4956 -0.0359
-0.5196 -0.4429 -0.0431
-0.5267 -0.4286 -0.0239
-0.5148 -0.3879 0.0072
-0.4884 -0.3807 0.0168
-0.4597 -0.3567 0.0096
-0.4310 -0.3280 0.0287
-0.4070 -0.2921 0.0239
-0.3831 -0.2586 0.0263
-0.3472 -0.2514 0.0311
-0.3304 -0.2370 0.0215
-0.2897 -0.2131 0.0096
-0.2658 -0.1963 0.0024
-0.2514 -0.2203 0.0144
-0.2155 -0.2083 -0.0024
-0.2107 -0.1987 0.0096
-0.1748 -0.1844 -0.0215
-0.1604 -0.1844 -0.0383
-0.1628 -0.1652 -0.0718
-0.1508 -0.1796 -0.1173
-0.1437 -0.1652 -0.1748
-0.1437 -0.1652 -0.2346
-0.3256 -0.0335 0.3041
-12.1725 0.9074 38.8184
-37.9732 -31.1351 -14.5500
-56.0763 -37.6021 -78.4556
-19.6546 -13.4319 -18.2132
-3.7231 -5.0735 18.2803
-0.0527 -0.6249 4.0942
0.0886 -0.0982 0.2753
0.0694 -0.1293 0.1101
0.0646 -0.1149 -0.0024
0.0551 -0.1149 0.0575
0.0287 -0.1077 0.0239
0.0383 -0.1053 -0.0239
0.0886 -0.1748 1.1971
0.5483 -0.8164 7.4773
0.0407 -1.5706 2.9090
-1.4054 -3.4861 -20.5716
-9.7495 -6.3113 -74.5505
3.4358 -7.9658 -17.3058
2.2770 -0.5962 2.8181
0.0599 1.4653 0.2275
-0.0048 0.3448 -0.9697
0.2873 0.0503 -3.4358
0.1461 -0.0263 -10.5300
1.3408 -1.1588 -23.1598
1.3073 -1.8795 -15.6083
-0.4884 0.2442 -7.3959
-0.2801 -0.1365 -3.9099
0.2969 -0.4741 -7.1134
0.7973 -0.6488 -13.2739
0.5507 -1.0032 -13.6857
0.0287 -0.3280 -9.1844
0.1245 -0.2945 -7.4151
0.3137 -0.4453 -8.5356
0.2801 -0.5650 -10.9754
0.3544 -0.4884 -10.2283
0.3567 -0.5339 -9.2898
0.2586 -0.5267 -9.6082
0.2131 -0.4669 -10.0320
0.3089 -0.4405 -9.7854
0.3113 -0.4741 -9.4143
0.2466 -0.4884 -9.6298
0.2682 -0.5004 -9.7710
0.2993 -0.5315 -9.7495
0.2801 -0.4884 -9.7662
0.3089 -0.5052 -9.7878
0.2706 -0.4812 -9.5771
0.2442 -0.4884 -9.6393
0.2586 -0.4693 -9.7591
0.3017 -0.5052 -9.7184
0.2921 -0.4836 -9.7351
0.3113 -0.5124 -9.7878
0.2825 -0.4956 -9.7950
0.2921 -0.5004 -9.6801
0.3017 -0.4262 -9.6513
0.4262 -0.4286 -9.6848
0.7063 -0.5627 -9.5699
0.4597 -0.3376 -9.5819
-0.0072 -0.4956 -9.6848
0.0239 -0.5148 -9.9123
0.0048 -0.5172 -9.8548
0.0335 -0.4286 -9.8477
0.1461 -0.6417 -9.8931
0.3687 -0.6417 -9.7112
0.4070 -0.4908 -9.2634
0.4310 -0.3951 -9.6178
0.3160 -0.4022 -10.1182
0.2322 -0.4358 -9.9674
0.2634 -0.4765 -9.5915
0.2945 -0.5148 -9.4646
0.3256 -0.5267 -9.6154
0.2634 -0.5124 -9.7327
0.3017 -0.4645 -9.7782
0.2682 -0.4429 -9.6465
0.3280 -0.4501 -9.6872
0.3376 -0.4597 -9.7734
0.3855 -0.4525 -9.7639
0.3783 -0.4453 -9.6250
0.3496 -0.3974 -9.5460
0.3280 -0.4382 -9.6896
~M200
-8.3400 10.7400 -33.7200
-8.7600 10.6800 -33.9600
-9.2400 10.8600 -34.2000
-9.4200 10.7400 -33.9600
-9.4800 10.9200 -33.7200
-10.2000 10.9800 -33.9000
-11.0400 11.3400 -34.4400
-11.2200 12.2400 -34.5600
-11.6400 12.7200 -34.9200
-11.7000 12.6000 -34.9200
-11.1000 12.6600 -34.6800
-11.1000 13.9200 -34.8600
-11.7600 15.2400 -35.4000
-11.7600 15.4200 -35.4600
-11.0400 15.1200 -35.4600
-10.5000 15.1800 -35.4000
-10.4400 14.2200 -35.9400
-10.2000 13.6800 -35.8200
-9.6000 12.9600 -36.8400
-9.4800 12.9600 -37.3800
-9.4200 12.8400 -37.6200
-8.1000 13.0200 -37.9800
-7.0800 13.8600 -38.3400
-6.3000 13.7400 -38.2800
-4.9200 13.5600 -38.2200
-4.9200 11.8800 -37.6200
-6.2400 9.6000 -38.5800
-7.6200 7.2000 -38.8200
-9.6000 4.6800 -39.4800
-12.2400 2.5800 -40.5600
-13.7400 0.4200 -40.2600
-14.7600 -1.8600 -40.0800
-15.1800 -3.2400 -39.7800
-16.2600 -5.5800 -39.1800
-16.9200 -7.7400 -39.4200
-17.2200 -8.9400 -39.3000
-17.4000 -10.5000 -38.9400
-18.3000 -13.1400 -37.9200
-18.7200 -15.7800 -37.0800
-18.7200 -17.1600 -36.5400
-18.6600 -18.3600 -36.0600
-18.2400 -19.6200 -35.4000
-17.7000 -22.0800 -33.7800
-17.5200 -26.0400 -31.5000
-17.2800 -28.2000 -30.4200
-17.0400 -30.6000 -28.6200
-16.9200 -32.7600 -26.6400
-17.4000 -34.0800 -24.6600
-18.2400 -35.1000 -22.9200
-19.9200 -36.2400 -20.4600
-20.1000 -35.7600 -20.0400
-16.8600 -23.6400 -28.8000
-11.4000 6.3000 -30.0600
-10.6200 28.6800 -16.3200
-13.2000 33.7200 -12.2400
-15.5400 34.3200 -13.2000
-18.7800 34.2600 -13.7400
-20.4600 34.0800 -13.5000
-24.3600 33.0600 -11.5800
-26.6400 32.5200 -9.8400
-29.8200 31.0800 -6.9000
-30.9600 30.1800 -5.1000
-32.1000 29.0400 -3.1200
-34.3200 27.1200 1.1400
-35.2200 26.4600 3.4200
-36.6000 25.1400 8.1600
-36.6600 24.0000 10.4400
-36.6600 20.9400 16.2600
-35.4000 19.1400 21.1800
-33.4200 17.4600 25.0800
-30.6000 14.4600 29.5200
-29.1000 13.3800 31.8600
-25.6800 11.2800 36.3000
-22.3800 8.3400 39.6000
-20.5800 7.2600 40.9800
-8.1600 10.1400 41.8200
9.4800 16.8600 37.2000
13.7400 18.3000 36.2400
11.8200 15.7200 40.2000
11.5200 13.5600 43.2000
13.4400 11.2800 43.6200
14.7600 9.1200 44.2200
15.7800 8.4000 44.6400
17.3400 7.3800 44.8200
19.6800 7.3200 43.8600
21.0600 12.7200 40.2600
19.7400 17.7600 39.2400
19.0200 17.5200 39.7200
18.6600 15.8400 40.1400
19.6200 15.0000 39.1800
18.8400 15.6600 38.5200
17.3400 16.5000 38.7000
18.3600 16.6200 38.8800
18.7200 16.2000 39.3600
18.6000 16.3800 38.8200
18.5400 16.8600 38.4600
18.4200 16.7400 38.5800
18.4800 16.7400 38.2800
17.8200 15.9600 38.6400
18.0600 15.7800 39.3600
17.9400 16.5000 39.4800
18.1800 16.8600 38.8800
18.1800 16.3200 38.5800
17.9400 16.2000 38.9400
17.9400 16.4400 39.0600
18.3000 16.3800 39.0600
18.4200 16.4400 38.0400
18.0000 16.3200 38.3400
18.3000 16.6200 38.2800
18.9600 16.2000 39.1200
18.6000 16.0800 39.4800
18.0000 16.4400 38.4000
17.7000 16.4400 38.2800
17.0400 16.5600 38.7600
16.9800 16.3200 39.3600
17.8200 16.2600 38.6400
18.1200 17.0400 38.6400
18.1200 16.6200 39.0600
18.3600 16.2600 38.2800
18.0600 16.6800 38.2800
18.6600 16.4400 38.5800
18.8400 16.8000 38.0400
18.4800 16.9200 38.2800
18.8400 16.5600 38.5200
18.6600 16.6800 38.5800
17.8800 16.0800 38.2800
17.8200 15.9000 37.8000
18.4800 16.2000 37.9200
18.1200 16.3200 39.1200
17.5800 16.4400 39.1800
17.8200 16.6200 39.1200
18.5400 16.3200 40.0200
18.6600 16.2000 39.7200
18.0000 16.3800 38.6400
18.3600 16.6200 38.4600
18.6600 16.5600 38.7000
18.0000 16.0800 39.3600
18.4800 16.5000 40.0200
19.3200 15.9600 40.5000
19.4400 15.1200 40.3800
19.3200 15.6000 40.2600
18.6000 16.0200 39.7200
18.3000 16.9200 39.1200
18.8400 16.9800 38.5800
19.0200 16.5000 38.5200
19.2000 16.5000 38.5200
18.9000 16.2000 38.5200
19.3800 15.7200 38.4000
20.0400 14.6400 38.7600
20.5800 14.2200 39.4200
21.1800 13.7400 39.5400
23.0400 11.8200 39.9600
25.9800 8.5200 39.0600
29.2800 5.3400 36.9600
30.9000 3.8400 35.6400
34.4400 0.9600 32.5800
36.2400 -0.4800 30.5400
40.2000 -2.2800 25.2600
44.6400 -2.8800 18.4200
46.6200 -3.2400 14.7600
47.4600 -1.8000 4.6200
46.7400 -0.6600 -5.3400
45.3000 0.4200 -10.4400
44.7000 1.1400 -14.3400
41.8200 3.6600 -21.5400
37.8600 4.9800 -26.4000
34.5600 5.7000 -30.1800
33.3000 5.3400 -31.7400
30.6600 5.7000 -34.8600
28.2000 6.4200 -37.3200
26.9400 6.5400 -38.4600
24.5400 6.7800 -39.6000
22.2600 7.0800 -40.5000
20.2800 8.0400 -41.4000
18.9000 7.3800 -41.7000
17.2800 7.0200 -42.1200
15.7800 8.7000 -43.0800
14.8800 9.6000 -43.4400
12.8400 10.6200 -44.2800
11.9400 11.5200 -43.9800
11.8200 11.9400 -43.9800
11.1600 12.1200 -43.7400
11.1600 12.3600 -43.3800
10.9800 12.3000 -43.4400
11.2800 11.9400 -44.1600
11.2200 11.8200 -44.2800
10.8000 11.1600 -43.8000
10.7400 12.0000 -43.6200
10.5600 11.8800 -43.6200
10.4400 11.6400 -43.7400
10.0200 11.7000 -43.3800
10.1400 11.4000 -43.2600
9.3600 11.2200 -44.1000
9.2400 10.9800 -44.4000
9.0000 10.8000 -44.1600
8.1600 10.5600 -44.2800
8.3400 10.1400 -43.9200
8.7000 9.9600 -43.0200
9.7800 8.5200 -42.9000
9.3000 7.8600 -43.3800
~G200
-0.6363 -0.7293 -0.1476
-0.7310 -0.6291 -0.1011
-0.7512 -0.4153 -0.0969
-0.7854 -0.2461 -0.1243
-0.8294 -0.1068 -0.1311
-0.8776 0.1100 -0.1323
-0.8984 0.2829 -0.1286
-0.8556 0.3666 -0.1476
-0.8208 0.3306 -0.1622
-0.8263 0.2664 -0.1201
-0.7781 0.3422 -0.0034
-0.6229 0.4753 0.0919
-0.3816 0.5774 0.0754
-0.1104 0.6617 -0.0388
0.1187 0.7820 -0.1634
0.2897 0.9390 -0.2270
0.4082 0.9298 -0.2209
0.5090 0.8052 -0.1689
0.5115 0.5474 -0.1695
0.4162 0.4173 -0.2086
0.1040 0.4790 -0.3589
-0.2936 0.9836 -0.4750
-0.6681 1.3971 -0.3962
-1.1458 1.8968 -0.2667
-1.4250 2.0489 -0.1414
-1.2814 1.8693 0.1774
-0.4934 1.1400 0.7101
0.5298 0.2255 1.2416
1.2549 -0.3548 1.4890
2.6648 -1.6780 1.3185
2.7155 -1.7128 1.0412
2.7228 -1.7097 1.0088
2.7362 -1.6865 0.9715
2.7448 -1.6767 0.9551
2.7705 -1.6224 0.9056
2.7961 -1.5662 0.8701
2.8175 -1.5124 0.8433
2.8584 -1.4183 0.8091
2.8871 -1.3450 0.7816
2.9262 -1.2375 0.7547
2.9702 -1.1202 0.7284
3.0160 -0.9883 0.7052
3.0557 -0.8802 0.6899
3.1156 -0.7177 0.6698
3.1877 -0.5271 0.6551
3.2537 -0.3646 0.6496
3.3208 -0.1954 0.6447
3.3618 -0.0958 0.6460
3.4491 0.1174 0.6490
3.4913 0.2255 0.6527
3.5603 0.4094 0.6637
3.6067 0.5755 0.6808
3.6348 0.6959 0.6967
3.6568 0.8620 0.7278
3.6220 1.1326 0.8078
3.5890 1.2188 0.8378
3.5371 1.3159 0.8842
3.4937 1.3751 0.9190
3.4161 1.4613 0.9685
3.3526 1.5169 0.9996
3.2720 1.5834 1.0369
3.2084 1.6348 1.0687
3.1089 1.7050 1.1175
3.0344 1.7527 1.1469
2.9293 1.8192 1.1878
-16.6007 13.2540 0.8934
-20.0130 10.7776 -4.3515
-20.0130 10.8778 -7.9074
-19.9989 -2.0689 -8.5543
-3.2789 -6.7799 -3.3949
1.9763 -6.1159 -2.3882
1.7784 -6.1440 -2.4750
1.5787 -6.2155 -2.5782
1.4070 -6.2442 -2.6619
1.2262 -6.2704 -2.7352
1.0344 -6.2888 -2.8048
0.7937 -6.3040 -2.8751
0.5842 -6.3089 -2.9209
0.3435 -6.3120 -2.9606
0.0772 -6.3102 -2.9911
-0.0322 -6.3053 -2.9966
-0.3272 -6.2912 -3.0015
-0.5484 -6.2717 -2.9960
-0.7274 -6.2503 -2.9789
-0.9467 -6.2167 -2.9520
-1.1812 -6.1733 -2.9044
-1.3920 -6.1245 -2.8580
-1.5966 -6.0738 -2.7963
-1.7939 -6.0182 -2.7248
-1.9827 -5.9601 -2.6454
-2.0865 -5.9320 -2.5953
-2.3480 -5.8630 -2.4499
-2.5056 -5.8502 -2.3516
-2.6278 -5.8502 -2.2648
-2.7731 -5.8618 -2.1488
-2.9411 -5.8923 -1.9905
-3.0945 -5.9229 -1.8250
-0.7872 -11.2209 -0.1005
12.1387 -19.9642 6.0203
16.3756 -19.9642 2.4731
-2.6522 11.2541 1.4144
-8.6472 20.0578 2.3203
-5.2979 7.4264 1.3112
-1.7958 -1.1746 0.9575
-1.7011 -1.3383 0.9361
-1.6766 -1.3457 0.9520
-1.6540 -1.3457 0.9599
-1.6320 -1.3487 0.9838
-1.6070 -1.3664 1.0100
-1.5875 -1.3750 1.0180
-1.4244 -1.5778 1.0229
0.4235 -3.3078 0.7889
7.2560 -3.8453 -0.4261
9.7636 -0.1612 -0.7291
3.4901 5.3604 0.1060
-5.1354 1.4765 0.1567
-3.4237 -2.2277 0.2061
-0.6944 -2.0988 0.2929
0.5090 -1.0201 0.2611
0.8273 -0.1300 0.2300
1.4064 1.6549 0.1524
1.6477 2.6354 0.0339
0.3496 0.4845 -0.0101
-0.8349 -1.2778 -0.0052
-0.5594 -0.7617 -0.0223
0.1370 0.3458 0.0033
0.3649 0.5095 0.0210
0.1193 0.0209 0.0009
-0.1562 -0.1887 -0.0040
-0.0933 -0.0176 -0.0016
0.0460 0.0587 0.0009
0.0613 0.0227 0.0009
-0.0102 -0.0219 -0.0040
-0.0157 0.0141 -0.0016
0.0148 -0.0011 0.0015
-0.0041 -0.0060 -0.0022
-0.0108 -0.0097 0.0003
0.0075 0.0105 0.0003
-0.0023 -0.0085 0.0003
-0.0023 -0.0085 -0.0016
0.0057 0.0025 0.0015
-0.0016 -0.0036 0.0015
-0.0047 0.0001 0.0003
-0.0047 -0.0005 0.0009
-0.0023 -0.0036 -0.0009
0.0008 -0.0048 -0.0003
0.0032 -0.0079 -0.0009
0.0032 0.0007 -0.0003
-0.0004 -0.0017 -0.0003
-0.0004 -0.0024 0.0003
0.0014 -0.0036 -0.0009
0.0002 0.0013 -0.0009
-0.0016 -0.0048 -0.0016
0.0008 0.0031 0.0052
-0.0029 0.0123 0.0125
-0.0084 -0.0250 0.0094
0.0051 -0.0323 0.0094
0.0075 0.0037 0.0100
-0.0004 0.0019 0.0033
-0.0047 -0.0115 0.0003
0.0087 0.0056 -0.0016
0.0008 0.0196 -0.0016
-0.0010 -0.0005 0.0021
0.0093 -0.0079 0.0009
-0.0041 -0.0091 0.0021
-0.0071 -0.0054 0.0033
0.0081 0.0037 0.0027
0.0038 -0.0005 0.0027
-0.0010 0.0019 0.0045
0.0002 0.0037 0.0033
0.0002 -0.0042 0.0027
0.0014 0.0013 0.0070
0.0008 0.0025 0.0045
0.0026 0.0044 0.0076
0.0008 0.0086 0.0064
0.0069 -0.0048 0.0052
0.0045 0.0019 0.0076
0.0057 0.0037 0.0064
0.0112 0.0050 0.0076
0.0136 0.0123 0.0076
0.0112 0.0349 0.0058
0.0069 0.0716 -0.0028
0.0063 0.0465 0.0039
-0.0016 -0.0720 0.0119
0.0038 -0.0702 -0.0034
-0.0114 0.0428 -0.0034
0.0026 -0.0445 -0.0119
0.0106 -0.0066 -0.0254
-0.0096 0.2078 -0.0236
0.0045 0.0563 -0.0150
0.0216 -0.1025 -0.0089
0.0191 -0.4159 0.0094
-0.0243 -0.6175 0.0162
0.0662 -0.2107 -0.0144
-0.0273 1.1369 0.0021
-0.1061 1.0465 -0.0193
-0.0359 0.5431 -0.0168
0.0246 -0.0879 0.0058
-0.0866 -0.6413 0.1805
-0.0511 -0.5198 0.3344
