D10
~A61
0.4166 2.0256 9.0815
1.2235 1.2522 7.9442
1.2091 1.1277 7.6784
1.2761 0.9745 7.6904
1.3001 1.0008 7.8508
0.7470 1.0702 8.2315
0.5962 1.3743 8.5332
0.2682 1.9394 9.7902
0.2011 1.4366 10.0823
-0.0599 0.9529 11.1406
0.0215 1.0463 12.2611
0.7374 1.2354 13.5492
1.2953 1.2570 14.7679
1.7454 1.5850 17.0448
2.0878 2.0758 18.5461
2.3919 2.0375 20.7105
2.8755 1.6161 23.3178
3.4932 0.5100 26.8183
4.7909 -0.0455 30.0984
4.9107 -0.9625 31.9348
4.5611 -1.8149 30.8742
4.0439 -2.6960 27.1319
2.9066 -3.3879 21.2300
-0.9697 -2.7486 14.3058
-3.3759 -0.9553 8.1094
-4.6233 1.1421 2.2267
-0.1221 0.0000 -0.0024
-0.0311 -0.0431 -0.0551
-0.0239 -0.0407 -0.0383
-0.0335 -0.0263 -0.0024
-0.0431 -0.0431 0.0096
-0.0383 -0.0479 0.0192
-0.0311 -0.0335 0.0383
-0.0359 -0.0239 0.0455
-0.0263 -0.0359 0.0718
-0.0168 -0.0335 0.0910
-0.0215 -0.0407 0.1197
-0.0287 -0.0311 0.0982
-0.0239 -0.0479 0.1413
-0.0407 -0.0359 0.1508
-0.0335 -0.0407 0.1604
-0.0215 -0.0359 0.1389
-0.0239 -0.0335 0.1604
-0.0311 -0.0479 0.1724
-0.0383 -0.0503 0.1604
-0.0335 -0.0311 0.1891
-0.0407 -0.0383 0.1844
-0.0311 -0.0359 0.2275
-0.0192 -0.0335 0.2179
-0.0311 -0.0239 0.2227
-0.0239 -0.0263 0.2251
-0.0287 -0.0479 0.2658
-0.0383 -0.0335 0.2634
-0.0287 -0.0503 0.2538
-0.0335 -0.0407 0.2849
-0.0311 -0.0407 0.2921
-0.0359 -0.0479 0.3065
-5.8875 -0.0599 23.1143
-3.2754 6.0264 64.8968
-1.5395 -2.1213 43.5135
6.6561 -3.8404 40.6524
~M61
-22.0200 2.0400 -36.5400
-22.8000 3.4200 -36.6000
-24.0600 4.6200 -37.0800
-24.5400 4.9200 -36.3600
-25.0800 5.7600 -35.0400
-24.9600 6.2400 -34.2000
-23.8800 6.3600 -33.8400
-24.1200 6.3600 -33.9600
-23.7000 6.0000 -34.6800
-21.9600 6.1200 -35.8800
-21.1200 5.8800 -36.3600
-19.8000 5.3400 -36.9600
-19.4400 4.9800 -37.3200
-18.6000 5.3400 -39.3000
-18.1800 5.1000 -40.0800
-17.0400 4.6200 -41.2200
-16.5000 4.3800 -41.7000
-15.4200 3.0600 -41.8200
-15.0600 3.0600 -42.1200
-14.2200 2.5800 -42.9600
-13.6200 1.6800 -43.3800
-12.8400 1.3200 -43.9800
-11.8200 0.8400 -44.0400
-10.5600 0.4200 -42.7800
-9.7200 0.1800 -42.6600
-9.6600 -0.3000 -42.8400
-10.6200 -0.9000 -43.6800
-10.6200 -1.8600 -43.1400
-10.5000 -2.4000 -42.6600
-10.9200 -3.1800 -42.6600
-11.4600 -4.5000 -42.3000
-18.5400 -4.9200 -38.7600
-26.8200 -1.0800 -34.1400
-29.4000 4.1400 -30.6000
-29.8800 6.2400 -27.3000
-30.3600 5.1000 -28.0200
-30.6000 3.9600 -29.2800
-30.1800 2.8800 -30.6600
-29.5800 2.1600 -31.4400
-28.0200 2.4000 -32.6400
-28.2000 2.7600 -32.8800
-27.9600 2.3400 -33.0000
-27.6600 1.8600 -32.5200
-27.7200 1.6800 -33.0000
-26.9400 1.6800 -32.3400
-26.4600 1.8600 -31.5000
-26.2200 2.0400 -31.4400
-26.2200 1.4400 -32.1600
-26.6400 1.2600 -32.5800
-27.0600 1.3200 -33.3600
-27.4200 1.0800 -33.9600
-27.4200 1.6200 -33.2400
-27.7200 2.1000 -32.7000
-28.7400 1.9200 -31.9200
-29.5200 1.5600 -31.6200
-30.4200 1.9800 -30.3600
-31.0800 2.2200 -29.7600
-32.4600 3.1200 -27.9000
-33.2400 2.9400 -26.5200
-33.3600 3.3600 -25.9800
-33.3000 3.3600 -26.1600
~G61
0.2553 -0.8533 -0.7688
0.5827 -0.7641 -1.1371
0.6762 -0.2620 -1.4627
0.6004 0.6158 -1.3967
0.5619 0.8827 -0.8384
0.6591 1.0807 -0.2636
0.6749 1.0147 -0.1188
0.6701 1.0153 -0.1133
0.6676 1.0159 -0.1109
0.6615 1.0147 -0.1097
0.6578 1.0184 -0.1042
0.6481 1.0129 -0.0999
0.6413 1.0074 -0.0956
0.6340 1.0061 -0.0913
0.6316 1.0013 -0.0883
0.6279 1.0031 -0.0809
0.6316 0.9970 -0.0748
0.6322 0.9921 -0.0706
0.6303 0.9872 -0.0681
0.6310 0.9841 -0.0651
0.6297 0.9793 -0.0571
0.6316 0.9725 -0.0535
0.6291 0.9670 -0.0467
0.6261 0.9591 -0.0437
0.6236 0.9524 -0.0406
0.6157 0.9457 -0.0370
0.6114 0.9371 -0.0302
0.6004 0.9255 -0.0290
0.5882 0.9029 -0.0241
0.5760 0.8834 -0.0205
0.5693 0.8699 -0.0168
0.5650 0.8528 -0.0119
0.5570 0.8272 -0.0082
0.5522 0.8082 -0.0058
0.5442 0.7789 -0.0028
0.5369 0.7545 0.0003
0.5247 0.7178 -0.0003
-2.1723 -11.8196 -0.8763
-2.3470 -19.9661 0.0180
-12.1777 2.1405 1.4945
-10.5931 -1.5570 1.5678
-6.1515 -4.2583 0.7181
-1.8296 -3.6841 -0.2239
0.6658 -1.7715 -0.9814
2.6975 1.0281 -1.4780
3.6236 2.6060 -1.5739
1.8319 2.3189 -0.5452
0.6126 1.7545 -0.1695
-0.8052 1.0410 -0.4108
-1.3464 0.3342 -0.7798
-1.0153 0.2181 -0.5898
-0.5175 0.3348 -0.3723
0.0140 0.2303 -0.1249
0.1404 0.1766 -0.0412
0.2400 0.7563 0.1457
0.3286 0.9121 0.5079
0.5534 0.6799 0.8152
0.8124 0.2041 0.8628
1.0170 -0.1496 0.7785
1.2131 -0.2987 0.7370
1.4104 -0.1722 0.7254
