D10
~A147
0.0000 5.6744 7.9873
2.8803 0.0120 6.3472
2.4086 -0.6680 7.5037
2.4613 -0.6848 9.0839
2.6241 -0.4166 11.3560
2.3033 0.2275 13.2164
1.6497 1.4294 15.1366
1.2738 3.0192 17.1119
1.1133 4.6377 19.3338
1.0319 6.4789 21.2755
0.5507 8.0041 22.2189
-0.0694 8.8588 22.1399
-0.4956 9.5532 21.8741
-0.9362 10.4917 22.9419
-1.6808 11.4638 24.0074
-1.8149 11.7391 23.5860
-1.4485 11.6410 22.1016
-1.9274 11.3848 20.5381
-2.8564 11.4805 20.7033
-3.5723 11.8134 21.8837
-3.6345 12.1533 22.4775
-3.3089 12.2587 21.9148
-3.3664 12.0312 20.1478
-3.8572 11.9187 17.9762
-3.7231 11.4494 14.7487
-3.4142 10.8820 11.4494
-2.3560 9.9769 6.5723
-0.5986 8.4255 3.3304
0.9673 6.3736 1.9561
1.0894 3.1988 2.7774
1.4078 0.5842 2.5762
2.2195 -1.3480 0.9505
0.0096 -0.1868 0.0359
-0.0263 -0.1772 0.0311
-0.0335 -0.1868 0.0479
-0.0383 -0.1748 0.0455
-0.0192 -0.1676 0.0670
-0.0192 -0.1700 0.1149
-0.0311 -0.1724 0.1125
-0.0120 -0.1700 0.1245
-0.0168 -0.1748 0.1532
-0.0287 -0.1580 0.1700
-0.0144 -0.1772 0.1844
-0.0168 -0.1604 0.2394
-0.0287 -0.1772 0.2514
-0.0287 -0.1580 0.2945
-0.0215 -0.1700 0.3280
-0.0144 -0.1461 0.3735
-0.0144 -0.1676 0.4022
-0.0239 -0.1628 0.4597
-0.0120 -0.1700 0.4908
-0.0455 -0.1796 0.5267
-0.0215 -0.1676 0.6058
-0.0359 -0.1628 0.6560
-0.0287 -0.1532 0.7279
-0.0311 -0.1652 0.8356
-0.0503 -0.1508 0.9026
-0.0431 -0.1413 0.9984
-0.0503 -0.1461 1.0750
-0.0192 -0.1341 1.1181
-0.0120 -0.1245 1.1923
-0.0168 -0.1293 1.2498
-0.0048 -0.1389 1.3097
-0.0263 -0.1341 1.3312
0.0024 -0.1317 1.3552
-0.0168 -0.1269 1.4007
0.0024 -0.1341 1.4102
-0.0072 -0.1508 1.5874
0.1532 -1.2426 16.2954
44.2558 -28.2620 77.5793
78.4532 -41.3994 78.2066
5.4829 -3.3161 7.8245
-3.3328 0.6273 -0.0982
-3.4741 0.8356 -0.3352
-3.2011 0.8691 0.0072
-3.2107 0.8212 0.0479
-3.3687 0.7877 0.0144
-3.6393 0.6560 0.0551
-3.9003 0.4980 0.0335
-4.2259 0.3256 0.0479
-4.9178 -0.2322 -0.0072
-5.2913 -0.5986 -0.0646
-5.6170 -0.9840 -0.1006
-5.9929 -1.5443 -0.1269
-6.2515 -1.9825 -0.0934
-6.4382 -2.4134 -0.0766
-6.5196 -2.7007 -0.0048
-6.5220 -0.6153 2.1237
-5.5236 6.4813 6.7854
-1.5682 9.6465 3.2873
21.1750 0.7638 2.4182
52.6142 -8.7152 14.4494
9.2180 -4.1205 6.8811
-7.9466 -0.1389 0.0455
-8.5571 1.0152 7.5252
-25.2357 8.5883 58.0372
-22.4583 4.7838 35.3179
-3.6920 0.0168 -0.7374
-2.7319 0.3113 -1.8125
3.3735 1.9394 6.5699
2.8827 0.1077 3.1964
-0.9697 0.3256 4.4126
-2.3871 2.8324 25.4918
-5.7798 0.1053 19.7719
-1.9825 -0.9170 10.5635
3.7614 -0.5339 4.3049
2.7726 0.9888 3.6201
1.8364 1.0487 7.9705
-2.2937 -0.0694 14.4614
-0.1053 -1.1085 14.0544
0.7063 0.7374 8.3656
0.6273 0.5315 6.8189
0.1101 -0.1149 10.1254
-0.1341 0.1030 11.3201
0.3376 0.3065 9.9003
0.5770 0.1389 9.4574
0.1030 0.0766 10.1158
0.0623 0.1724 10.1948
0.3807 0.2418 9.6010
0.2394 0.1891 9.4454
0.1508 0.1532 9.9338
0.3184 0.1796 9.8477
0.2562 0.1604 9.8477
0.2203 0.1293 9.9530
0.2706 0.1532 9.9338
0.2370 0.1532 10.0224
0.2179 0.1820 9.7423
0.2131 0.1915 9.5939
0.2227 0.1772 9.7806
0.2490 0.1508 9.8836
0.2562 0.1532 9.9027
0.2442 0.1532 9.9626
0.2394 0.1604 9.9338
0.2251 0.1461 9.8836
0.2299 0.1700 9.8620
0.2299 0.1844 9.7662
0.2083 0.1748 9.7112
0.2418 0.1556 9.7950
0.2394 0.1580 9.9267
0.2394 0.1628 9.9602
0.2442 0.1556 9.9267
0.2658 0.1556 9.8548
0.2155 0.1604 9.8237
0.2729 0.1365 9.8046
0.2251 0.1604 9.7662
0.2131 0.1508 9.8117
0.2562 0.1437 9.8955
~M147
-4.9200 10.4400 -39.4800
-6.0000 10.6200 -38.8800
-7.6200 10.5600 -38.5800
-8.2800 9.9600 -37.6800
-8.7000 9.7800 -36.4800
-10.0800 10.7400 -36.1800
-12.3600 12.4800 -36.5400
-14.1600 15.0600 -36.2400
-14.1600 17.9400 -35.4600
-14.2800 20.4600 -34.6200
-14.0400 21.4800 -34.2600
-13.4400 23.6400 -33.1200
-13.2000 24.3600 -32.6400
-13.2600 24.9600 -32.2200
-12.4800 25.7400 -32.3400
-11.5800 25.4400 -33.3000
-10.6200 24.5400 -33.6000
-10.0200 23.9400 -33.9000
-9.3600 23.3400 -35.4000
-8.8200 22.6800 -35.9400
-7.8600 19.8000 -37.0800
-7.5000 17.3400 -37.9200
-6.1200 15.1200 -39.4200
-5.2200 13.8600 -40.2600
-3.0000 12.0600 -40.8600
-2.1000 12.0600 -41.1600
-3.0000 12.4200 -42.1200
-3.7800 12.3000 -42.0000
-5.4600 12.0600 -42.8400
-6.3600 11.7000 -42.4200
-7.8000 10.9800 -41.7000
-8.8200 11.2200 -41.1600
-10.4400 10.9200 -41.5800
-11.4000 10.5000 -41.5200
-13.2000 9.6600 -41.3400
-13.1400 9.1200 -40.9800
-14.1000 8.8200 -40.9200
-15.9600 8.4000 -40.9800
-16.4400 7.6200 -40.9200
-16.6800 6.6000 -41.0400
-16.8000 5.8800 -40.6800
-16.8600 5.1000 -40.8000
-16.9200 4.2600 -40.6200
-17.0400 3.7800 -40.8600
-16.3800 2.0400 -41.3400
-14.9400 0.1800 -41.5200
-13.5600 -0.5400 -41.2200
-12.9600 -0.9600 -40.8600
-11.4600 -2.7000 -40.8600
-10.2600 -3.8400 -40.2600
-9.2400 -4.1400 -40.1400
-6.9600 -4.2600 -41.4600
-13.7400 0.1200 -36.4200
-17.8800 2.9400 -34.5000
-19.4400 4.5000 -33.4200
-15.8400 3.7200 -35.3400
3.2400 -3.4200 -39.1800
12.8400 -6.7200 -37.2000
29.4600 -12.0000 -27.1200
39.2400 -15.7800 -10.8000
39.8400 -19.2600 7.8600
31.8600 -22.4400 25.6800
17.0400 -24.7200 37.4400
8.4000 -25.2600 39.1800
-8.4000 -25.5600 37.2000
-23.1600 -25.8000 25.7400
-32.3400 -25.1400 9.7200
-35.9400 -19.9200 -4.9200
-32.5200 -13.3200 -19.5000
-16.8600 -12.9000 -32.1600
-6.6600 -14.7600 -36.0600
0.9000 -16.6800 -37.3800
3.1200 -19.9200 -36.9000
-8.4000 -20.3400 -35.5200
-12.1800 -20.0400 -34.3800
-11.7000 -18.7800 -34.3800
-5.4600 -18.3000 -36.3600
-4.3200 -18.8400 -36.3000
-6.7200 -19.2600 -35.7000
-6.8400 -18.9600 -35.4000
-6.3000 -18.6000 -35.5200
-6.8400 -18.9000 -36.3000
-6.9000 -18.4200 -36.0600
-6.3000 -18.3600 -35.5800
-6.6600 -18.9000 -36.1800
-6.7200 -18.4800 -36.0000
-6.7200 -18.6000 -36.0600
-6.5400 -18.6000 -36.2400
-6.1800 -19.3200 -36.1800
-6.0600 -18.7800 -36.0600
-6.8400 -18.0000 -36.4200
-6.7800 -18.7200 -36.0600
-6.8400 -18.6000 -35.6400
-7.0800 -18.0600 -36.1200
-6.9600 -18.8400 -36.7800
-7.0800 -18.8400 -36.4800
-7.4400 -19.0200 -36.1800
-6.4200 -19.3200 -35.9400
-6.3600 -18.9600 -35.9400
-6.4200 -18.8400 -35.5200
-6.6000 -19.0800 -36.0600
-6.1200 -18.6600 -36.0000
-6.0600 -18.2400 -36.4200
-6.1800 -18.5400 -36.3600
-6.6000 -18.6600 -36.0000
-6.7200 -18.4200 -35.1600
-6.8400 -18.1800 -35.9400
-6.4200 -18.5400 -35.7000
-6.9600 -18.9000 -36.3600
-6.7800 -18.7200 -36.3000
-5.5800 -18.7800 -35.7000
-5.8200 -18.6000 -35.5200
-6.0600 -18.2400 -36.4200
-5.8200 -18.4200 -36.6000
-6.0600 -18.6000 -36.4200
-6.3600 -19.0800 -36.2400
-6.5400 -19.0800 -36.1200
-6.0000 -19.1400 -35.4000
-5.5800 -18.9600 -34.8000
-5.4000 -19.6800 -34.4400
-5.1600 -19.5000 -34.7400
-4.9200 -19.3800 -34.9200
-5.0400 -19.0800 -34.8600
-5.2800 -18.7800 -35.4000
-5.7000 -18.7200 -36.1200
-5.8800 -18.8400 -36.6600
-6.1200 -18.8400 -36.9600
-6.1800 -18.7200 -36.9600
-6.6600 -18.3600 -36.1200
-6.6000 -17.9400 -36.5400
-6.3600 -18.0000 -36.7200
-6.3600 -18.4800 -36.1200
-6.9000 -19.1400 -35.6400
-6.4800 -19.0200 -36.2400
-6.0000 -18.6000 -36.3000
-5.6400 -18.5400 -35.9400
-6.3000 -18.4200 -35.8800
-6.7200 -18.4200 -35.6400
-6.5400 -18.7200 -36.2400
-7.2000 -18.7200 -36.3600
-6.8400 -18.4800 -36.0600
-6.5400 -18.5400 -36.3600
-6.1800 -18.6000 -36.7200
-6.1200 -18.6600 -37.0200
-6.1200 -18.7200 -36.7800
-6.1200 -18.8400 -36.4800
-6.4200 -19.1400 -36.1800
~G147
-2.3602 -2.5454 0.2678
-2.6986 -1.4183 0.3057
-3.0181 -0.4196 0.4615
-3.3162 0.0642 0.4254
-3.4249 0.3935 0.2727
-3.3180 0.6775 0.1053
-3.0706 0.7307 -0.0394
-2.7762 0.5407 -0.1469
-2.2136 0.2176 -0.2703
-1.5649 0.3703 -0.3272
-1.1275 0.7331 -0.3742
-0.9644 1.1112 -0.4579
-0.8007 1.4875 -0.4841
-0.5172 1.6048 -0.4664
-0.0750 1.6830 -0.4756
0.4046 1.7905 -0.5159
0.6532 1.8431 -0.6631
0.7430 1.8376 -0.7419
0.9489 1.6842 -0.6442
1.3594 1.3171 -0.4420
1.8798 1.0990 -0.3302
2.3245 1.1705 -0.4414
2.5988 1.3984 -0.6051
2.7564 1.7563 -0.5788
2.8236 2.1479 -0.4273
2.6703 2.4252 -0.3406
2.1058 2.5223 -0.4640
1.0533 2.4686 -0.7670
0.1804 2.0556 -1.1268
-0.0524 0.7850 -1.4548
0.0655 -0.7104 -1.7578
0.0564 -1.2760 -2.0327
0.0289 -1.2956 -2.0315
-0.0010 -1.3145 -2.0357
-0.0285 -1.3231 -2.0364
-0.0603 -1.3182 -2.0357
-0.0853 -1.3151 -2.0388
-0.1153 -1.2943 -2.0394
-0.1354 -1.2681 -2.0382
-0.1531 -1.2320 -2.0412
-0.1696 -1.1807 -2.0400
-0.1825 -1.1166 -2.0388
-0.1886 -1.0439 -2.0388
-0.1910 -0.9584 -2.0376
-0.1861 -0.8582 -2.0370
-0.1819 -0.7574 -2.0357
-0.1599 -0.6022 -2.0351
-0.1360 -0.4605 -2.0333
-0.1104 -0.3359 -2.0315
-0.0737 -0.1734 -2.0290
-0.0291 0.0086 -2.0266
0.0417 0.2566 -2.0217
0.1040 0.4540 -2.0168
0.1737 0.6610 -2.0125
0.2592 0.8901 -2.0095
0.3490 1.1039 -1.9997
0.4266 1.2731 -1.9918
0.5286 1.4851 -1.9832
0.6355 1.6763 -1.9747
0.7717 1.8932 -1.9606
0.8780 2.0514 -1.9478
0.9947 2.2090 -1.9288
1.1150 2.3592 -1.9075
1.2189 2.4839 -1.8849
1.3404 2.6170 -1.8537
1.4211 2.7044 -1.8287
1.4950 2.7862 -1.8024
1.5371 2.8296 -1.7853
-6.9392 -19.5720 -2.0516
-8.3167 -19.9642 0.0693
1.1614 17.9155 -1.8977
5.2115 20.0646 -2.1365
5.5438 20.0646 -1.1860
5.6238 20.0646 -0.9044
5.8370 20.0646 0.3277
5.7344 20.0646 1.2733
5.3837 20.0646 2.1713
4.9280 20.0646 2.8274
3.7112 20.0646 3.8408
2.1181 20.0646 4.4694
0.9299 20.0646 4.6349
-0.0450 20.0646 4.6147
-1.2411 20.0646 4.3900
-2.1397 20.0646 4.0674
-2.9601 20.0646 3.6270
-4.1201 20.0646 2.6203
-4.5758 20.0646 1.8817
-3.9937 19.5319 2.8249
-3.0309 14.9962 7.2512
-3.7163 13.8209 10.0710
-4.5581 17.4464 7.2360
-1.7829 20.0646 -0.9612
0.5775 20.0646 -3.2648
1.8059 20.0646 -3.1420
3.3233 20.0646 -2.5696
3.8169 3.8656 -0.6637
2.6519 -9.2924 0.0009
0.1639 -18.7645 -1.1885
-0.7536 -16.2642 -1.2667
-1.2674 -0.6981 -0.7981
-0.4775 9.0513 -0.5031
-0.1086 11.7079 -0.5361
-0.2814 10.6927 -0.4854
-0.5753 -4.8166 0.0229
0.4119 -6.8893 0.1163
1.0417 -1.8233 -0.0254
0.3600 2.2212 0.1267
-0.6443 2.2713 0.1200
-0.7927 0.8504 -0.1060
0.0924 -0.5338 0.0113
0.5384 -0.8179 0.0021
0.1419 -0.2559 0.0039
-0.2723 0.3202 -0.0009
-0.1654 0.3782 -0.0003
0.1260 -0.0848 0.0015
0.0814 -0.2730 -0.0003
-0.0591 0.1223 -0.0016
-0.0194 0.1333 0.0039
0.0265 -0.1044 -0.0022
0.0155 -0.0415 0.0021
-0.0194 0.0624 0.0003
0.0014 -0.0360 -0.0028
0.0093 0.0092 -0.0003
-0.0084 0.0300 -0.0003
0.0014 -0.0219 0.0003
0.0057 0.0080 0.0009
-0.0053 -0.0005 -0.0009
0.0026 -0.0030 -0.0003
0.0002 0.0037 -0.0009
-0.0029 -0.0030 0.0021
0.0014 -0.0030 0.0015
0.0008 0.0031 0.0039
-0.0023 0.0007 0.0027
0.0008 -0.0017 0.0003
0.0002 0.0001 0.0003
0.0008 0.0001 0.0009
0.0014 -0.0030 -0.0009
0.0002 -0.0011 -0.0016
0.0014 -0.0042 0.0009
0.0020 0.0025 0.0015
0.0002 -0.0017 0.0003
0.0002 0.0007 -0.0016
0.0014 -0.0024 0.0003
0.0002 0.0025 0.0003
-0.0004 -0.0005 -0.0009
0.0002 -0.0036 -0.0034
-0.0004 0.0013 -0.0016
