D10
~A194
-0.8284 3.6225 7.5587
-0.7973 3.5938 7.5084
-0.7877 3.4717 7.1972
-0.7470 3.1293 7.8293
-1.0774 2.9569 8.3584
-1.4485 2.9689 8.5595
-1.6568 2.9043 8.4638
-1.8005 2.7750 8.4398
-1.9154 2.7295 8.4278
-1.9633 2.7486 8.3943
-1.9777 2.7774 8.2674
-1.8053 2.7726 8.0735
-1.4030 2.9210 7.8389
-1.0702 3.0168 7.6880
-1.3863 2.4302 7.5539
-1.3097 2.5595 7.1517
-0.7542 2.9881 6.9147
-0.4621 3.3640 6.9697
-1.1014 1.6880 6.9578
-0.7614 1.8771 7.3193
-0.0862 2.8396 7.8772
-0.2538 3.4094 8.0112
-0.1341 4.2163 7.8843
0.4214 4.5084 7.5324
0.9697 4.3600 7.1325
1.0607 3.7015 6.7399
0.9673 2.9162 6.5771
0.8476 2.4805 6.8428
0.3687 2.2363 7.6090
-0.2179 2.2195 7.9753
-0.2753 2.5379 8.6840
-0.2035 2.6624 9.5867
0.0623 2.9090 10.4534
0.2873 3.1940 10.2092
0.3424 3.4454 9.7208
-0.1939 3.5531 9.4933
-0.9912 3.7710 9.6178
-1.3312 4.3791 10.6402
-1.2307 4.9059 12.1246
-1.0319 5.2674 14.0161
-0.9074 5.2554 14.9451
-1.4150 5.0423 16.3457
-2.2219 5.5930 16.7527
-2.6696 6.6633 17.3800
-3.0192 8.0615 18.9267
-3.2562 8.6290 20.1287
-3.2826 8.5978 20.1670
-3.8691 8.9259 16.6306
-4.3672 9.2132 14.8445
-5.0711 9.9865 13.5899
-5.6265 10.8844 13.2571
-5.9067 11.8948 12.7375
-6.7782 12.8429 11.8469
-7.5611 13.4295 10.9442
-7.8005 13.7982 10.4773
-8.4494 14.0879 10.6234
-7.2977 12.9506 10.5324
-6.5459 11.3896 9.5627
-6.2227 10.1326 7.7934
-5.4901 8.5380 7.2618
-3.4717 5.9833 7.6018
-1.9825 2.7821 6.3664
-0.3615 0.9146 3.5435
0.2753 -0.6848 0.1101
-0.2011 -0.0982 0.1101
-0.2035 -0.1030 0.1317
-0.1891 -0.1125 0.1508
-0.1963 -0.1006 0.1652
-0.1939 -0.0838 0.1652
-0.1724 -0.0910 0.1700
-0.1724 -0.1149 0.1939
-0.1939 -0.1101 0.2011
-0.1628 -0.0934 0.2299
-0.1484 -0.1053 0.2299
-0.1341 -0.1125 0.2227
-0.1508 -0.1030 0.2322
-0.1245 -0.0982 0.2538
-0.1269 -0.0790 0.2538
-0.1269 -0.0934 0.2586
-0.0958 -0.0886 0.2849
-0.0934 -0.0886 0.2849
-0.0838 -0.0886 0.2921
-0.0742 -0.0718 0.3256
-0.0599 -0.0790 0.3017
-0.0503 -0.0862 0.3065
-0.0479 -0.0790 0.3256
-0.0215 -0.0646 0.3160
-0.0120 -0.0838 0.2921
-0.0048 -0.0790 0.2849
0.0096 -0.0694 0.2801
-0.0048 -0.0694 0.2873
0.0215 -0.0814 0.2729
0.0335 -0.0694 0.2753
0.0455 -0.0646 0.2801
0.0335 -0.0599 0.2777
0.0455 -0.0575 0.2682
0.0311 -0.0646 0.2849
0.0575 -0.0551 0.2849
0.0431 -0.0479 0.2945
0.0694 -0.0503 0.2825
0.0670 -0.0575 0.3113
0.0670 -0.0527 0.3160
-34.3124 54.9462 -31.5111
56.8042 -72.8985 5.7199
36.2302 -78.2808 78.1659
-33.5510 -22.9970 40.5614
-16.4439 -7.3935 0.8787
-19.4918 -10.3672 -0.3041
-23.1957 -17.8733 -0.2562
-23.5908 -23.1933 -0.2538
-23.2101 -25.7408 -0.2299
-22.9587 -26.4950 -0.2514
-23.0664 -25.9252 -0.2418
-23.3753 -21.1582 -0.2658
-22.2668 -15.8238 -0.2825
-18.9986 -10.7790 -0.3520
-15.0313 -6.7878 -0.4046
-9.5986 -4.3839 -0.4190
-5.1860 -3.7542 -0.4310
-2.7965 -3.7877 -0.4621
-2.7558 -3.7087 -0.4956
-4.1756 -3.5387 -0.4549
-7.4606 -3.6489 -0.3831
-14.6913 -6.3592 -0.2131
-18.6155 -9.7950 -0.1963
-21.3114 -14.0759 -0.2179
-21.9651 -15.7495 -0.2466
-22.6810 -23.6315 -0.3639
-22.2787 -25.3745 -0.4645
-22.5373 -23.3490 -0.5291
-22.4894 -19.4846 -0.4980
-21.0505 -14.2866 -0.4142
-18.0145 -9.6058 -0.2179
12.0743 -16.1254 -0.1053
6.8333 -8.9091 -19.3697
-56.0548 -2.4230 -24.5174
-77.9097 0.0623 77.9863
-23.1335 -0.6345 24.0673
-3.0479 0.7710 -0.3184
-3.0527 0.7781 -0.2706
-3.1676 0.7207 -0.1724
-2.8348 0.2658 1.7335
0.2849 -1.3528 6.1437
2.6600 -2.4589 6.3472
2.0256 -2.3296 3.6824
1.1516 -1.9825 2.2243
0.7518 -1.8963 1.2738
1.5802 -2.3703 0.9697
3.6369 -3.4573 0.6321
7.1110 -5.4063 0.0551
10.1038 -7.6593 -0.2322
10.2355 -8.4542 -1.4414
7.0918 -7.2906 -1.5946
3.0096 -5.1309 -1.2450
1.0080 -4.0607 -0.9529
-1.0271 -2.6361 -0.3615
-0.6943 -0.5220 6.8500
-7.4965 5.1142 16.1853
-10.7240 2.7750 5.7702
-21.3019 5.2411 -78.4317
-5.2866 -2.7821 -15.3712
-0.5459 -1.6425 2.2865
-0.0718 -0.5435 5.2626
0.0694 -0.1772 2.4182
-0.0120 -0.1580 1.3360
-0.0503 -0.2155 1.3169
-0.0239 -2.3871 -1.8843
-5.1716 -4.7957 -36.6731
2.2913 -1.0439 -4.9921
0.3759 1.0487 1.2067
0.0886 0.4190 -0.6848
-0.3232 -0.2394 -8.3105
-1.5659 -1.2953 -20.0688
0.0479 -0.1676 -13.0153
0.1341 0.1508 -7.4414
-0.2227 -0.3687 -6.3760
-0.1939 -0.3639 -6.7064
-0.1963 -0.2227 -11.6194
-0.1652 -0.1604 -10.4821
-0.3831 -0.4525 -8.9187
-0.3998 -0.3974 -8.6050
-0.2107 -0.2729 -9.7040
-0.1508 -0.2945 -10.4103
-0.2538 -0.3184 -10.0272
-0.2370 -0.2945 -9.4933
-0.2873 -0.3137 -9.7758
-0.2610 -0.3352 -10.0129
-0.2203 -0.2921 -9.6681
-0.2634 -0.3280 -9.4670
-0.2586 -0.3160 -9.4694
-0.2610 -0.3400 -9.7351
-0.2562 -0.3113 -9.9099
-0.2203 -0.2849 -9.8668
-0.2490 -0.2921 -9.7782
~M194
-6.4200 1.5000 -34.3800
-6.6600 1.2600 -33.6600
-6.7200 0.7200 -33.0000
-7.5000 0.6600 -33.3600
-7.1400 1.1400 -34.1400
-7.2600 1.6200 -33.6600
-7.2600 1.1400 -33.2400
-7.7400 1.2600 -33.2400
-8.5800 1.6200 -33.5400
-8.8800 2.4000 -34.2600
-9.8400 3.1800 -34.2000
-10.4400 3.8400 -33.7800
-10.0800 5.4600 -33.5400
-9.3600 6.5400 -32.5800
-9.1800 8.1000 -32.4600
-9.8400 9.6000 -33.3600
-9.1800 9.4800 -33.4200
-9.0000 10.2000 -34.1400
-9.5400 10.8000 -33.7800
-9.4200 11.6400 -33.1200
-8.7000 12.9000 -32.8200
-8.6400 13.5000 -32.7600
-7.2600 14.1600 -33.0000
-6.4800 14.4000 -33.3600
-5.5200 14.9400 -32.7000
-4.8000 14.3400 -32.1600
-4.1400 13.3800 -33.0600
-3.4200 12.3600 -34.2000
-4.1400 11.4600 -35.0400
-3.8400 10.3800 -34.0200
-3.0600 9.4800 -33.9000
-3.0000 8.1000 -33.9000
-2.8800 8.1000 -35.2200
-3.4800 8.6400 -35.9400
-4.5600 8.8200 -37.1400
-7.2000 8.1000 -37.8600
-10.6200 7.3800 -37.9200
-13.8600 5.9400 -37.3200
-16.0200 5.4000 -36.8400
-20.1000 4.4400 -36.1200
-23.2800 3.9000 -34.6800
-25.6800 2.4600 -32.7600
-27.0000 1.9200 -31.5600
-30.7200 0.9600 -29.7600
-34.0200 0.0600 -27.6600
-35.2200 -0.4200 -26.4000
-37.5600 -1.5600 -23.7000
-38.4600 -2.4000 -22.4400
-39.1200 -3.4200 -19.5600
-40.2000 -4.1400 -16.5600
-41.9400 -5.4000 -14.6400
-43.0800 -6.9000 -12.1800
-43.0800 -7.5600 -10.7400
-43.6200 -8.7000 -8.9400
-43.6200 -9.1800 -8.1000
-44.0400 -10.2600 -5.8800
-44.5800 -11.2800 -4.8600
-44.1000 -12.1800 -3.1800
-43.7400 -13.6200 -0.9000
-43.5600 -14.2800 -0.0600
-43.2600 -15.6600 1.8600
-40.3800 -16.8000 3.7200
-34.9800 -3.6000 0.7800
-30.4800 12.5400 -3.3000
-9.8400 34.9200 -16.2000
4.3200 34.3200 -20.2200
31.3200 18.8400 -8.8200
35.8200 4.9800 20.2800
16.4400 -9.2400 39.9000
-8.7000 -22.6800 35.8200
-17.2200 -28.6200 26.4000
-16.7400 -36.8400 3.4800
0.0000 -41.2800 -4.6200
12.9600 -41.8200 8.2200
6.7200 -34.1400 27.9000
-3.1200 -27.4800 33.6600
-26.2800 -10.5600 27.1200
-33.9600 -2.2800 15.9000
-36.9000 5.7600 1.2600
-12.1200 25.4400 -29.4600
1.3800 30.2400 -28.6200
17.7600 35.3400 -10.2600
12.9000 35.8200 12.8400
4.9200 34.5000 18.1800
-9.0600 31.8600 11.7600
-12.4200 31.0200 2.4600
-3.4800 28.6800 -15.9000
4.0800 28.6200 -19.6800
15.1800 30.6600 -18.9000
10.0800 35.8200 -17.3400
3.6000 39.8400 -14.7000
1.0200 41.4600 -13.4400
-4.6800 45.7200 -12.0000
-11.1600 48.6000 -10.7400
-17.2800 50.0400 -9.1800
-23.1600 49.8000 -7.2000
-26.7600 49.7400 -5.9400
-34.4400 47.7600 -1.2600
-40.7400 42.1200 8.2800
-44.8200 34.0800 20.5800
-45.1200 25.1400 33.9600
-41.7000 21.0000 41.2800
-29.7000 18.3600 52.5600
-26.1600 20.2200 55.1400
-29.6400 23.9400 52.8000
-33.3600 23.8800 50.5200
-34.3800 22.9200 49.3200
-32.4600 22.2000 50.4000
-25.9800 22.4400 54.0000
-22.6200 24.9600 56.2200
-23.3400 24.9000 56.4000
-23.9400 25.4400 55.5000
-23.6400 25.7400 55.6800
-23.2800 25.4400 56.5800
-23.3400 25.8000 56.7600
-23.5800 25.6200 56.5800
-23.7600 25.4400 56.7600
-23.7600 25.5600 56.6400
-23.2800 25.3200 57.0000
-23.2800 25.4400 56.5800
-23.5200 25.5000 56.1000
-23.6400 25.2000 56.3400
-23.7000 24.9600 56.9400
-23.9400 25.7400 57.1800
-24.0000 26.1600 57.2400
-23.2800 26.0400 56.6400
-23.5200 25.8000 56.0400
-23.7600 25.2000 56.2800
-23.9400 25.0200 56.8800
-23.2800 25.2600 57.3600
-23.1600 25.5600 57.3000
-22.9800 25.3800 57.0000
-24.3000 25.5600 56.5800
-24.1200 25.5000 57.0600
-23.5200 24.8400 56.7600
-24.0600 25.0200 56.3400
-24.1200 25.5600 56.8200
-24.4800 25.3200 56.7600
-24.0600 24.8400 56.8200
-23.1000 25.2000 56.7600
-23.7600 25.5000 56.8800
-24.6600 25.4400 56.7600
-24.5400 25.3800 56.4600
-24.1200 25.3800 56.6400
-22.9200 24.9600 57.5400
-21.9000 24.4200 57.9600
-21.6600 24.8400 58.0800
-22.5600 25.0200 58.8600
-23.1000 25.0200 58.3800
-24.3000 25.1400 56.8800
-25.0200 24.8400 55.6200
-26.8800 24.3000 54.0600
-27.7200 23.8200 53.2200
-28.6200 22.6800 51.3000
-29.7600 22.3200 49.2000
-32.1000 20.8800 46.3200
-33.8400 19.3800 44.4000
-35.6400 18.0600 42.0600
-39.3000 14.2800 35.5200
-43.4400 11.1600 26.5800
-47.0400 8.8800 16.8000
-48.6600 7.2000 11.3400
-48.7200 5.9400 6.6600
-48.4800 4.0200 -3.7800
-46.9800 3.7200 -8.4000
-43.6800 3.0600 -19.1400
-38.2800 2.5800 -27.8400
-31.6200 3.0600 -34.4400
-28.6200 3.5400 -36.8400
-25.6200 3.6000 -38.8200
-21.1200 4.8600 -41.8200
-17.1000 6.3600 -43.6200
-13.6800 7.0800 -44.4000
-11.1000 7.1400 -44.8200
-9.9000 7.2600 -44.5200
-9.1800 8.0400 -44.8200
-8.9400 9.1200 -43.8600
-9.3000 9.4200 -43.3200
-9.1800 10.0800 -42.1800
-9.9600 10.9800 -43.0800
-10.0200 10.9200 -43.0200
-10.2000 11.1600 -43.5000
-11.2200 10.3200 -42.6000
-12.1200 10.5600 -41.8800
-12.0000 11.2200 -42.3600
-11.3400 11.1600 -42.7800
-11.3400 11.2200 -43.2600
-11.4600 11.1600 -42.6600
-11.2800 11.2200 -42.7800
-10.9800 11.3400 -42.6600
-10.3200 11.3400 -42.7200
-10.0800 11.1600 -42.6600
-9.9600 11.2200 -43.0200
-9.7200 11.3400 -43.0800
~G194
-0.3645 -1.1563 0.3778
-0.6363 -1.5595 0.2171
-0.9204 -1.4220 -0.0352
-1.1855 -1.0598 -0.3137
-1.4854 -0.8405 -0.5385
-1.7316 -0.5943 -0.6613
-1.9234 -0.0537 -0.6741
-1.9051 0.0331 -0.5342
-1.8513 -0.0189 -0.4194
-1.8061 -0.1172 -0.3858
-1.6217 -0.0696 -0.3742
-1.3944 -0.0543 -0.3730
-1.2979 -0.0995 -0.4053
-1.2863 -0.0842 -0.4365
-1.2851 -0.0977 -0.3772
-1.3126 -0.1600 -0.2361
-1.3236 -0.2290 -0.1280
-1.3010 -0.2656 -0.0975
-1.1886 -0.1447 -0.0675
-1.1348 -0.0604 -0.0449
-0.8208 0.5169 0.2049
-0.5551 0.7912 0.5366
-0.3957 0.8822 0.6295
-0.1721 0.9726 0.6673
0.1963 1.1503 0.6618
0.5206 1.3342 0.6270
1.2897 1.7233 0.4444
1.4003 1.4827 0.3918
1.4180 1.0648 0.3472
1.3691 0.6055 0.2917
1.2763 0.4759 0.2031
1.1248 0.5016 0.0626
0.9660 0.5865 -0.0278
0.7589 0.6690 -0.0132
0.4089 0.5975 0.0992
0.2109 0.3959 0.1890
0.0301 0.2640 0.1341
-0.3242 0.1962 -0.0107
-0.6113 0.0373 -0.0486
-0.6681 -0.5418 -0.0394
-0.3511 -1.5491 -0.0810
0.4614 -3.5179 -0.1958
0.7882 -4.1587 -0.3785
0.8163 -4.2045 -0.5293
0.8053 -4.2124 -0.5556
0.7919 -4.2094 -0.5764
0.7748 -4.1923 -0.6088
0.7577 -4.1672 -0.6399
0.7406 -4.1349 -0.6643
0.7222 -4.0903 -0.6894
0.7088 -4.0524 -0.7126
0.6960 -3.9876 -0.7364
0.6837 -3.9308 -0.7572
0.6727 -3.8496 -0.7804
0.6624 -3.7952 -0.7963
0.6440 -3.6645 -0.8287
0.6330 -3.5765 -0.8482
0.6208 -3.4562 -0.8623
0.6135 -3.3542 -0.8818
0.6049 -3.2161 -0.9026
0.5970 -3.0878 -0.9191
0.5915 -2.9816 -0.9325
0.5872 -2.7714 -0.9563
0.5799 -2.6291 -0.9643
0.5762 -2.5179 -0.9759
0.5683 -2.3780 -0.9869
0.5603 -2.2461 -0.9967
0.5530 -2.1434 -1.0064
0.5469 -2.0396 -1.0162
0.5359 -1.8808 -1.0229
0.5304 -1.7763 -1.0296
0.5213 -1.6767 -1.0388
0.5145 -1.5735 -1.0449
0.5048 -1.3768 -1.0529
0.5048 -1.2375 -1.0602
0.5041 -1.1135 -1.0608
0.5005 -0.9419 -1.0657
0.4986 -0.8063 -1.0706
0.4968 -0.6407 -1.0694
0.4956 -0.4691 -1.0730
0.4895 -0.3273 -1.0724
0.0564 0.7655 0.3698
-12.3118 15.1679 20.0415
-18.3905 20.0646 20.0415
-1.9888 20.0646 10.4051
7.8687 20.0646 15.5144
0.9586 20.0646 16.3996
-9.5171 20.0646 13.8095
-14.6252 20.0646 10.1529
-18.1401 20.0646 5.0894
-19.2292 20.0646 -0.3717
-18.5634 20.0646 -4.1518
-15.1444 20.0646 -9.5476
-9.6686 20.0646 -13.2628
-2.5264 20.0646 -15.1107
5.1308 20.0646 -14.6397
13.1026 20.0646 -11.2158
17.6414 20.0646 -6.7315
19.7721 20.0646 -2.0669
19.9345 20.0646 3.2965
18.4043 20.0646 7.4162
14.9175 20.0646 11.4937
6.9842 20.0646 15.3617
1.0521 20.0646 16.0068
-6.3388 20.0646 14.7130
-7.7047 20.0646 14.1974
-17.0094 20.0646 6.3423
-18.7448 20.0646 -0.9796
-16.3533 20.0646 -7.5097
-11.3986 20.0646 -11.9696
-3.5373 20.0646 -14.6587
3.7924 20.0646 -14.6281
10.7148 20.0646 -14.9207
9.7710 20.0646 -2.9826
-6.6729 20.0646 -2.9068
-13.2764 13.7898 -9.8444
-5.8043 -19.5824 -1.7126
-5.3577 -19.9642 -0.2905
-5.1720 -19.9642 0.6246
-4.9148 -19.9642 1.1951
-3.7298 -19.9642 2.0699
-1.5093 -17.5214 2.1004
0.8194 -13.7535 1.4053
1.9488 -11.8275 0.7645
2.5408 -10.7603 0.2116
2.8151 -10.1873 -0.2282
3.0179 -9.6259 -0.9008
2.9800 -9.2344 -2.1378
2.6629 -9.1568 -3.6765
1.9281 -9.5276 -5.5097
0.8438 -10.2582 -6.9709
-0.8404 -11.0993 -8.1365
-1.5484 -11.3217 -8.3551
-3.5251 -11.4481 -8.3454
-4.3962 -11.6528 -8.0448
-2.1049 -19.9471 -4.7003
3.2036 -19.9642 -1.7358
7.1974 6.2847 0.3289
-1.8856 14.3689 1.9062
-4.1775 7.7556 1.5745
-3.5618 3.5907 1.3155
-1.9503 -0.4575 1.2159
-0.9479 -2.4806 1.1450
-0.1159 -3.8184 1.0021
0.0020 -3.9748 0.9856
3.3801 -5.5490 0.4694
-1.9460 3.3800 0.0821
-2.0340 1.5645 -0.1109
0.0014 -0.5185 0.0357
0.6624 -0.9602 -0.0040
0.8456 -0.8820 -0.0498
0.3936 -0.1679 -0.0126
-0.4665 0.5590 -0.0132
-0.1348 0.2121 0.0082
0.2024 -0.1765 0.0003
0.2286 -0.2284 0.0033
-0.1232 0.0343 -0.0077
-0.0750 0.0862 -0.0022
0.0930 -0.0653 0.0033
0.0106 -0.0250 -0.0022
-0.0401 0.0428 -0.0016
0.0075 0.0037 0.0009
0.0045 -0.0121 -0.0009
-0.0053 0.0050 -0.0003
0.0032 -0.0109 -0.0003
-0.0010 0.0013 0.0003
0.0002 0.0044 0.0003
0.0008 -0.0091 -0.0016
-0.0010 0.0056 0.0015
0.0008 -0.0066 -0.0003
-0.0004 -0.0030 0.0009
0.0008 0.0019 -0.0003
-0.0016 -0.0060 -0.0003
-0.0004 -0.0005 -0.0022
0.0008 -0.0036 0.0009
0.0014 -0.0030 0.0003
-0.0016 0.0019 0.0003
0.0014 -0.0036 -0.0003
0.0026 0.0025 0.0015
-0.0004 -0.0030 -0.0009
-0.0004 0.0044 -0.0003
0.0008 0.0007 -0.0003
-0.0016 -0.0164 0.0039
-0.0071 -0.0109 0.0027
0.0063 -0.0066 0.0009
-0.0010 -0.0182 0.0033
0.0026 0.0190 0.0009
-0.0016 -0.0036 0.0021
-0.0029 -0.0085 0.0045
0.0032 0.0068 0.0033
-0.0041 -0.0042 0.0003
0.0020 -0.0054 0.0003
-0.0670 0.1229 -0.0248
-0.0542 0.1565 -0.0327
