D10
~A208
-3.4478 3.4765 9.2371
-0.7853 3.4525 8.2579
-0.8164 3.1940 8.6385
-1.2402 2.8516 9.0408
-1.7215 2.6122 10.1613
-2.2243 2.0878 11.1837
-2.4900 1.8388 10.9203
-2.6337 2.0423 10.4438
-2.4996 2.2171 9.8453
-1.7766 2.2219 9.0264
-0.6608 2.4110 8.6433
-0.7470 2.3224 8.7702
-1.3576 2.7438 8.4829
-1.8173 3.4358 7.4199
-1.5754 3.5100 6.6297
-1.5539 3.4286 6.9195
-1.5706 3.0240 7.4989
-1.4940 2.5523 8.0136
-1.4222 2.3775 8.7583
-1.2331 2.2530 9.7471
-1.1660 2.5164 10.7287
-1.4246 3.0479 11.2435
-1.4509 3.3400 10.9682
-1.2402 3.6968 10.6090
-1.1684 4.3360 10.5635
-1.4701 4.8795 10.9179
-1.9920 5.2387 11.5667
-2.3703 5.8732 12.1031
-2.0998 7.0033 12.5053
-1.8077 8.3824 12.9530
-2.7462 9.4813 14.2459
-4.1086 10.0200 15.4934
-5.0974 9.8740 15.7831
-5.0423 9.5268 15.5724
-4.4294 9.7303 15.6633
-4.3145 10.2714 17.0688
-6.2658 10.9347 18.4168
-7.2666 12.8022 18.2324
-8.1525 14.2914 17.7847
-9.6202 15.5508 15.5867
-10.6210 15.6418 13.6234
-10.9538 15.0432 10.9155
-8.3848 13.6929 9.6441
-5.0495 11.8972 9.2084
-3.1580 9.8692 8.7702
-1.2833 5.9617 6.1317
-0.5938 0.9601 1.4318
0.1053 -0.6680 0.1820
-0.1772 -0.4358 0.0455
-0.1939 -0.4046 0.0790
-0.2107 -0.3998 0.0742
-0.1939 -0.3998 0.1245
-0.2083 -0.3903 0.1293
-0.2035 -0.3927 0.1748
-0.2083 -0.3807 0.1939
-0.1987 -0.3735 0.2466
-0.1844 -0.3807 0.2634
-0.1820 -0.3615 0.2945
-0.1868 -0.3735 0.3160
-0.1820 -0.3639 0.3544
-0.1604 -0.3687 0.3831
-0.1748 -0.3424 0.4118
-0.1628 -0.3424 0.4549
-0.1341 -0.3376 0.4549
-0.1245 -0.3424 0.4621
-0.1245 -0.3256 0.5076
-0.1269 -0.3304 0.5243
-0.0838 -0.3089 0.5124
-0.0886 -0.3256 0.5148
-0.0599 -0.3137 0.4956
-0.0335 -0.3065 0.4956
-0.0383 -0.2921 0.4669
-0.0311 -0.3065 0.4429
-0.0335 -0.2993 0.4382
-0.0239 -0.2969 0.4453
-0.0024 -0.2825 0.4405
-0.0168 -0.2849 0.3951
-0.0024 -0.2825 0.3663
-0.0192 -0.2753 0.3855
0.0120 -0.2753 0.3496
0.0072 -0.2658 0.2945
0.0024 -0.2538 0.3304
0.0263 -0.2275 0.3855
-3.2610 54.3261 -33.5725
-13.2834 76.2577 -54.7092
-15.5628 -77.0741 -13.3265
78.2449 -78.2808 77.9815
6.9913 -39.1416 50.7395
0.1461 -9.1557 -0.3376
0.1939 -8.6098 -0.7566
0.1556 -8.4039 -0.3208
0.2418 -8.2555 -0.1293
0.2753 -8.0615 -0.1341
0.3160 -7.9346 0.0239
0.4429 -7.7838 0.0239
0.4645 -7.5731 0.0263
0.4836 -7.4653 0.0048
0.5842 -6.5436 -0.2993
0.8955 -5.3416 -0.8548
1.7023 -3.0575 -1.1301
2.3129 -1.1732 -0.7949
2.7869 0.4429 0.0838
3.1772 1.7454 0.6991
3.8548 3.6776 2.1237
4.6353 5.2961 3.0216
4.0176 4.0296 3.5507
2.5260 0.0862 3.0264
1.0894 -4.0056 1.7718
0.5459 -5.8708 0.9098
26.7440 -5.4589 -10.6521
46.6931 -2.7821 -35.2629
0.4214 0.3113 -12.2252
-11.2675 1.7430 -0.7422
-18.3234 11.5404 -32.3706
-22.4942 7.7694 -27.9053
-6.1269 1.2187 -4.0870
-3.9960 0.7781 -4.5084
-2.6672 0.1221 -16.2930
-1.2498 -0.7470 -8.1788
-0.9290 -0.2921 -0.8236
-0.5770 1.4940 0.5363
-1.2666 2.4110 -6.7040
-3.5052 2.2770 -15.0696
-6.2922 -0.1772 -23.3011
1.0295 -2.8516 -19.9228
3.1916 -1.0271 -8.1405
0.9577 1.0559 -3.9529
-0.9146 0.9960 -5.0854
-0.1676 -0.2610 -9.5101
0.3424 -0.4022 -12.4861
0.4860 -0.0551 -10.6761
-0.0455 0.1556 -9.2299
0.2849 -0.1939 -9.8907
0.2275 -0.0790 -9.5484
0.1437 0.0575 -9.6298
0.2131 -0.0239 -10.1924
0.2322 -0.0407 -9.4598
0.2011 0.0335 -9.3018
0.2107 -0.0599 -10.1110
0.1389 -0.0335 -10.0631
0.1484 -0.0263 -9.7854
0.2203 -0.0455 -9.7136
0.2083 0.0024 -9.7447
0.2275 -0.0120 -9.6777
0.2251 -0.0168 -9.6537
0.1915 -0.0383 -9.6034
0.1987 -0.0263 -9.7160
0.1628 -0.0168 -9.8429
0.1844 -0.0479 -9.8979
0.1820 -0.0431 -9.8429
0.1915 -0.0383 -9.7615
0.1963 0.0000 -9.6729
0.2179 -0.0120 -9.6537
0.2107 -0.0120 -9.6705
0.1724 -0.0215 -9.7112
0.1868 -0.0335 -9.7782
0.1820 -0.0383 -9.8189
0.1987 -0.0407 -9.8189
0.2083 -0.0192 -9.7830
0.1987 -0.0048 -9.7279
0.2107 -0.0144 -9.6609
0.2107 -0.0072 -9.6537
0.2011 -0.0144 -9.6848
0.1915 -0.0263 -9.7471
0.1844 -0.0263 -9.7878
0.1891 -0.0359 -9.8069
0.2059 -0.0263 -9.7423
0.2059 -0.0239 -9.6633
0.1963 -0.0287 -9.6585
0.1891 -0.0239 -9.6824
0.1915 -0.0239 -9.7806
0.1772 -0.0359 -9.7854
0.2059 -0.0287 -9.7830
0.1987 -0.0359 -9.7854
0.2011 -0.0192 -9.7255
0.2059 -0.0120 -9.7088
0.1748 -0.0168 -9.7064
0.1891 -0.0144 -9.7184
0.2011 -0.0120 -9.7447
0.1868 -0.0551 -9.7734
0.1987 -0.0144 -9.7806
0.1796 -0.0287 -9.7710
0.1915 -0.0311 -9.7160
0.1868 -0.0215 -9.7016
0.1915 -0.0192 -9.7088
0.2083 -0.0263 -9.7255
0.1796 -0.0192 -9.7519
0.1844 -0.0239 -9.7662
0.1844 -0.0239 -9.7806
0.1891 -0.0239 -9.7806
0.1868 -0.0215 -9.7423
0.2035 -0.0120 -9.7375
0.1748 -0.0168 -9.6968
0.1939 -0.0239 -9.7327
0.2059 -0.0144 -9.7447
0.1844 -0.0311 -9.7543
0.1844 -0.0168 -9.7543
0.1963 -0.0215 -9.7567
0.2107 -0.0192 -9.7423
0.1868 -0.0215 -9.7279
0.2035 -0.0287 -9.7303
0.2011 -0.0335 -9.7184
0.1868 -0.0215 -9.7399
0.1796 -0.0144 -9.7567
0.1987 -0.0287 -9.7686
0.2011 -0.0575 -9.7495
0.2059 -0.0335 -9.7447
0.1796 -0.0455 -9.7303
~M208
-2.8800 10.3800 -39.1200
-3.5400 9.7200 -39.1200
-4.0800 9.4800 -39.7200
-4.6800 9.7200 -39.7800
-4.2600 10.6200 -39.6600
-3.9600 12.0000 -38.6400
-4.3200 13.2600 -38.5800
-4.3800 13.4400 -39.4200
-4.2000 13.8600 -39.4200
-4.8000 14.5200 -38.8200
-5.2200 15.3600 -38.6400
-5.1000 15.3600 -38.2200
-5.1000 15.6600 -37.3800
-5.1600 16.2600 -36.8400
-4.8000 16.3800 -36.9000
-4.0800 17.1600 -37.5600
-3.9000 17.4000 -38.4600
-3.5400 16.6800 -39.2400
-3.0000 15.9600 -39.4200
-2.2800 15.4200 -39.9000
-0.6000 14.2200 -39.6600
-0.1200 14.5200 -40.0200
-0.8400 13.6200 -40.2600
-3.3600 11.5800 -41.0400
-6.8400 9.0600 -42.0600
-8.8800 8.0400 -42.4200
-10.0200 6.6000 -42.4800
-13.3800 4.2600 -41.8200
-16.2600 1.9200 -40.3200
-17.5200 0.3600 -40.0800
-20.5800 -2.4000 -39.1800
-23.7600 -4.8000 -37.1400
-24.3600 -6.1800 -36.2400
-26.3400 -8.1600 -34.6800
-26.2200 -9.7800 -33.6600
-27.5400 -12.1800 -33.0000
-29.5200 -14.5200 -31.0800
-30.3000 -17.3400 -28.9200
-30.4200 -18.7800 -27.9600
-29.8200 -21.6600 -25.4400
-29.5200 -24.3600 -22.2600
-29.3400 -26.1000 -21.0600
-29.2200 -26.8200 -21.0600
-28.5600 -27.6600 -20.6400
-28.0800 -29.6400 -19.1400
-28.0200 -30.9600 -18.6000
-27.6000 -31.9800 -17.8800
-25.3800 -34.4400 -14.7600
-23.4000 -35.2800 -12.6000
-19.8000 -36.5400 -8.5200
-18.7800 -36.2400 -8.1000
-17.7000 -23.9400 -17.8200
-16.2000 -9.3600 -25.8000
-13.7400 4.3200 -31.1400
-11.2800 15.7800 -33.4200
-9.0600 15.0600 -31.6800
-9.6000 4.0800 -34.1400
-9.3000 -7.3200 -34.3200
-8.4000 -18.4800 -31.2000
-7.9800 -23.9400 -29.1000
-7.7400 -32.4600 -22.0200
-9.1200 -35.2800 -19.0200
-10.0200 -37.1400 -15.6000
-13.4400 -39.1800 -9.2400
-16.8600 -39.3000 -2.8800
-20.2200 -37.8600 1.3800
-22.3200 -36.7800 3.4200
-26.6400 -33.4200 8.1000
-30.6600 -27.9000 12.6600
-33.2400 -21.0000 16.2600
-31.5600 -18.8400 20.9400
-18.1800 -17.7600 33.6600
1.8600 -20.2200 40.9800
7.1400 -21.6600 41.7600
7.4400 -22.0800 42.1200
-2.2800 -20.5800 43.2000
-6.4200 -20.4600 43.8000
-8.9400 -20.1600 42.3600
-4.4400 -21.0000 41.0400
-0.5400 -20.9400 41.8200
-0.9600 -20.5800 42.5400
-1.5600 -20.1000 42.9000
-3.8400 -21.0000 42.7200
-3.4200 -21.0600 42.3000
-3.1800 -21.0600 42.4200
-2.5800 -20.8200 42.7200
-2.2200 -20.5200 42.7800
-1.5600 -20.1600 42.1800
-1.9200 -20.5800 42.0000
-2.3400 -20.4000 41.9400
-3.1200 -20.5800 42.4800
-3.4200 -20.5200 42.3600
-3.3000 -20.7000 41.8200
-2.9400 -20.6400 41.9400
-2.7000 -21.0600 42.1200
-2.8800 -21.2400 42.5400
-2.7000 -20.8200 42.6600
-2.8200 -20.4600 42.0000
-2.7600 -20.9400 42.4800
-2.1600 -21.3000 42.6600
-2.3400 -20.9400 42.2400
-2.7000 -20.5800 41.8800
-2.6400 -20.5800 41.8200
-2.5200 -20.5200 41.6400
-2.2200 -20.7600 42.0000
-2.8800 -20.5200 42.3000
-3.0000 -20.4600 42.6600
-2.4600 -21.1800 42.3000
-2.5200 -20.7600 42.4200
-2.5200 -20.7000 42.2400
-3.2400 -20.9400 42.6000
-3.0000 -21.4200 42.4800
-1.9800 -21.0600 42.6600
-2.0400 -21.0600 42.7200
-2.3400 -21.1200 42.5400
-3.0000 -21.4800 42.7200
-2.5200 -21.6600 43.0800
-2.9400 -21.4200 42.7200
-2.8200 -20.6400 42.7800
-3.0000 -20.6400 42.6600
-3.4800 -20.7600 42.8400
-2.6400 -19.7400 42.1800
-2.4600 -20.2800 42.0000
-2.5200 -21.1200 42.6000
-2.1000 -21.0600 42.1800
-2.4000 -20.8800 42.3000
-2.8200 -20.8200 42.6600
-3.1200 -20.7000 42.8400
-2.6400 -20.6400 42.6600
-2.5800 -21.0600 42.1800
-2.4000 -21.5400 42.6000
-1.8600 -21.7200 43.8600
-1.4400 -21.2400 43.9800
-1.6800 -20.8800 43.6800
-2.9400 -20.7000 43.0800
-3.2400 -20.3400 41.7600
-3.4200 -20.4000 41.6400
-2.4000 -20.5800 43.1400
-2.0400 -20.7000 43.3800
-1.1400 -21.1200 43.5600
-1.9800 -20.5200 42.1200
-2.8800 -20.7000 41.8800
-2.7600 -20.9400 42.0000
-2.8200 -21.1800 42.9600
-3.4200 -20.7000 43.7400
-2.7000 -20.4000 43.2600
-2.2200 -20.6400 42.6600
-2.7000 -20.4000 42.5400
-2.5200 -20.2800 42.4200
-2.2200 -20.5200 42.3000
-2.0400 -21.2400 42.0000
-0.9000 -21.6600 41.4000
-0.4800 -22.5600 40.9800
0.8400 -24.1800 39.5400
2.2800 -26.4000 37.7400
3.4200 -29.2200 35.8800
4.4400 -31.5600 33.1800
4.3800 -33.0000 30.9600
4.2000 -35.7000 25.8600
4.7400 -39.0000 19.0200
5.0400 -41.5200 9.7200
5.5200 -42.1200 4.7400
6.7800 -42.3000 -0.3000
8.3400 -41.7000 -6.0600
10.6800 -37.9200 -16.6200
13.1400 -32.3400 -25.0800
15.9600 -25.2600 -31.4400
16.9200 -20.5200 -34.1400
18.3600 -15.8400 -36.1200
19.5000 -10.9200 -37.5000
22.6200 -0.6600 -38.4600
24.2400 4.8000 -37.8600
26.9400 15.0000 -33.7800
27.9000 23.4000 -26.7000
26.7600 28.8600 -22.6200
14.9400 26.5200 -29.5800
2.7600 22.5600 -38.5800
6.6000 23.8200 -38.3400
11.1600 24.8400 -35.7000
9.3000 24.0600 -35.7600
7.3200 23.1000 -37.3200
6.5400 22.9200 -38.4600
6.6000 22.9200 -38.7600
7.3200 23.2200 -38.7600
6.9600 23.1000 -38.8800
7.2000 22.9800 -38.6400
7.0800 22.5000 -37.9200
8.2200 22.2000 -36.4800
9.3000 21.7200 -34.3200
9.9000 21.6600 -33.8400
9.9000 21.8400 -33.9000
10.1400 21.5400 -34.2600
10.3200 21.4800 -34.3200
10.3200 21.8400 -34.4400
9.5400 21.8400 -34.3200
9.6000 22.0800 -34.4400
9.7800 21.9600 -34.2000
10.0200 22.1400 -34.3800
10.4400 22.4400 -34.0200
10.0200 22.5600 -35.5200
9.4800 22.5600 -36.3600
7.7400 22.6800 -38.1000
7.0800 22.7400 -38.0400
7.0200 22.5600 -37.8000
7.5000 22.5600 -38.0400
7.3200 22.5600 -38.6400
7.0800 22.7400 -38.4600
7.4400 23.1000 -38.4600
~G208
-1.2417 0.3965 -0.0046
-1.0982 0.3471 -0.0547
-0.9381 0.0661 -0.1195
-0.8031 -0.2308 -0.2264
-0.7219 -0.4263 -0.3345
-0.6681 -0.4764 -0.3644
-0.6095 -0.4324 -0.2673
-0.6260 -0.4501 -0.2422
-0.7640 -0.4184 -0.4017
-0.9760 -0.2137 -0.7065
-1.0603 0.2285 -0.8922
-0.9118 0.7838 -0.8458
-0.6760 1.0685 -0.6833
-0.4696 1.0978 -0.5990
-0.3993 1.0514 -0.6393
-0.2936 1.2047 -0.6643
-0.0847 1.2505 -0.6503
0.1761 1.2627 -0.7242
0.4565 1.4674 -0.8629
0.5823 1.7985 -0.9227
0.5194 2.1235 -0.7370
0.3746 2.2145 -0.3614
0.1724 2.0544 0.0192
0.6214 0.1497 -0.2422
1.4247 -1.5961 -0.5892
2.1724 -2.9974 -0.8415
2.4467 -3.1886 -1.0382
2.3862 -3.1673 -1.1897
2.3264 -3.2112 -1.2508
2.2744 -3.2344 -1.3149
2.2231 -3.2406 -1.3772
2.1816 -3.2338 -1.4224
2.1309 -3.2180 -1.4768
2.0912 -3.1917 -1.5226
2.0460 -3.1489 -1.5819
2.0038 -3.0927 -1.6313
1.9739 -3.0451 -1.6698
1.9146 -2.9266 -1.7358
1.8786 -2.8239 -1.7828
1.8481 -2.7189 -1.8189
1.8193 -2.6279 -1.8494
1.7796 -2.4599 -1.8977
1.7564 -2.3542 -1.9233
1.7302 -2.2186 -1.9563
1.7027 -2.0872 -1.9820
1.6740 -1.9248 -2.0113
1.6581 -1.8246 -2.0290
1.6367 -1.6969 -2.0486
1.6196 -1.5766 -2.0645
1.5982 -1.4550 -2.0846
1.5829 -1.3884 -2.0968
1.5561 -1.2846 -2.1121
1.5310 -1.2113 -2.1268
1.4974 -1.1227 -2.1384
1.4669 -1.0408 -2.1475
1.4333 -0.9516 -2.1555
1.3942 -0.8533 -2.1634
1.3526 -0.7653 -2.1714
1.3135 -0.6871 -2.1769
1.2561 -0.5906 -2.1811
1.1559 -0.4471 -2.1878
1.0967 -0.3579 -2.1872
1.0026 -0.1813 -2.1872
-11.4981 8.3054 6.5170
-20.0130 12.2711 19.4991
-20.0130 11.4605 20.0299
6.4198 4.5223 3.9520
14.6151 0.2652 2.7443
14.8839 0.4204 2.7131
14.8021 0.7997 2.7870
14.7398 1.1448 2.8829
14.6744 1.5645 3.0552
14.5913 2.0666 3.3124
14.5302 2.4148 3.5091
14.4172 2.9457 3.8328
14.2682 3.5272 4.2207
14.0831 4.0782 4.6160
13.6750 4.7392 5.0735
12.9915 5.5131 5.4125
11.9579 6.8125 5.6263
11.1088 7.8711 5.6954
10.5309 8.4606 5.7125
10.2688 8.5583 5.7314
10.3715 7.9493 5.8035
10.8999 6.7007 5.9715
11.5394 5.4447 6.3349
12.3091 4.1631 6.9770
12.6824 3.7746 7.6404
12.7215 3.8919 7.9959
9.1760 -7.4885 5.2128
1.4571 -19.9642 -2.0028
-3.6033 -19.9642 -4.7565
-5.6216 -19.9642 -3.7144
-3.8910 -19.9642 -2.4322
2.1126 11.1264 -2.1084
2.9898 17.5728 -1.8861
2.9598 17.1006 -1.3717
0.4052 9.8546 -1.1054
-3.3474 -3.9553 -1.2306
-3.4475 -5.6492 -1.1732
-1.6663 -8.0096 -0.6075
0.5103 -5.6321 -0.3314
2.3710 -0.8423 -0.2832
2.0771 4.2218 -0.1726
-0.4793 2.1882 0.0217
-1.2680 -0.5949 -0.0975
-0.4158 -0.9791 0.0278
0.4785 -0.3964 -0.0236
0.1505 0.3794 0.0021
-0.2607 0.0722 -0.0058
-0.1617 -0.1398 -0.0052
0.1456 -0.0017 0.0021
0.0637 0.0630 0.0009
-0.0823 -0.0433 -0.0016
0.0307 0.0074 0.0009
0.0307 0.0135 0.0021
-0.0212 -0.0054 -0.0009
0.0100 0.0068 -0.0003
0.0063 -0.0109 0.0003
-0.0096 0.0019 0.0003
0.0087 0.0031 -0.0016
0.0002 -0.0030 -0.0009
-0.0065 0.0007 -0.0009
0.0051 -0.0005 -0.0016
-0.0010 -0.0042 0.0009
-0.0041 0.0013 0.0027
0.0020 -0.0048 0.0009
0.0032 -0.0042 -0.0016
0.0002 -0.0024 0.0015
-0.0029 -0.0011 -0.0022
-0.0010 -0.0017 0.0021
0.0020 -0.0036 0.0009
0.0008 -0.0024 0.0015
-0.0023 -0.0017 -0.0003
0.0002 -0.0005 0.0009
0.0002 -0.0017 -0.0016
-0.0004 -0.0011 0.0003
-0.0010 -0.0024 0.0009
0.0014 -0.0036 0.0003
-0.0010 -0.0024 -0.0009
0.0002 -0.0005 0.0009
0.0014 -0.0024 -0.0003
0.0008 -0.0011 -0.0003
0.0020 -0.0011 0.0009
0.0002 -0.0024 -0.0009
-0.0016 -0.0005 0.0021
0.0002 -0.0017 -0.0009
-0.0004 -0.0005 0.0009
0.0026 -0.0024 0.0009
0.0014 -0.0036 0.0003
0.0020 -0.0024 0.0009
0.0014 0.0019 0.0009
-0.0016 0.0025 0.0003
0.0008 -0.0005 -0.0040
0.0008 0.0007 0.0003
0.0014 -0.0030 -0.0009
0.0014 -0.0036 0.0009
0.0014 -0.0017 -0.0022
0.0002 0.0001 0.0027
0.0008 0.0001 -0.0009
0.0026 -0.0024 0.0027
-0.0004 -0.0005 0.0015
-0.0016 -0.0011 0.0003
-0.0016 -0.0030 -0.0034
-0.0016 -0.0024 -0.0003
0.0014 0.0001 0.0009
0.0002 0.0025 0.0015
-0.0004 -0.0017 -0.0009
-0.0004 0.0031 0.0003
0.0014 0.0013 0.0033
-0.0004 -0.0005 0.0003
0.0002 -0.0011 -0.0009
0.0002 -0.0011 0.0021
-0.0010 -0.0036 0.0009
0.0002 -0.0005 0.0015
0.0014 -0.0017 -0.0009
0.0008 -0.0030 -0.0003
-0.0004 0.0001 -0.0003
0.0002 -0.0024 0.0009
-0.0004 -0.0017 -0.0003
0.0002 -0.0011 0.0009
0.0002 0.0007 0.0009
0.0002 0.0013 0.0027
0.0002 0.0001 0.0003
0.0014 -0.0011 -0.0009
0.0008 0.0001 -0.0009
-0.0004 0.0013 0.0009
-0.0004 0.0007 0.0027
0.0002 -0.0005 0.0021
-0.0004 -0.0030 -0.0009
0.0008 0.0001 -0.0009
0.0124 -0.0470 -0.0058
0.0655 -0.2137 -0.0144
0.1969 -0.3243 -0.0260
0.2445 -0.6853 -0.0413
-0.1464 0.3526 0.0314
-0.1538 1.2951 -0.0095
0.0863 0.4711 -0.1243
-0.1202 -0.2638 -0.3039
-0.6290 -0.1532 -1.1537
-0.8031 0.3049 -1.8305
-1.0933 0.4344 -2.1457
-1.4702 -0.1978 -2.1659
-2.0267 -0.6816 -1.9869
-2.6785 -1.2436 -1.8623
-3.3944 -1.7073 -1.4530
-3.6522 -1.4507 -1.0370
-4.0566 -0.8221 -1.1103
