D10
~A141
0.1317 0.2514 10.8916
-0.1628 2.3751 8.0208
-0.2706 2.1908 7.9729
-0.3974 2.1381 7.8748
-0.3735 2.0591 7.6066
-0.0048 1.9178 7.1445
0.8404 1.8220 6.5579
1.7071 1.9825 6.0144
2.0280 1.7670 5.7367
1.6113 1.8867 5.9306
0.7183 2.1716 6.8141
-0.4693 2.7654 8.6816
-1.5515 3.0240 10.4223
-1.6928 3.3256 11.6793
-0.8332 3.6273 12.6226
-0.6704 4.1134 13.7982
-1.3169 4.9250 14.9044
-2.3177 6.0575 16.4175
-2.2291 7.9969 18.3880
-1.5132 9.6393 19.2141
-0.8117 11.6553 19.5325
-1.2354 11.9857 19.0848
-2.4565 11.5979 18.7544
-3.6513 11.2890 18.6801
-4.3001 11.2411 18.4239
-4.2810 11.5404 17.2675
-3.9841 11.4063 16.2787
-3.9841 11.0065 15.4790
-5.0567 10.9945 14.5931
-5.9306 11.1789 13.9443
-6.5579 11.6481 12.4311
-6.0001 11.5452 11.4231
-3.8763 9.5412 8.6553
-2.0375 6.3329 5.9258
-0.8212 4.1684 3.0000
0.3927 1.5994 -0.6967
0.2801 -0.4645 -0.0694
0.0527 -0.1365 0.1341
0.0599 -0.1125 0.1149
0.0359 -0.1149 0.1652
0.0335 -0.1221 0.1939
0.0407 -0.1173 0.2322
0.0168 -0.1317 0.2586
0.0311 -0.1341 0.2993
0.0215 -0.1269 0.3376
0.0215 -0.1365 0.3855
0.0120 -0.1341 0.4405
0.0287 -0.1293 0.5028
0.0575 -0.1293 0.5650
0.0383 -0.1173 0.6225
0.0239 -0.1173 0.6656
0.0503 -0.1221 0.7087
0.0527 -0.1437 0.7614
0.0431 -0.1317 0.7925
0.0599 -0.1413 0.8476
0.0551 -0.1556 0.8739
0.0599 -0.1724 0.8907
0.0455 -0.1868 0.9242
0.0575 -0.1796 0.9290
0.0670 -0.2035 0.9026
0.0694 -0.2011 0.9122
0.0575 -0.2179 0.8763
0.0742 -0.2299 0.8045
0.0742 -0.2538 0.7973
0.0479 -0.2394 0.7207
0.0694 -0.2682 0.6704
0.0694 -0.2442 0.6584
0.0599 -0.2586 0.6417
0.0383 -0.2729 0.6201
0.0503 -0.2729 0.6105
0.0287 -0.2729 0.6225
0.0407 -0.2562 0.6369
0.0263 -0.2490 0.6943
-33.5294 72.0940 11.9259
-22.5301 22.8510 -8.0088
55.8177 -68.8258 50.0116
78.4532 -78.2449 78.0965
-3.5028 -4.5467 14.7344
-5.6744 0.8212 -0.6848
-5.9139 0.3256 0.4405
-6.9075 -0.0239 0.3184
-8.9378 -0.5291 0.0503
-11.1023 -1.9465 -0.0072
-12.9746 -3.9434 -0.0718
-14.1166 -5.7223 -0.1413
-15.0480 -8.0543 -0.1820
-15.4072 -9.5675 -0.2418
-15.4742 -10.4223 -0.1580
-15.4143 -10.5659 -0.1365
-15.3281 -10.2882 -0.1868
-15.1486 -9.2563 -0.1269
-14.6530 -7.4653 -0.1365
-13.7982 -5.5858 -0.1796
-12.7208 -1.3240 1.3264
-10.6617 -0.1053 11.8397
-45.3859 6.0719 51.4506
-58.3437 12.5939 51.9629
-15.6035 0.7255 3.3017
-14.4159 -0.1221 -0.3113
7.0152 -3.0431 25.9707
22.7241 -10.4869 2.4086
3.5411 5.2363 -7.9681
1.3815 5.6816 -4.2187
0.0263 0.8715 -0.7757
-0.1724 -0.2825 0.0646
-0.1868 -0.2873 0.0838
-0.2562 -0.3089 0.1030
-0.2849 -0.3160 0.1101
-0.3424 -0.3089 0.0790
-0.3256 -0.1389 -0.2299
-0.2370 1.1923 -3.0503
-1.0008 3.3280 -8.3417
-1.4294 -2.7438 4.3241
18.7520 -4.6784 75.5944
11.3058 -10.1374 50.2367
1.0631 -1.9106 -1.4940
0.2203 2.8707 -3.4190
0.0096 0.8907 -0.4190
-0.0096 0.5746 -0.1820
-0.0024 0.5890 -0.2658
-0.0407 1.3264 -0.5243
-1.0343 2.9497 13.0823
1.4940 -0.6417 34.7098
-1.3815 -4.1062 30.8263
-1.7263 1.5323 8.0280
0.5962 1.0678 1.9394
1.3647 0.3328 2.3440
1.4461 0.5746 6.4861
0.8595 0.6488 9.4957
-1.4461 -0.0862 15.1534
0.3951 0.1820 9.6561
0.5459 0.6369 6.7973
0.3591 0.4932 8.6409
-0.0670 0.0838 11.4542
-0.0479 0.1820 11.5141
0.1437 0.4908 9.3808
0.2203 0.4765 8.7415
-0.0168 0.2993 9.8022
0.0694 0.2945 10.2188
0.2346 0.3113 10.0679
0.1293 0.2993 9.9937
~M141
-6.4200 9.2400 -38.5800
-7.2600 7.8600 -39.3000
-7.0200 7.0800 -40.0800
-7.2600 6.2400 -40.7400
-7.8600 5.5800 -40.8000
-8.4000 5.5200 -40.2000
-8.8200 5.5800 -40.2000
-9.5400 6.4800 -40.2600
-9.3000 7.2600 -39.8400
-9.1200 7.7400 -39.2400
-9.3000 8.4600 -38.4600
-9.2400 9.0000 -39.0600
-10.1400 9.4800 -39.8400
-11.2800 10.8600 -39.1200
-11.4600 12.5400 -38.5200
-10.8000 13.2600 -38.2200
-10.8600 14.8200 -37.8000
-10.7400 15.3600 -38.2200
-10.6200 15.6600 -38.8800
-10.9200 15.6000 -38.7000
-10.0800 15.1800 -38.4000
-8.4600 14.7000 -38.6400
-8.0400 14.0400 -39.5400
-7.2600 13.5600 -40.3800
-6.6000 12.8400 -40.3200
-6.7200 12.1800 -40.4400
-6.3600 11.4000 -40.7400
-5.8200 10.9800 -41.1600
-4.5000 9.3600 -42.1800
-3.8400 8.5800 -42.4800
-2.9400 6.2400 -42.6000
-1.8600 4.4400 -43.2600
-1.0800 3.2400 -43.4400
0.3000 1.6200 -43.5000
1.2000 -0.2400 -44.0400
2.1600 -2.4000 -43.8600
3.6000 -4.9200 -43.8000
3.9000 -5.4600 -43.2600
5.1000 -6.7200 -43.2600
5.9400 -7.3200 -43.4400
7.9800 -9.6000 -43.6800
9.4800 -11.7000 -43.0800
10.5000 -13.4400 -41.7000
10.9200 -14.8800 -41.0400
12.7800 -17.3400 -39.0000
13.6200 -18.4200 -37.9800
15.4200 -21.2400 -36.8400
16.0800 -23.5800 -35.8800
16.2600 -25.1400 -34.9800
17.8800 -27.4200 -32.2200
18.2400 -28.6200 -29.7000
19.1400 -30.4800 -26.9400
19.2000 -31.5600 -25.3800
17.8200 -32.6400 -23.8200
16.8000 -33.0600 -22.9200
3.1200 -26.4000 -27.4200
-9.4200 -16.5600 -27.0600
-20.5200 -5.8800 -27.0000
-22.2600 8.3400 -28.0800
2.1000 3.4200 -35.2800
26.3400 -7.6800 -25.2000
33.3600 -12.6000 -14.0400
33.9600 -20.5200 10.8000
18.3000 -25.9800 27.7800
-2.7600 -30.3000 28.4400
-11.6400 -31.3800 22.4400
-19.7400 -32.5800 4.3200
-12.1800 -33.0600 -13.4400
-3.6600 -32.7600 -18.9000
16.7400 -30.7800 -19.4400
28.6200 -25.0200 -17.5200
21.1800 -20.1600 -27.4800
-2.0400 -20.5800 -33.2400
-21.1200 -23.7000 -24.6000
-27.1800 -26.8200 -17.1000
-27.7800 -27.9600 -17.8800
-26.5200 -27.1200 -22.6200
-24.6600 -26.1000 -25.3200
-22.5600 -25.8000 -28.3800
-18.4800 -24.3000 -32.6400
-13.5000 -20.3400 -37.9200
-13.0800 -18.4800 -40.0800
-14.7000 -18.0000 -39.8400
-15.2400 -19.9200 -38.3400
-15.6600 -19.7400 -37.5000
-15.9600 -19.2600 -38.0400
-14.7000 -19.2000 -39.4200
-13.6200 -19.0800 -39.6000
-14.5800 -19.5600 -38.8200
-15.1200 -18.7800 -38.8200
-14.2200 -18.1800 -39.5400
-13.4400 -18.9000 -39.6600
-13.6800 -18.7800 -39.6000
-13.5000 -18.4800 -39.9000
-13.5000 -18.7800 -39.9000
-13.5000 -19.1400 -39.4200
-13.8000 -19.2600 -39.3000
-13.6200 -18.7800 -39.4200
-13.9200 -18.8400 -39.3600
-14.5200 -19.3200 -39.6600
-14.2800 -18.7800 -39.5400
-14.2800 -19.0200 -39.3000
-14.5200 -18.8400 -39.4800
-14.0400 -19.2000 -39.9600
-12.6000 -18.9600 -38.9400
-12.1800 -19.3800 -38.1600
-12.6600 -19.2000 -38.0400
-12.9000 -19.3800 -38.2800
-13.6200 -18.7200 -39.1200
-13.8600 -18.4800 -39.4800
-13.7400 -18.7800 -39.9600
-13.3800 -18.6600 -39.4200
-13.3800 -18.1200 -39.1800
-13.2600 -18.3600 -39.7200
-13.1400 -18.9600 -39.6600
-14.2800 -19.2600 -39.4200
-13.9200 -19.1400 -39.2400
-13.6200 -18.9600 -39.4800
-13.4400 -18.8400 -39.3000
-13.8000 -18.6000 -39.4800
-14.0400 -18.3600 -39.6000
-13.6200 -18.3000 -40.0200
-13.6800 -18.6000 -40.2600
-13.5600 -18.6000 -40.2000
-13.0200 -18.7200 -39.6600
-13.2600 -18.6600 -39.9000
-13.5600 -18.7800 -39.7200
-13.8000 -19.2600 -39.7200
-14.0400 -19.6200 -39.6000
-13.9800 -19.2600 -39.6000
-14.2800 -18.7200 -39.6600
-14.4600 -18.9600 -39.7800
-14.6400 -19.3800 -40.0200
-14.1600 -19.3800 -39.3600
-13.8000 -18.9600 -39.7200
-13.8000 -18.4800 -39.9600
-14.2200 -18.7200 -40.0800
-14.1000 -18.8400 -39.7200
-14.1600 -19.5000 -40.1400
-14.0400 -19.3200 -40.2600
-13.5000 -19.0800 -39.9600
~G141
-0.2979 -0.4752 0.2226
-0.4659 -0.2711 0.2440
-0.5795 -0.2546 0.2507
-0.6944 -0.3371 0.2629
-0.8025 -0.5027 0.2538
-0.9186 -0.6102 0.1780
-1.0688 -0.6468 -0.0016
-1.2613 -0.6322 -0.2545
-1.4848 -0.5534 -0.4994
-1.6718 -0.5051 -0.6442
-1.7823 -0.5014 -0.6320
-1.7780 -0.4715 -0.4567
-1.6889 -0.3127 -0.1928
-1.5221 0.0435 -0.0828
-1.3266 0.3629 -0.0810
-1.1146 0.5010 -0.0162
-0.9247 0.4558 0.1768
-0.6247 0.3574 0.3778
-0.3828 0.3416 0.3839
-0.0566 0.5474 -0.0119
0.0900 0.9384 -0.3711
0.1682 1.2359 -0.5458
0.2836 1.3446 -0.4615
0.4205 1.2719 -0.2844
0.5561 1.1729 -0.1769
0.6758 1.1192 -0.1274
0.7870 1.0257 -0.0920
0.8670 0.8101 -0.0743
0.9159 0.7973 -0.0468
1.0832 0.9958 0.0992
1.1633 1.1803 0.1542
1.2995 1.4985 0.0302
1.4418 1.3507 -0.2508
1.6068 1.0422 -0.4713
1.7381 1.1406 -0.8116
1.7222 1.2634 -0.8598
1.6514 1.0282 -0.8672
1.6507 1.0092 -0.8635
1.6837 1.0068 -0.8384
1.7106 1.0227 -0.8256
1.7302 1.0416 -0.8134
1.7564 1.0679 -0.8024
1.8059 1.1216 -0.7792
1.8395 1.1595 -0.7645
1.8841 1.2175 -0.7432
1.9238 1.2566 -0.7273
1.9727 1.3098 -0.7089
2.0295 1.3635 -0.6900
2.0906 1.4130 -0.6643
2.1535 1.4588 -0.6387
2.2085 1.4979 -0.6191
2.2940 1.5272 -0.5892
2.3679 1.5462 -0.5587
2.4229 1.5431 -0.5367
2.5292 1.5114 -0.4964
2.5915 1.4827 -0.4640
2.6379 1.4521 -0.4396
2.6929 1.3904 -0.4096
2.7289 1.3348 -0.3907
2.7979 1.1772 -0.3363
2.8163 1.0801 -0.3045
2.8224 1.0007 -0.2819
2.8199 0.9347 -0.2636
2.7973 0.8217 -0.2404
2.7784 0.7447 -0.2306
2.7356 0.6091 -0.2111
2.7143 0.5389 -0.2050
2.6458 0.3807 -0.1952
2.6000 0.2774 -0.1934
2.5347 0.1412 -0.1903
-11.7150 -19.8310 -5.5519
-20.0130 -19.9642 6.5805
-19.1834 -19.5879 18.4209
-4.6106 20.0646 3.1358
12.8516 20.0646 -1.0742
13.3445 20.0646 1.6337
12.0953 20.0646 4.8340
9.2181 20.0646 6.9415
6.1241 20.0646 8.4870
2.9946 20.0646 9.3300
-0.7463 20.0646 9.3538
-3.9924 20.0646 8.5414
-7.3461 20.0646 6.6263
-9.1506 20.0646 4.7583
-10.4933 20.0646 2.0894
-10.7291 20.0646 -0.6808
-9.9062 20.0646 -3.3632
-8.4915 20.0646 -5.2764
-5.2814 20.0646 -7.4602
-2.5997 20.0646 -8.2983
-1.2863 20.0646 -9.0222
-6.7169 12.7097 -11.9519
-9.3051 -12.0089 -11.1480
-4.5489 -19.9642 -2.4212
-1.1220 -19.9642 1.1933
-0.4506 -19.9642 1.2648
3.4595 -19.9642 -0.2349
8.6317 -14.3785 -5.1133
6.9396 -2.1215 -3.9673
4.3367 4.1363 0.9832
3.3331 6.1570 2.5855
3.0319 6.4166 2.8481
2.9256 6.4606 2.9202
2.5029 6.6090 3.1517
2.2518 6.6799 3.2623
2.0057 6.7483 3.3515
1.7338 6.8784 3.4272
0.7845 8.0043 3.5940
-3.0853 11.2553 3.8536
-9.2734 8.4306 3.7259
-4.3498 -4.3951 1.4749
6.0526 -2.7922 -0.6430
3.5469 0.3935 -0.1757
0.7595 0.3263 -0.2227
-0.1568 0.0129 -0.2728
-0.2973 -0.0689 -0.2752
-0.7475 -0.2461 -0.2832
-1.8422 -0.3597 -0.2917
-2.8843 1.2682 -0.1842
-0.1336 2.5437 0.0724
1.0478 0.3067 0.0290
0.7131 -1.7562 -0.0077
0.1248 -1.3646 0.0345
-0.1647 -0.2931 0.0375
-0.3950 1.5755 0.0052
-0.4140 1.7032 0.0070
0.0442 -0.4556 -0.0040
0.2861 -0.5063 0.0021
0.0405 0.0410 -0.0009
-0.2191 0.3300 -0.0034
-0.0524 0.1015 0.0003
0.1150 -0.1722 0.0015
0.0234 -0.0622 0.0003
-0.0517 0.0911 0.0009
0.0051 -0.0011 -0.0003
0.0228 -0.0610 0.0003
-0.0133 0.0221 -0.0016
-0.0114 0.0288 -0.0003
0.0112 -0.0237 0.0021
-0.0029 0.0050 0.0009
-0.0096 0.0050 -0.0022
