D10
~A57
-0.1820 2.3751 10.1829
-0.0910 2.7486 14.5692
0.4190 3.3209 16.2164
0.5291 3.6106 18.5532
0.9769 3.7470 20.7871
1.8005 3.7279 22.9324
2.6289 3.5411 25.5900
3.4118 2.3512 27.9340
4.2450 0.5698 29.3754
4.7742 -1.0056 29.6411
4.7670 -2.6265 28.1543
4.3432 -3.6177 24.1319
3.3328 -3.5938 18.9890
0.5842 -2.2650 9.6585
-2.4517 0.3998 0.2035
-0.1532 -0.1604 -1.4270
0.1532 -0.9840 -0.8787
-0.0527 -0.1508 -0.0192
-0.0527 -0.1461 0.0072
-0.0503 -0.1484 -0.0120
-0.0383 -0.1341 0.0120
-0.0407 -0.1604 0.0431
-0.0479 -0.1532 0.0551
-0.0527 -0.1556 0.0646
-0.0311 -0.1413 0.0838
-0.0239 -0.1556 0.0838
-0.0407 -0.1628 0.0982
-0.0192 -0.1508 0.1077
-0.0359 -0.1484 0.1030
-0.0287 -0.1700 0.1030
-0.0168 -0.1676 0.1101
-0.0431 -0.1700 0.1245
-0.0144 -0.1724 0.1413
-0.0192 -0.1676 0.1437
-0.0215 -0.1700 0.1652
-0.0311 -0.1580 0.1652
-0.0311 -0.1796 0.1628
-0.0383 -0.1628 0.1508
-0.0359 -0.1724 0.1748
0.0000 -0.1652 0.1868
-0.0096 -0.1700 0.1868
-0.0192 -0.1556 0.2035
-0.0144 -0.1724 0.1939
-0.0096 -0.1676 0.2059
-0.0192 -0.1556 0.2346
-0.0311 -0.1652 0.2442
-4.5659 8.3752 3.9266
10.2667 30.4169 -13.1518
16.8772 16.3792 54.7906
-11.4327 0.0383 38.4090
8.4614 -4.7670 42.5654
7.4821 -9.1006 32.2724
5.9139 -6.3353 22.7289
6.5340 -3.4837 14.5189
3.5507 1.3983 9.7854
1.1732 2.9330 5.2291
-1.2881 5.6888 7.4007
~M57
-28.4400 -4.2000 -31.6200
-29.2800 -5.1000 -30.0000
-29.1600 -5.6400 -29.7600
-28.0200 -6.7800 -31.0200
-26.8200 -8.2800 -32.2800
-25.1400 -9.2400 -34.1400
-22.9200 -10.5000 -35.8800
-21.4800 -12.8400 -36.9600
-20.1600 -14.8800 -38.1600
-18.0600 -16.1400 -38.2200
-16.5600 -17.2800 -38.5200
-15.6000 -18.2400 -38.2200
-13.6800 -20.1000 -38.2200
-13.0200 -21.9000 -37.8600
-11.4000 -23.8800 -38.1600
-9.4200 -25.2000 -38.0400
-8.7000 -26.5800 -37.5600
-7.6200 -28.3800 -36.0000
-6.7200 -29.1000 -35.5200
-6.1200 -30.6600 -33.3000
-5.5800 -31.4400 -33.3600
-5.2200 -31.8600 -32.7000
-3.9000 -33.4800 -30.9600
-3.0600 -36.0000 -28.5000
-5.7600 -34.8000 -28.7400
-12.3000 -29.1000 -32.1600
-19.1400 -22.3800 -34.7400
-23.7600 -18.3000 -34.1400
-24.7800 -18.1800 -33.1800
-25.0800 -18.9600 -32.1000
-25.4400 -19.4400 -31.9800
-25.6200 -19.3800 -32.1600
-25.4400 -19.1400 -32.9400
-24.9600 -18.5400 -33.5400
-23.9400 -18.1800 -34.8000
-22.8600 -18.4800 -35.1000
-22.9800 -18.5400 -34.6200
-23.9400 -17.5200 -33.5400
-24.6000 -16.0800 -33.3000
-24.7800 -15.1200 -33.6600
-24.9600 -13.0200 -34.3200
-25.1400 -12.3000 -35.0400
-24.4800 -10.4400 -36.0000
-24.5400 -9.6000 -36.3600
-24.8400 -9.1800 -36.4800
-24.5400 -9.1200 -36.3600
-24.7800 -9.4800 -36.1200
-25.0200 -9.3000 -36.0000
-24.6600 -9.8400 -34.6200
-23.7000 -9.9000 -34.1400
-23.7600 -9.6000 -32.7600
-24.3000 -9.6000 -32.8200
-25.5600 -9.8400 -32.1000
-26.6400 -10.6200 -32.2200
-28.5600 -10.2600 -31.5600
-30.0000 -9.9600 -30.6600
-30.9600 -9.1800 -28.8000
~G57
1.6511 1.9279 -1.2226
1.6768 1.9017 -1.1982
1.6945 1.8797 -1.1719
1.7183 1.8504 -1.1475
1.7415 1.8278 -1.1237
1.7696 1.8064 -1.1005
1.7849 1.7893 -1.0773
1.8118 1.7599 -1.0504
1.8270 1.7435 -1.0278
1.8429 1.7239 -1.0021
1.8606 1.6983 -0.9795
1.8777 1.6750 -0.9533
1.8869 1.6451 -0.9294
1.8985 1.6097 -0.9074
1.9046 1.5828 -0.8861
1.9101 1.5443 -0.8635
1.9162 1.5095 -0.8384
1.9235 1.4698 -0.8189
1.9242 1.4276 -0.7963
1.9272 1.3867 -0.7786
1.9284 1.3537 -0.7608
1.9297 1.3097 -0.7431
1.9345 1.2633 -0.7254
1.9321 1.2169 -0.7040
1.9290 1.1699 -0.6900
1.9150 1.0996 -0.6686
-1.6335 -6.2051 -1.7083
-6.8124 -15.4225 -2.3375
-19.7787 -16.8959 -6.0106
-14.4617 -8.5563 -3.8854
-10.9309 -10.3346 0.7376
-5.8601 -7.0829 0.7272
-0.3574 -3.6047 -0.2783
1.5375 -0.9169 -0.7376
1.3768 -0.5112 -1.1469
0.4514 -0.9242 -1.2343
-1.1387 -0.7458 -1.1109
-2.1711 -0.1704 -0.6051
-1.8046 0.6744 0.0058
0.0787 1.9841 1.1866
1.5607 2.5089 1.6979
1.6523 2.4405 1.7431
0.9663 1.1479 1.5739
0.0262 -1.2431 1.5006
-0.5187 -1.9535 1.6099
-0.8162 -1.8142 1.8219
-0.7722 -1.0610 2.0992
-0.6659 0.2163 2.3460
-0.7881 1.0367 2.4450
-0.8553 1.3910 2.4798
-0.7710 1.4967 2.2251
-0.6140 1.3507 2.0724
-0.1088 1.2114 1.6246
0.1911 1.0904 1.2410
0.3225 0.8834 0.8799
0.3249 0.4270 0.5287
0.2705 0.0599 0.2343
