D10
~A195
-2.1094 -0.8835 11.3872
-3.3065 0.0958 13.1039
-2.2817 0.2634 12.3449
-0.9146 -0.1987 11.2004
0.0024 -0.6010 10.2307
0.2897 1.2115 9.0958
-0.1197 3.1557 10.4007
0.5267 5.4709 9.8907
1.4270 5.6577 8.9259
2.0256 4.3408 9.1485
1.1636 3.2610 11.9833
-0.7566 2.5954 14.7320
-2.7702 1.8771 16.4702
-4.1876 2.6289 16.9491
-4.4438 3.8524 16.8006
-3.7255 5.0591 16.4894
-2.8396 5.7798 16.2739
-2.2003 6.3376 15.9028
-2.3224 7.0344 15.7974
-3.1796 7.6760 15.9315
-4.1134 8.5045 15.4119
-4.4198 9.3089 14.6218
-4.1900 9.7591 14.0927
-4.0224 9.8740 14.1023
-5.2530 10.0799 14.4806
-6.5771 10.8125 14.2220
-7.5851 13.0081 13.1757
-7.6952 14.4782 12.2707
-7.9107 14.3728 11.0783
-9.2060 13.8341 10.4438
-10.3504 12.8908 10.8341
-9.1820 10.0967 9.5101
-6.9099 5.6960 6.9626
-4.2881 3.3400 4.1253
0.0479 -1.3599 -0.0934
0.1748 -0.5459 0.0144
-0.0239 -0.1173 0.0359
-0.0215 -0.1125 0.0958
-0.0192 -0.1149 0.1317
-0.0192 -0.1173 0.1508
-0.0072 -0.1221 0.1461
-0.0120 -0.1030 0.1844
-0.0239 -0.1101 0.2394
-0.0096 -0.1077 0.2729
-0.0263 -0.1030 0.3160
-0.0168 -0.1149 0.3951
-0.0335 -0.1245 0.4262
-0.0192 -0.0982 0.4741
-0.0168 -0.1173 0.4956
-0.0215 -0.0862 0.5339
-0.0287 -0.1006 0.5986
-0.0144 -0.0934 0.6752
-0.0215 -0.0790 0.7350
-0.0120 -0.0910 0.8284
-0.0096 -0.0623 0.9170
0.0096 -0.0551 1.0487
0.0192 -0.0694 1.1062
0.0383 -0.0623 1.1445
0.0263 -0.0694 1.1349
0.0215 -0.0814 1.1062
0.0335 -0.0790 1.1421
0.0359 -0.0694 1.1612
0.0479 -0.0646 1.1301
0.0599 -0.1006 1.0894
0.0503 -0.1101 1.0415
0.0407 -0.1149 1.0295
0.0455 -0.0862 1.0152
0.0311 -0.0862 1.1157
-10.6018 17.5285 -25.1088
71.4021 -77.1364 67.8753
75.7549 -78.2808 78.1970
10.9323 -24.9412 28.8582
1.3743 -13.3170 -1.3911
-0.5459 -9.3496 -1.2378
-1.6329 -6.3688 -1.0535
-1.6928 -6.0024 -0.3065
-1.8029 -5.9115 -0.1652
-1.9394 -5.8396 -0.0335
-2.1357 -5.7199 -0.0551
-2.3560 -5.4470 -0.0670
-2.4757 -5.2770 -0.0455
-2.6217 -5.0399 -0.0575
-2.7055 -4.8197 -0.0455
-4.2546 -0.8955 -0.0503
-9.0528 11.5476 0.0910
-12.5867 22.2596 0.1772
-13.7144 26.7369 0.1628
-12.0863 24.3091 -0.1173
-6.8045 13.7360 -0.6872
-3.0240 5.5427 -0.3304
-2.3081 3.3616 -0.2251
-1.2953 0.1149 -0.0814
-1.0056 -0.6728 -0.0479
-1.1373 -0.0694 -0.0455
-1.6951 1.8747 -0.0982
-2.6098 4.9370 -0.1341
-3.0503 6.6393 -0.1006
-2.7726 6.2682 -0.0407
-1.5491 2.4398 0.0215
-0.3400 -1.5012 -0.0120
0.1461 -3.1102 -0.0287
0.3735 -3.8356 -0.0886
0.3807 -3.8715 -0.0599
0.3879 -4.0703 0.4717
0.3160 -4.6066 1.4653
0.0527 -9.2634 -2.7582
24.6227 -28.4153 -78.0558
2.5571 -22.8342 -50.6222
-0.0575 -4.4677 4.3791
0.0455 0.7183 3.1820
0.0646 0.1077 0.2275
0.0407 -0.0144 0.0000
0.0479 0.0551 0.2322
0.0192 0.5746 1.4725
-0.0024 1.5587 2.8205
0.0239 1.9705 2.3248
2.3775 -0.1676 -23.1766
-0.2562 -5.7056 -46.1042
2.2817 -3.3065 -13.7360
0.3065 2.5403 1.1421
0.0431 1.2809 -0.1389
0.4118 -0.7039 -5.7630
0.3951 -1.6999 -15.1845
0.7159 -1.2067 -16.2188
0.7398 0.1245 -11.7439
0.6728 -0.0623 -7.5659
0.6656 -0.7231 -8.9235
0.5100 -0.7422 -10.2810
0.5315 -0.2275 -9.5747
0.6896 0.0024 -9.8429
0.6034 -0.4334 -10.4031
0.4597 -0.4980 -9.0767
0.5435 -0.3328 -8.7607
0.6034 -0.3544 -10.0895
0.6465 -0.3544 -10.2762
0.6321 -0.3376 -9.4478
0.6010 -0.3567 -9.4885
0.5435 -0.3927 -9.8453
0.5028 -0.3567 -9.6992
0.5339 -0.3496 -9.5053
0.5674 -0.3520 -9.5579
0.6105 -0.3687 -9.7902
0.6129 -0.3687 -9.8524
0.5698 -0.3591 -9.7064
0.5579 -0.3735 -9.6226
0.5674 -0.3879 -9.5508
0.5794 -0.3759 -9.6489
0.6105 -0.3544 -9.7351
0.6010 -0.3424 -9.7950
0.6081 -0.3472 -9.8189
0.6034 -0.3687 -9.7950
0.5938 -0.3639 -9.7184
0.5531 -0.3783 -9.6370
0.5507 -0.3711 -9.6154
0.5698 -0.3544 -9.6465
0.6034 -0.3472 -9.7088
0.5962 -0.3687 -9.7591
0.6081 -0.3591 -9.7782
0.5938 -0.3472 -9.7902
0.5842 -0.3663 -9.7375
0.5770 -0.3520 -9.6465
0.5794 -0.3591 -9.6298
0.5818 -0.3591 -9.6681
0.5938 -0.3472 -9.7112
0.5986 -0.3472 -9.7543
0.6273 -0.3304 -9.7686
0.6201 -0.3256 -9.7567
0.5459 -0.3831 -9.6537
0.5339 -0.3591 -9.6609
0.5650 -0.3687 -9.7016
0.6153 -0.3184 -9.7208
0.6225 -0.3687 -9.7160
0.5986 -0.3687 -9.7160
0.5674 -0.3591 -9.6968
0.6058 -0.3663 -9.6130
0.6177 -0.3448 -9.6274
0.5986 -0.3352 -9.7232
0.5507 -0.3879 -9.7208
0.5363 -0.4046 -9.6537
0.6249 -0.4693 -9.8285
0.6153 -0.3927 -9.9793
0.5986 -0.3328 -9.8907
0.5914 -0.2610 -9.7040
0.5722 -0.3089 -9.5627
0.5531 -0.3903 -9.4765
0.5627 -0.4094 -9.5053
0.5890 -0.3639 -9.6657
0.6129 -0.3184 -9.8213
0.6201 -0.2801 -9.8740
0.5938 -0.3520 -9.7160
0.5842 -0.3711 -9.7040
0.5818 -0.4094 -9.6801
0.5986 -0.4094 -9.6417
0.5986 -0.3735 -9.6729
0.5459 -0.3639 -9.6920
~M195
-8.4600 5.3400 -37.3800
-8.7600 6.8400 -37.6800
-6.7800 7.8600 -36.6600
-5.6400 9.7800 -36.7800
-5.2200 12.7800 -37.6800
-4.8000 14.2800 -37.6200
-6.4200 13.8600 -37.1400
-7.9200 12.7200 -36.1200
-9.7200 11.8800 -36.1200
-10.2600 11.5200 -36.1800
-10.6800 11.8200 -36.4200
-9.6000 13.1400 -36.9000
-8.7600 14.8800 -37.0200
-8.5800 16.3800 -36.9000
-9.0600 17.5800 -36.5400
-8.8800 18.0000 -35.7600
-8.7000 17.6400 -36.9600
-8.2200 16.9800 -37.5000
-8.1000 16.5600 -37.3800
-8.1600 15.9000 -37.8000
-7.2600 15.3600 -38.1000
-6.3600 15.4200 -38.8800
-5.5200 14.8800 -39.5400
-5.4600 14.6400 -39.7200
-4.5000 14.3400 -39.0000
-4.2000 14.2200 -39.1800
-5.2800 13.3800 -40.0200
-6.7200 11.8800 -39.9000
-6.7200 10.8600 -40.2000
-7.3800 10.2000 -40.8000
-8.1600 8.6400 -40.6800
-9.3600 8.0400 -40.6800
-10.2600 7.5600 -40.8600
-11.4000 7.4400 -41.4600
-12.7200 5.7000 -41.9400
-14.1600 4.3800 -40.9200
-15.8400 3.0000 -40.3800
-16.8600 1.5000 -40.7400
-18.1800 0.2400 -40.5600
-18.5400 -0.4800 -40.2600
-18.9600 -1.9800 -39.9000
-18.0600 -4.1400 -39.3000
-17.6400 -6.3000 -39.0600
-17.4600 -8.2200 -38.7000
-16.6800 -9.3000 -38.7600
-16.0200 -10.4400 -40.2000
-15.4200 -12.6000 -41.0400
-14.8200 -13.6200 -40.6800
-13.0200 -15.7200 -39.6600
-11.3400 -17.2800 -38.8800
-10.6800 -18.0600 -38.4000
-8.7600 -18.7800 -37.0200
-8.2800 -18.3000 -35.7000
-11.5800 -13.1400 -36.3000
-19.7400 7.4400 -35.5800
-21.1200 13.5600 -35.4000
-15.1800 5.2800 -37.4400
-13.3800 -9.6600 -36.9000
-14.7000 -15.1800 -35.2800
-17.9400 -24.6600 -28.8000
-18.7200 -28.4400 -24.4200
-19.0800 -35.2800 -14.8200
-16.3200 -39.4200 -5.4000
-13.9200 -41.0400 -1.1400
-7.8600 -42.5400 7.2600
-4.0800 -42.7200 10.2600
4.3200 -42.1200 14.2800
10.4400 -41.0400 16.0800
12.6600 -39.5400 18.8400
12.5400 -39.4200 20.4600
11.9400 -38.8800 22.3200
12.0000 -36.9000 25.9800
13.2600 -32.9400 29.1600
14.4600 -29.2800 32.4000
15.2400 -25.0200 36.1200
15.3600 -22.2600 38.1000
13.3800 -15.6600 40.9800
11.2800 -7.5600 44.2200
9.3600 2.2200 46.5000
7.8600 7.5600 46.2600
3.8400 17.8800 42.3600
1.0200 25.5600 37.9200
0.7800 26.7600 37.8000
1.2000 24.0600 39.7200
1.6800 21.4200 41.9400
3.0000 20.2800 42.4200
3.5400 20.7600 41.2800
3.4200 22.8600 40.2000
3.0000 24.0600 39.1800
2.1600 25.3200 38.9400
2.1600 24.7200 40.0200
1.8600 24.4200 39.4200
1.6800 24.7200 38.7600
1.3200 24.8400 38.9400
1.2000 24.8400 39.4200
1.9800 24.3000 39.7200
2.4000 24.9000 39.6600
1.8000 25.0800 39.1800
1.7400 25.1400 38.6400
2.4000 25.0200 39.1200
3.4800 25.1400 39.2400
3.4200 24.9600 40.3800
3.1800 25.1400 40.5600
2.2800 25.3800 40.0800
1.8600 25.5000 39.1800
1.0200 25.1400 38.5800
2.1600 24.7200 38.4000
2.5200 24.1800 38.9400
2.1000 24.4200 39.6000
1.5600 25.1400 38.9400
1.9800 25.6200 38.1000
2.0400 25.6200 38.4600
1.5000 25.3800 39.1800
2.1000 25.4400 38.8800
2.4000 25.4400 39.0600
1.6200 24.2400 38.7000
1.8000 24.6600 39.0600
1.8000 25.4400 38.5800
1.6800 25.1400 38.2800
2.2800 24.9600 38.2800
1.7400 24.7800 38.8800
1.5000 24.5400 38.7600
1.9200 24.9000 38.3400
1.9800 24.6000 38.5800
1.9800 25.0800 38.7600
1.5000 25.7400 39.0000
1.9200 25.3800 38.1600
1.6200 24.6600 38.4600
2.0400 24.4800 40.0200
2.2200 25.0200 40.0200
2.9400 24.6000 39.8400
2.2800 25.2000 38.9400
1.8600 25.2600 39.0000
1.5600 25.5600 38.8800
1.4400 25.3200 38.7600
0.9600 25.0200 38.4600
0.8400 25.3800 39.1800
1.8000 25.2600 39.7200
1.7400 25.2600 39.5400
2.2200 25.0200 39.9000
2.4600 24.9000 39.1800
2.1000 25.0800 38.9400
2.1600 25.0200 39.1200
2.0400 24.6000 39.3600
1.7400 24.6600 39.4200
1.6800 25.0200 39.3000
1.9800 25.5600 39.4200
2.1000 25.5000 39.7200
1.4400 24.9000 39.5400
0.4800 25.0200 39.5400
-0.2400 25.0800 39.4200
-1.7400 25.2000 38.8200
-2.2800 25.6800 38.5200
-3.9600 25.6200 38.2200
-5.7000 25.5000 38.0400
-8.4600 25.9800 36.9000
-9.9600 25.9200 36.3000
-11.2800 26.0400 35.1000
-15.3600 25.6800 32.8800
-20.1000 25.4400 30.4200
-24.1200 25.3800 27.1200
-29.1000 24.4200 22.5000
-33.3000 22.9800 18.1800
-36.7800 20.1600 13.7400
-38.3400 18.3000 10.9800
-40.6800 16.3800 4.5600
-41.4000 16.1400 0.7800
-41.5200 14.7600 -6.3600
-40.2600 12.4200 -13.1400
-37.5000 10.3800 -21.3600
-34.9800 9.0600 -25.3200
-29.6400 5.5800 -31.9200
-26.2200 4.0800 -35.7000
-22.6200 3.6000 -38.5200
-18.6000 3.0600 -40.5000
-17.2200 2.8800 -41.4000
-14.8200 3.4200 -42.3000
-12.4200 4.0200 -42.6600
-10.8000 4.5600 -43.3200
-9.7800 4.7400 -44.0400
-9.0600 5.8200 -44.1600
-8.4000 6.1800 -43.7400
-7.8000 7.2000 -43.8600
-7.6200 7.2000 -43.8600
-7.3200 7.3200 -44.1000
-7.1400 7.3800 -43.9800
-7.6200 7.3200 -43.5600
-8.3400 6.5400 -43.6200
-7.9800 6.4800 -43.8000
-6.7800 6.0000 -44.5200
-6.2400 5.5800 -44.7600
-5.6400 4.7400 -44.8800
-4.4400 5.1600 -45.0600
-4.0200 5.1000 -45.2400
-2.7000 4.0200 -45.4200
~G195
-0.3413 -1.3866 -0.6711
0.3398 -2.1954 -0.3913
1.1089 -2.8948 -0.1469
1.4070 -2.2742 -0.1952
1.4571 -1.9437 -0.3443
0.8377 -0.1850 -0.0865
0.0662 -0.1410 0.3265
-1.0181 -0.3768 0.5751
-1.8379 0.3886 0.5519
-2.2423 1.5053 0.1701
-2.4036 1.4515 -0.3204
-2.2783 0.7368 -0.5953
-1.7231 0.0874 -0.3522
-0.9784 -0.0573 0.1047
-0.1513 0.0129 0.5244
0.3282 0.0111 0.5879
0.4418 0.0844 0.4248
0.3875 0.2615 0.1560
0.2940 0.4692 -0.0633
0.2506 0.6653 -0.1842
0.2732 0.9683 -0.3058
0.3160 1.1125 -0.4182
0.3319 1.0160 -0.5391
0.3630 0.7606 -0.6686
0.4070 0.6971 -0.6766
0.3832 0.7484 -0.6894
0.3026 0.9182 -0.7328
0.1920 1.1277 -0.8110
0.1193 1.0996 -0.8348
0.1169 0.8345 -0.8012
0.3264 0.1241 -0.7151
0.6031 -0.2809 -0.7163
0.8102 -0.4685 -0.7401
0.9745 -0.7116 -0.6546
1.2537 -1.1673 -0.6228
1.2549 -1.2418 -0.8140
1.0753 -1.5790 -0.8409
1.0527 -1.6108 -0.8446
1.0270 -1.6309 -0.8720
1.0191 -1.6120 -0.8898
1.0106 -1.5882 -0.9026
1.0051 -1.5515 -0.9130
1.0026 -1.4776 -0.9289
1.0044 -1.4538 -0.9344
1.0093 -1.2852 -0.9557
1.0222 -1.1697 -0.9649
1.0393 -1.0292 -0.9734
1.0680 -0.8417 -0.9814
1.0942 -0.6859 -0.9832
1.1236 -0.5063 -0.9881
1.1566 -0.3145 -0.9893
1.2060 -0.0634 -0.9869
1.2476 0.1345 -0.9802
1.2946 0.3391 -0.9728
1.3600 0.5798 -0.9631
1.4168 0.7924 -0.9496
1.4870 0.9964 -0.9350
1.5506 1.1583 -0.9191
1.6196 1.3122 -0.9032
1.7124 1.5120 -0.8757
1.7839 1.6653 -0.8464
1.8291 1.7771 -0.8213
1.8487 1.8229 -0.8116
1.9324 2.0220 -0.7535
1.9452 2.1033 -0.7248
1.9574 2.1778 -0.6906
1.9556 2.2420 -0.6576
1.9556 2.2951 -0.6234
1.4504 1.6170 -0.5764
-20.0130 -19.9642 8.0283
-20.0130 -3.7769 16.6060
16.4764 11.9608 -3.2862
19.2033 7.4551 -2.8836
16.5949 1.6488 -2.0553
13.1136 -3.7329 -2.1066
11.0080 -6.4568 -2.4921
10.5816 -6.9540 -2.8708
10.1711 -7.4164 -3.4536
9.7355 -7.9112 -4.1353
9.2505 -8.3993 -4.7645
8.6732 -8.9192 -5.4077
7.9836 -9.4549 -6.0406
7.3550 -9.8953 -6.5421
6.2695 -10.5441 -7.2513
4.7405 -11.3247 -7.7052
3.5701 -11.8324 -7.0668
2.9873 -11.6455 -4.9312
3.6617 -10.0089 -2.0987
5.5517 -6.8428 1.2122
6.2652 -5.1825 2.8096
6.2298 -4.8068 2.6087
6.2273 -4.6248 2.3307
6.3239 -4.3169 2.0057
6.4063 -4.1104 1.7388
6.4845 -3.9412 1.5109
6.6488 -3.6034 1.2990
7.0416 -2.8875 1.1511
7.6055 -1.9681 1.1108
8.7692 -0.1758 1.1145
9.5798 1.0508 1.1359
10.2255 2.0538 1.2183
10.5065 2.5712 1.3485
10.5920 2.8498 1.5238
10.5920 3.0349 1.7370
10.6830 3.1937 2.0308
11.0733 3.1051 2.2635
13.6292 1.2707 2.8255
6.6238 -2.1367 1.2733
-6.2966 0.2432 -0.4615
-2.8837 0.6109 -0.1421
-1.3541 0.0606 -0.0504
-1.2704 -0.1087 -0.0529
-1.2655 -0.1435 -0.0517
-1.1996 -0.2015 -0.0449
-0.6614 -0.5014 0.0076
1.7558 -0.8521 0.2275
3.4882 -0.6743 0.3149
4.8517 1.0367 0.2440
-0.7035 0.7209 -0.0254
-2.8678 -0.1991 -0.0718
-0.5294 -0.0824 -0.0437
1.0106 -0.2064 0.0052
1.0820 -0.0567 0.0449
0.0588 0.1442 0.0009
-0.7652 0.1216 -0.0236
-0.5826 0.1296 -0.0181
0.4767 -0.0262 0.0174
0.3600 -0.1019 0.0100
-0.2405 -0.0268 -0.0089
-0.2326 0.0887 -0.0071
0.0924 0.0117 0.0039
0.1242 -0.0641 0.0033
-0.0395 0.0141 -0.0016
-0.0469 0.0221 -0.0009
0.0142 -0.0170 0.0009
0.0008 0.0099 0.0003
-0.0004 0.0037 -0.0040
0.0020 -0.0103 -0.0016
-0.0120 0.0050 0.0003
0.0106 -0.0024 0.0009
0.0045 0.0007 0.0003
-0.0084 0.0007 -0.0016
0.0032 0.0007 -0.0016
0.0008 -0.0005 -0.0028
0.0002 -0.0011 -0.0003
0.0008 -0.0017 -0.0028
0.0020 0.0007 -0.0003
0.0014 0.0013 0.0003
-0.0004 -0.0017 -0.0009
0.0002 -0.0017 -0.0003
-0.0035 0.0013 0.0009
0.0008 -0.0024 0.0009
-0.0010 -0.0030 0.0033
0.0008 -0.0017 -0.0016
-0.0010 -0.0005 0.0021
0.0026 0.0001 0.0021
0.0014 -0.0011 0.0003
-0.0023 -0.0017 -0.0016
0.0002 -0.0017 -0.0022
0.0002 -0.0024 -0.0003
0.0002 -0.0011 -0.0022
0.0002 0.0013 -0.0003
0.0002 -0.0017 0.0021
0.0002 -0.0011 0.0015
-0.0023 0.0001 0.0009
-0.0023 0.0044 0.0027
-0.0023 -0.0005 0.0015
-0.0023 -0.0011 0.0003
0.0014 -0.0005 0.0009
0.0002 0.0013 0.0015
0.0020 0.0019 0.0009
0.0002 0.0025 0.0021
0.0014 0.0007 0.0009
-0.0004 -0.0036 0.0027
0.0014 0.0007 0.0003
-0.0023 0.0044 0.0003
-0.0053 -0.0017 0.0015
-0.0016 -0.0011 0.0033
-0.0023 0.0007 0.0009
-0.0029 0.0019 0.0009
-0.0004 0.0019 0.0027
-0.0035 -0.0085 0.0015
0.0026 -0.0030 -0.0009
0.0020 -0.0054 0.0003
-0.0029 -0.0030 0.0009
0.0002 0.0037 0.0009
0.0008 -0.0024 0.0015
-0.0041 -0.0017 0.0003
-0.0029 0.0013 0.0045
-0.0016 -0.0042 0.0015
-0.0035 -0.0030 0.0021
0.0032 -0.0017 0.0021
0.0008 -0.0011 0.0027
0.0026 0.0007 0.0039
0.0014 -0.0060 0.0015
